-0.416587611676592
0.358594728792696
0.273139473732737
0.165115709595277
-0.424321014962965
0.00705742642842043
-0.0125954488746649
-0.258409646016713
0.414115438555005
-0.163311622653323
0.161092900351821
-0.253923236522561
-0.00806148281553971
0.492176069812387
-0.238615310823075
1.3354869351629
-1.18968177154238
0.00692734597678234
0.918234838965663
0.423621313342852
-0.271577628250021
0.84646031120817
-0.424039350085246
-0.257461636602897
0.000426974457932621
0.00021411914747923
0.244826695988361
-1.10949739123988
-0.00111604574429542
-0.0770611510294573
1.33802281083528
0.152597486628347
-1.34209765489497
-0.249032342012599
0.245234053262737
-0.0319727971330278
-0.00902471604114596
-0.0754051983281943
-0.181091707014384
-0.080498757077615
-0.00709203050448381
-0.245038075669296
0.40753931025188
0.517711301687656
-0.0169954439882154
-0.65830128697554
0.000471736410597499
-0.832723446657536
-0.00752618101056375
-0.0854068149957312
-0.427324085628623
-0.247217039062543
-0.0799936329656017
-0.168833794217264
0.254784282789528
0.00517029937535686
-0.0
0.00377491421085791
-0.00890230528235775
0.00351979189051718
0.242803144165157
-0.244123851595649
0.249097955099508
0.16542397060668
-0.659322597551474
0.486183640650449
-0.0786443303985693
-0.160113428953909
0.242175462392602
0.00768881315042625
-0.25116877756522
-0.0
-0.414794666440005
-0.000644648094242889
0.0211591015797391
-0.167196389057067
0.00313704321998128
0.417714825756321
-0.417714825756321
-0.00090186520577607
0.00759706756374152
0.00327150676790846
0.186291399745194
-0.421817227953014
0.655470520781641
0.41833668255288
-0.41833668255288
-0.00157532445321225
-0.248682256878533
0.247492884339293
0.00619489281844206
-0.00105787520528551
-0.0126934539308583
-0.43274925485807
0.00752618101056375
0.243931459278368
-0.00472510255734667
-0.171561051483482
0.167044031071831
0.835995437495714
-0.832723446657536
-0.251790363662301
0.244800671845286
0.423803003000787
-0.0078776171893559
0.00968838861810364
-0.001126630429144
0.653715106006315
0.416090397779118
0.239746328683324
0.0147679632554829
0.411749481634066
0.174186260936166
-0.416361723328768
-0.247425881297971
0.416361723328768
-0.416361723328768
0.403284441025852
-0.0
-0.0
-0.508916767273831
0.908498018799927
-0.410963603093694
-0.000521684979363822
0.42020136559915
-0.670963285477724
0.0139526987723691
0.00211464430427952
0.000344042859984832
-0.000794391598433186
0.00456384550046095
0.0026205765120526
-0.00110177959538461
-0.160598689183627
-0.00512534961893061
0.412664659870811
-0.40753931025188
0.00597016238057191
-0.00644534188820445
0.413695970888792
-0.660309670169785
0.247061837301984
-0.250520215145455
0.250915755044932
-0.00158289148679192
-0.0
0.24789051475153
0.490234475187391
-0.483359911454659
0.495629082435573
-0.248203201137602
0.245233311991063
0.419116506936369
-0.672659552411351
0.241943605831746
-0.00803375374449551
-0.00474160476803073
-0.222616873886216
0.601200613309763
-0.594396074759536
-0.00352726130151088
-0.000222826397781356
0.0108743702928046
-0.00558747128052673
-0.00259468651827114
-0.243801537549563
0.231048414632815
0.00762777329781682
0.00859611418132411
0.652328647505426
-0.646764405440646
0.241406542181698
-0.0170008469292449
0.00391389893956834
-0.0035719403221239
-0.172492363578771
-0.661162395174054
-0.00391389893956835
0.249098151168294
-0.0042974793230075
-0.0
0.246326759019021
-0.39921010799562
-0.24760663891751
-0.0029147646438446
0.239613517197035
-0.0
-0.00440406400393417
-0.0
0.422335802122848
-0.256235807125523
0.243047217146044
-0.483162499684134
-0.0
0.00843443287881382
0.00228917989498049
-0.406871877974483
-0.249777685810279
-0.40753931025188
-0.00241531991602788
0.0109358349618893
-0.00161351655137912
0.00539924720423898
-0.081479346959095
0.0778735476249305
-0.00978839309592604
-0.00353451020244492
0.432890804979848
-0.41995858992277
-0.00769782301586272
0.00724632815228854
0.237453464751306
-0.24316804370702
0.00751586268837727
0.00342369559005702
0.256730554816063
0.406564120370441
-0.40370543185538
0.161078357057086
0.253130748588833
-0.015790208881248
0.417835260493225
-0.173095854162998
0.00568529801652781
0.249746760035973
-0.654937435517782
-0.170076830187976
-0.0
-0.246121379275779
0.249916336334098
0.229575588142442
0.191803427833728
0.234667714709072
-0.00446500707526441
0.00965216172351594
-0.00940559570654122
0.246098810819761
0.165797905433743
-0.165121085184105
0.41463595651495
0.00179925463528882
0.00158289148679193
-0.00238299335511593
0.00275478360760063
0.00462790425156806
-0.0174921070732014
0.0101094192140327
0.0113342759174968
0.243479964414794
0.842775640259407
-1.07615549645399
0.234308055649889
0.418632983049069
-0.415829180004098
-0.242175462392602
0.239613517197035
-0.0
0.17547495042305
0.0795490580002808
-0.241457947760247
0.659889139465371
-0.495761527403904
-0.168151294569838
-0.491938734087468
0.490527558716866
0.415435508302474
-0.417712839943066
-0.249438083855322
0.00942713059460525
0.00125032731513613
0.00678773326925235
-0.252218747751678
0.242627006343269
0.00118937253924005
-0.00179363782581509
-0.0029147646438446
0.0029147646438446
0.237843496189785
0.00944165287033805
-0.00512463445771203
0.0147515868476056
0.00543998611330257
0.0103230324685472
-0.250350920937082
-0.00978739738827237
-0.00955554240229568
-0.165351958493856
0.17676756307982
-0.191265159304298
0.0142148844280357
0.00210557782646372
-0.000530253373251449
-0.24882212525583
0.664638724279756
-0.00619240124110696
-0.413741146816715
0.00428583996355195
-0.425624399783741
-0.00744235079277977
0.00093147461136725
-0.175790476778092
-0.00193278883980106
0.00578328945548926
-0.255395238940918
0.658529781634068
-0.39993498976481
-0.0
-0.240886772905718
-0.00259319150907594
-0.00493372048545504
-0.240290337446672
-0.0168783800956004
0.42783402669751
0.667353753001071
-0.242175462392602
0.00130450202219207
0.247109182878057
-0.00225302674124007
-0.00383076595377939
0.399711091927843
-0.401193971512844
0.417257999787461
0.000717253269894594
-0.00260678984672984
0.00260678984672983
-0.0133769037823572
0.0133769037823572
-0.172881758913974
-0.240012643710077
-0.0
0.170838903910495
-0.650591661123988
0.00404191289958483
0.00563310223284437
0.398377278411199
-0.242175462392602
-0.00130450202219206
0.00326366651790401
0.00100773817019052
0.240886772905718
0.00450009243556392
0.586078344249038
0.245351779980982
-0.429859037409209
0.00543998611330257
0.175209056513913
0.00805903609314569
-0.00805903609314569
-0.00732491247117985
-0.232802822343036
0.237047178263505
-0.243705852762617
0.243705852762617
0.41958552940393
0.435174937911763
-0.226854379783271
-0.243511982358402
0.244415702513554
-0.0121359482591157
0.417990759466371
-0.409171111903619
0.00267157112227101
0.415528717844269
-0.409984943597569
-0.00842797428044438
-0.252898474592652
-0.0133686508886321
0.0134872792694262
0.829559199856657
-0.841975880386357
-0.00534492900100413
-0.000794391598433186
0.247434891163407
-0.0
-0.0128668999651441
0.252485771326708
-0.0104350256796345
0.834992843353893
-0.0
0.00584205190439364
-0.00751576070990837
0.00177236275504045
0.420685784080125
-0.00432406075135736
-0.414386764104656
-0.424523884320917
0.172283199056469
0.249867218901535
-0.00449157037761559
0.242193895719636
0.172881758913974
-0.00577917335526162
-0.249957333451914
0.420378133922757
-0.170635474140212
-0.000397937760716969
-0.0
0.419245923362512
-0.419245923362512
-0.0
-0.423926841781182
0.252111270605167
-0.00130450202219206
0.00665478961200442
0.240855663222039
-0.242482042008679
0.897988483722109
-0.403962107506727
0.00619008226750579
-0.0106151147923146
-0.0
-0.00402343518569805
0.00439855896210772
-0.235501421210946
-0.00246938609622537
-0.404634497435377
0.398477664532731
-0.0798964554723031
-0.237123585476982
0.00104409260005975
0.00230252233600099
-0.00156733424739896
0.000797308821044176
-0.00185518402632965
-0.0
-0.421675368867549
-0.411896716253504
-0.0
-0.00192348813034753
-0.0
-0.0
0.832723446657536
-0.246640469467866
0.247348553074233
-0.000708083606366606
-0.247603668739473
-0.240065012060609
-0.421351265308641
-0.236357608509205
-0.931130569220139
0.166784031101222
0.0741027418044962
0.425475026289575
-0.0142345864854298
0.414370682792988
-0.245668444769652
-0.429308272132655
0.00600207181601743
-0.0131611743009058
-0.0
-0.00774286599625054
0.240407908795468
-0.500932128960971
0.499011106933394
-0.00254280229599584
-0.171531697299584
-0.0
0.00526964083483036
-0.0
0.835822573787774
-0.834958983416381
-0.498208362341852
0.252452117613535
0.657652960981821
-0.0
-0.0299015137056302
-0.25334632114818
-0.00652912331367235
0.00437424668915921
-0.00249547718405626
0.416361723328768
-0.423887904339332
-0.483201793109153
0.90294696511623
-0.412545617075154
-0.421991116037545
0.00774286599625053
0.262197419869353
-0.000995937783814141
-0.00644534188820445
0.160408558480009
0.0112419814525389
0.000926215026293752
0.243479964414794
0.000530253373251458
-0.83317494152111
0.00118937253924005
-0.0034444512451588
-0.408742976306778
0.418384631176141
-0.00506360369774178
0.248177534208619
0.401622870787141
-0.645102835201935
-0.00530571849620023
-0.0070606492843029
0.424224857769038
-0.404657885130058
-0.0121019338695877
-0.0
0.00394161161724313
-0.414957788961269
-0.00118328321270331
-0.249199922563672
-0.00928388352272879
-0.164904216372983
0.164904216372983
0.0814113993937435
-0.233449826686105
-0.0203324564022935
0.0074195488278141
0.424438471023553
-0.42698233852015
-0.00416466783671831
0.00223025854697675
-0.491964413723839
0.489601343690573
-0.0025117826875808
-0.012780749627102
-0.228106023278616
0.640014166508802
-0.389357495149625
0.184693059857273
0.0110443366368417
-0.65866745301981
0.242305729691042
-0.244676977147274
0.415118252066546
-0.176948518166401
-0.00814990570976932
0.255291265358092
-0.829709987542887
-0.00569554731834978
0.414391171359691
-0.416740300403672
-0.000763959069177252
-0.00504280224131919
-0.401219119150286
0.16533635600524
-0.175900903027303
-0.237769047414393
-0.247587940355711
0.242175462392602
-0.00306876488072436
0.0109563944176468
-0.00165484801986449
0.00211347328747343
0.015997219320477
-0.159748496622088
-0.0826207354237306
-0.243479964414794
0.0100135684870044
0.411406745963266
-0.420422361972808
-0.00131349438750846
-0.414694283631093
-0.00343105634495647
0.243479964414794
-0.000791434778523079
-0.0732396203618045
0.000794391598433175
-0.417156114927201
-0.00611154146722297
-0.416361723328768
-0.00321715606581707
0.420636754599871
-0.412359085450447
-0.00220519317060492
-0.00391389893956835
0.167096044408217
-0.160650702520013
0.238355329957082
0.00839136734495879
0.00976989845345985
0.00232534234089833
-0.415486218358689
-0.238355329957082
0.238355329957082
0.00518715464825153
-0.0155299654122799
0.0139694388384359
0.00644534188820445
-0.00061255071290076
0.248412954957881
0.58792277481225
-0.831402739227044
0.411896716253504
-0.0
0.00592972548511804
0.240491351713426
0.00430932013186046
0.0570228712558063
-0.225016930535033
0.235966910386682
-0.482088289662461
0.42056078044321
0.423111469301809
-0.423111469301809
0.414910175368153
0.407860457655058
-0.654505560063556
0.237926108112555
-0.00548183540261582
-0.40301898375698
-0.00026545726887189
0.00988064118566033
-0.174784857558644
-0.00166860782943459
0.664785465848923
-0.00117945915438837
-0.0
0.414115438555005
0.419276487972613
-0.002182462349474
0.0116154150774091
-0.0192220073054462
-0.238885583330333
-0.254123715885469
0.251239515851725
-0.412200365402326
0.416361723328768
-0.014334461866976
-0.0230242408527372
0.00402343518569803
-0.00774286599625054
0.00774286599625053
0.405399361028913
-0.164029036120514
0.244868785840357
0.244958446198039
-0.014334461866976
0.00975586353576991
-0.000332238830710828
-0.403510329373675
-0.0028465002659307
-0.0
0.172881758913974
-0.169739197681519
-0.67000671739568
-0.239759525982478
0.00101738174414139
-0.42154887797702
0.411896716253504
0.00137657366314078
0.0074412796720186
-0.0074412796720186
-0.242175462392602
-0.00146794195201616
-0.00648950410116516
0.00622058978692165
-0.00269221249400674
-0.00474301253855368
-0.00145188027988838
0.00365740766691446
-0.25025733414749
0.492096820874629
-0.00249547718405626
0.000130049656520448
-0.00236558641536584
-0.0
0.00424435592046881
0.243954684577513
-9.36514380092936e-05
0.410923700534862
-0.402490049427419
-0.00192102202757719
0.243479964414794
0.000530253373251458
0.404455436581485
0.0157508808553986
-0.250093262816373
-0.408045991864332
0.0084672861706155
-0.165775336977725
-0.402472564782536
-0.41045433728307
0.00187098476709419
-0.0
0.00026545726887189
0.6567137822409
0.488620765464763
-0.00342459941069591
0.175692679045283
-0.415096348576197
-0.423721593519371
0.424837836835513
0.66967858297533
0.00179925463528882
-0.0
-0.241859801970797
0.00126718521557916
1.07585650433702
-0.832723446657536
-0.248220535848314
-0.0
-0.421592458867545
0.168007512411809
-0.16841675183871
-0.00681991273114937
0.00541024182790084
0.164866850866274
-0.416610915739062
-0.0
0.00622058978692165
0.248328052577737
0.834930769840026
-0.842372049512045
-0.0
0.0095271687111537
0.015997219320477
-0.242175462392602
0.406325576055207
0.240285308430109
0.00135111661429823
0.418285211459116
-0.42002658801502
-0.240118425414893
0.241859801970797
0.160307198607126
-0.489601343690573
-0.171847165849112
0.000556725015865047
-0.000794391598433186
0.416361723328768
-0.0151677518159238
-0.00753869227972803
0.41978320360342
-0.411896716253504
-0.489601343690573
0.491053223970461
0.237445809115596
-0.232321174657884
-0.00253144294863609
0.493173168419627
0.408324891524449
-0.419422897264067
-0.241523176097944
-0.00151747262905249
0.404687526022596
-0.00026545726887189
-0.416361723328768
-0.0125175921141557
0.0222874905676156
-0.419894746974142
-0.00393185225013791
0.00860553415873245
0.244800671845286
0.0114536645667063
0.24034777022031
-0.243539312358974
-0.171349558261188
-0.489601343690573
0.499403550531499
-0.00174317074778059
-0.00805903609314569
0.388902009557104
0.407469351459424
-0.486843429674439
-0.168266020074496
0.418710534800685
-0.422074730189202
0.661229398215377
-0.413866246144712
0.00182492053331462
-0.000271743363381343
0.494661856774179
-0.00230859885720688
-0.00262520945268448
-0.000667188883201861
0.258462436294882
-0.0079592916341965
0.227812486221251
0.249463998169827
0.00109727836611008
-0.00659845085543574
0.674277227758466
-0.418926380624511
0.247080965663579
0.420310331373448
0.00719316851869185
0.243479964414794
-0.240886772905718
0.248204069378906
-0.244429155168048
0.415118252066546
-0.178006393371686
-0.00709203050448381
0.177727504644695
-0.176199716204992
0.00556424206478059
0.41662718059764
-0.0
0.171561051483482
-0.0141761677445389
-0.412223426705729
0.00530115666941557
-0.00302339561458172
-0.269261020732628
0.237123803594704
0.00767686825058237
0.000794391598433175
0.00451925394034763
-0.00531364553878081
-0.0
-0.159018509120242
-0.493624778876271
0.493624778876271
0.0056444524080059
-0.249484698447428
0.246792485953421
0.173777773769956
0.00365808918251673
-0.435591536908718
-0.0
0.00688267195854868
0.245488183857345
0.416644528835101
-0.00683692826441433
-0.241327258646127
0.238711651991259
-0.233174177967535
-0.236476222568982
-0.000530253373251449
0.172283199056469
-0.170047662297623
-0.0022355367588454
0.15589057767149
0.420676570962165
-0.696977306626219
-0.00382013243551996
0.00025313245517459
0.014334461866976
-0.00346168929774356
-0.00752088260770436
-0.00989555331220393
0.417146354348131
-0.415719288159328
0.187360334476243
-0.418439874102099
-0.0130318708560216
0.659841687743562
-0.416361723328768
-0.490263748206941
0.495637471936346
-0.00603612824577315
-0.0
0.417813603608656
-0.0
-0.0063628150625839
-0.0
0.00371670302966408
-0.171814949926323
0.00391389893956834
0.00064668861627938
-0.243356159001943
-0.0047114907671606
-0.243479964414794
-0.249257707334541
-0.241417026278969
0.417634979037451
-0.176748206131733
-0.00090186520577607
-0.00251186284060874
-0.00700783561224237
0.42534989375395
0.166627330998027
-0.177845547826615
0.169233272598963
-0.492070729786798
0.251024351404983
-0.903849593731867
0.489601343690573
0.40753931025188
-0.645894640208962
-0.0100762110873701
-0.476945071121308
0.220502441227665
0.422179832831585
0.00163314426510462
-0.243255195982551
-0.00262520945268448
0.00518715464825155
-0.00622058978692168
-0.492614802805222
-0.00105787520528551
-0.243479964414794
0.25618800167075
0.00606944669067386
-0.00484345475860902
-0.00664517646925349
-0.250237208076825
0.397084167355902
0.244800671845286
0.246514413294379
-0.00134569697559367
0.489601343690573
-0.00477516244410682
0.668548818382727
0.250844735340407
-0.428025909307807
-0.237527724011542
0.240980539409766
-0.424791783922369
0.00520347945738751
0.00834879988801551
0.243338325222222
-0.00360970539619353
0.842852912345035
-0.494935732958262
0.084830175957758
-0.249734392330741
-0.256587438360858
0.00265154136819216
0.00145742319477482
-0.0
0.00365740766691446
-0.247814130959936
0.657765151326614
-0.412964479481327
-0.0
-0.00300766971475586
0.00300766971475585
-0.00178710592012986
-0.00455243287672113
0.00201586529138797
-0.235833210750045
0.33972180686659
-0.346924347178393
-0.251394234166324
-0.228781006620593
-0.0184975696309735
-0.00179925463528882
0.00723924074859139
-0.247615448505904
0.23595487260568
0.180406850723088
-0.169761228411357
-0.242175462392602
0.905963067019341
0.00980220684092626
-0.00640191074055294
-0.000771337707113266
0.402256799796458
-0.405399361028913
-0.00839567776494036
0.00776579050639411
0.000982290025788276
-0.0151677518159238
0.489601343690573
-0.245546849067273
0.249873462188554
-0.00171374144909238
0.00701526040232743
-0.00322952974946753
-0.249068930704516
-0.17535154859209
-0.00624324892791953
0.419720772222944
0.227089565615029
0.00947001777965393
0.17547495042305
-0.174023070143162
0.00214069272609699
-0.414022598042078
0.00518715464825153
-0.248667119063045
0.417021350711216
0.0035719403221239
0.418338540880642
0.239743195737417
-0.243609642955177
0.252030634128301
-0.253351341558793
0.244800671845286
0.416361723328768
-0.0145536396912317
-0.00698795929111105
0.17218344731802
0.179882064924099
0.235202966860299
0.414115438555005
-0.657192766153383
0.243077327598378
-0.422150417958004
0.416361723328768
0.235594902137201
0.00411154443417961
-0.238355329957082
-0.00170968210352705
0.240065012060609
0.000794391598433175
0.00419537605685364
-0.24245777663959
0.242885023964943
-0.239154269912954
0.508125332793703
0.181659421291375
-0.000283837144521971
-0.427053605265712
0.000543714983631235
0.172111060460967
-0.167529425825668
0.00478853916563595
-0.0051304848075065
0.241536883615631
-0.234547191798617
-0.160728421452255
-0.253071356680946
0.255763034145141
0.402271917096927
