0.296586075405121
-1.66720340533134
-0.701552413011352
0.345089565652839
0.302091807371081
-0.00502447588021546
0.00896722476856271
0.675477893991057
-0.294826032371431
-0.350926934245143
0.352506535081491
0.636386488105649
0.00997351021633022
-1.27413468664072
0.641524940565143
-1.87408535125917
2.25978931178836
-0.00493186618766363
-1.57349078049271
-0.296787877366328
0.702340270216836
-0.623378199314501
0.301891278410735
0.648229700220087
-0.000303980903961146
-0.000152440341095058
-0.60493816108774
1.29582168499231
-0.00205303439256559
0.96385362645503
-1.87523270037264
0.381189051708833
1.87681098559669
0.63100756702794
-0.630200296559684
0.076679791007853
0.00547242405103604
0.955231939980159
-0.308022484577341
0.963692295476163
0.00504911196353861
0.643885476023589
-0.290144212677045
-1.32188952364248
0.023687088592696
0.924280068236712
0.0141721670519721
0.592850512160014
0.00535820179512332
0.984757078441881
0.304229818483094
0.631227506406359
0.976711945592028
-0.351444948736059
-0.641607342333896
-0.00416854485716299
0.0
-0.0096386142850572
0.00657886802342883
-0.0025058864781166
-0.621203652607688
0.624575858913545
-0.639755077688697
0.339805611351092
0.925007181782569
-1.25203819684734
0.961893984170294
-0.34161653757044
-0.618354680642443
-0.019632102910755
0.641317612049862
0.0
0.291193104223516
0.000458951833731719
-0.0365936717466734
-0.329307904707454
-0.00223339175460837
-0.308102004465609
0.308102004465609
0.000642075410857895
-0.017737158764863
-0.00835324728072627
0.304879617188569
0.309523599004491
-0.914340166880836
-0.301467985298907
0.301467985298907
0.00112153910479377
0.63001127822471
-0.626974413674517
-0.0158176263297554
0.00270110802416233
0.0189514526202112
0.322022568598133
-0.00535820179512333
-0.622006947141342
0.000208328117755826
-0.328632459364957
0.319979915480162
-0.594203574599054
0.592850512160014
0.637947310879263
-0.625057715444964
-0.315425323509228
0.00705497663224533
-0.0116784796803146
0.000802095136883744
-0.914725400599425
-0.29986876159033
-0.612152292571421
-0.0136271340910877
-0.296906506368949
0.321929424562436
0.296425256080007
0.631760750247485
-0.296425256080007
0.296425256080007
-0.28711499402114
0.0
0.0
1.27458030399988
-1.54834542474627
0.292582109403988
-0.0117271702772678
-0.287060277821231
0.918909050245725
-0.0145400406502612
-0.00871252429556058
0.00407896156931659
0.0020283465479994
0.00180614757206995
0.00153062149314359
-0.013828461029369
-0.336437021768044
0.00364894991101623
-0.293793162588061
0.290144212677045
-0.0152438146117269
0.016457106287882
-0.294527395865221
0.913668860149473
-0.619460512410409
0.626697756924564
-0.634657543366023
0.00404164959627537
0.0
-0.624825563663255
-1.25492215470819
1.25002786639892
-1.27615555820535
0.64439480795787
-0.63193891521759
-0.303459136891414
0.927533891401287
-0.615816630205983
0.0168957925730083
-0.0091823845571327
0.603163533137556
0.0239299479917722
-0.0206361284246913
0.00445916685839389
0.000158639395321093
-0.0228084744758165
0.0130203854969567
0.00787139074930716
0.617139369195604
-0.614794609735172
0.00130419045058343
-0.0207327956142455
-0.912761918887315
0.908800503160247
-0.626233478799246
0.0181277364931271
-0.00999348862569783
0.0025430131190326
-0.327485442415501
0.921482971524972
0.00999348862569785
-0.63603061264971
0.0109728972047458
0.0
-0.628954324695232
0.264889305678783
0.632222284702709
0.00207514237633786
-0.611813180576429
0.0
0.012459514324402
0.0
-0.303051433739939
0.653849617520134
-0.623809357997281
1.24553134960549
0.0
-0.0125029657359898
-0.0058450393318502
0.272194517608733
0.630764270267806
0.290144212677045
0.00409254896006056
-0.0077856764860853
-0.0065294554586704
-0.00313677680829847
0.962471102638922
-0.956989260673642
0.0069687648203448
0.00323390511165211
-0.322957580067382
0.31786709619944
0.00064636205977192
-0.000324924057537224
-0.607958533746225
0.617575939093291
-0.0113749810764292
-0.00874183607327893
-0.655518683297013
-0.291594712528955
0.281807592969305
0.333805808596971
-0.612329501195658
0.0112417075079806
-0.302249409828155
-0.320577306442828
-0.0145164609355343
-0.64387205195903
0.905182764528921
-0.322482117415278
0.0
0.628429921750822
-0.645121132940837
-0.597796981261618
0.29556232545635
-0.599184898223832
0.00317882454492389
-0.0164233594134595
0.0240156210373686
-0.629618588132445
0.336372156597362
-0.336854013128781
-0.296155088229155
-0.00128096433013726
-0.00404164959627539
-0.00456472468646241
-0.00703388081140693
-0.0155415478569571
0.0297727453558386
-0.00719731668747453
-0.0289401845093419
-0.621685509139107
-0.605858348735147
1.21441367930696
-0.619625680344557
-0.285001717727766
0.299201785538113
0.618354680642443
-0.611813180576429
0.0
0.318638970739259
-0.961578445392913
0.616522626614496
-0.918231925282134
1.2617081432242
-0.32911687849721
1.26063067470147
-1.2524803665904
-0.294060320379537
0.297387172283988
0.625927342578535
-0.0108280657710418
0.00322633867212833
-0.000955736955931308
0.644829914808708
-0.604851449514905
-0.00303686455019293
-0.00160556941859667
0.00207514237633786
-0.00207514237633786
-0.613070252204995
-0.00601812349320046
0.0130848999820247
-0.0105022692142023
-0.0138900978759659
-0.00734939686229293
0.62417513016226
0.0165196393169916
0.0065711726680108
-0.334017350745521
0.321115025022718
-0.307397263231279
-0.0101201684031868
-0.00247545271782917
0.00135391361303537
0.629140501819375
-0.918249970601936
0.0117257277288058
0.297955877573151
-0.00282162737128544
0.31075308029222
0.00529851957079399
-0.00770595194439107
-0.323942985710627
0.00453170212943868
-0.00411736468982417
0.642267069000501
-0.917176764606977
0.266740170462781
0.0
0.615064226819267
0.00662128231984057
0.0125974329728619
0.612295037107848
0.0218655434667153
-0.314670556494694
-0.92637364062663
0.618354680642443
-0.00333082849666376
-0.630952113615305
0.0135682499338604
-0.00725613203293799
-0.264803061379189
0.285626701687813
-0.302850038718299
0.003126030989347
0.000879478141572995
-0.000879478141573002
-0.0039504337318091
0.0039504337318091
-0.3252602530591
0.602990175844419
0.0
0.338698169688569
0.906750204666549
-0.0103203509369399
-0.014383187701196
-0.266750491377173
0.618354680642443
0.00333082849666374
-0.00419693842861768
-0.0025730914612198
-0.615064226819267
-0.0205231889000547
0.0369166493230175
-0.61824305136419
0.306034556259428
-0.0138900978759659
0.315181596440158
-0.0205774054911653
0.0205774054911653
0.0110015964265806
0.595645105256778
-0.598666839052481
0.621846328464221
-0.621846328464221
-0.312878534445838
-0.316531892070788
0.602729419117769
0.621767261621788
-0.624074760417943
0.0151382287369157
-0.300981353853352
0.290585780559865
-0.00309644593091193
-0.298434605490017
0.284279501913442
0.0215194276627346
0.618954479677028
0.0155418248179051
-0.019153739361824
-0.581046169660483
0.599437705179348
0.00380527762058726
0.0020283465479994
-0.612775009396502
0.0
0.00916048210827487
-0.627642981685939
0.00742912949479903
-0.590829516736818
0.0
-0.0174046407470791
0.00101287518799317
0.0144833131395276
-0.311602314612237
0.0151770585322297
0.291382526861108
0.288533928084437
0.318566749041346
-0.637994298928587
0.00945901299572705
-0.604543100018955
0.3252602530591
0.00736570799594152
0.625477683935108
-0.289848246877726
-0.326859476767677
0.00101606774903066
0.0
-0.303789580166167
0.303789580166167
0.0
0.315741525195171
-0.635096474084241
0.00333082849666374
-0.0023357227944096
-0.635562291813862
0.613855402889915
-1.5541086895288
0.292694675592195
-0.0158053433896981
0.0271039264363766
0.0
0.00286445112126725
-0.0124499040246532
0.611962929878473
0.00175805883423156
0.286667741968091
-0.274841691375371
0.958429453042647
0.608700083095125
-0.00509930414791411
0.00271670955806593
0.00400192677835869
-0.0102576220436507
0.0129587300678129
0.0
0.309992764355694
0.293246431535083
0.0
0.00904759643991792
0.0
0.0
-0.592850512160014
0.621533505187367
-0.628298896334101
0.00676539114673393
0.629726765963593
0.612134618578664
0.30392788037262
0.610773602142905
1.58020361226125
0.339240440102544
-0.95430466692181
-0.30917467303879
0.011105753567282
-0.294031347230933
0.618468498219205
0.318429945622255
-0.00427312496655388
0.0280287311733884
0.0
0.00551246886332878
-0.613841527124428
1.25964507502936
-1.25681463334448
0.00156576892019932
-0.335539804824348
0.0
-0.0167682821035671
0.0
-0.59173066388464
0.598558582684266
1.25624312602817
-0.635339137268867
-0.914150420294385
0.0
-0.690336479157738
0.632826278296099
0.0142227298872947
-0.00335338822509244
0.00637178507662364
-0.296425256080007
0.301783457875131
1.24555932423169
-1.55301052353849
0.297969565093993
0.300677613229751
-0.00551246886332877
-0.632486752623274
0.00254296114133877
0.016457106287882
0.352317515756444
-0.00946642100201629
-0.00236493570047005
-0.621685509139107
-0.00135391361303539
0.593171950162249
-0.00303686455019293
0.00485434749678865
0.293433092351782
-0.297865448449012
0.012929068108234
-0.622627805608997
-0.290527203858765
0.912212712997872
0.00377736202874419
0.0207719023854047
-0.302023349058905
0.29062185463388
0.0288257032548167
0.0
-0.0133528387119107
0.29202941763433
0.0042387476964566
0.625757785633432
0.0237048492613675
-0.333371737597682
0.333371737597682
-0.959508004731475
0.605108177019769
0.0167923382523345
-0.01451836780502
-0.302175429233723
0.303986514479705
0.0106337852097541
-0.0122882162702822
1.2627427591552
-1.25011543088993
-0.0042358825909021
0.00739362345568502
0.607670603363581
-0.899219645601408
0.25920961139764
0.316851295869751
-0.0155411084577592
0.910155134885989
-0.613729878805982
0.624741881649373
-0.293250259457134
-0.314876461101238
0.00775021998770095
-0.630094466328456
0.585156146553943
-0.0024947236154016
-0.290601943604066
0.302182865288643
0.000788452252271218
0.00334562302894821
0.274006658064308
0.328280663832709
-0.309121375424269
0.612844588160447
0.634249108933779
-0.618354680642443
-0.00241036934955556
-0.0120978462648925
0.00790461018485085
-0.00126011171358492
-0.0113890868635301
-0.350265705117566
0.980799398198997
0.621685509139107
-0.0255679782034846
-0.284184871619236
0.305577470822386
0.000935131373422156
0.293816081914514
-0.000461202246238474
-0.621685509139107
0.00202079680116226
0.953690174809922
-0.00202834654799937
0.298453602628007
-0.000244089938383799
0.296425256080007
-0.00444429260025693
-0.294682071503913
0.286205187364028
0.00156996888445072
0.00999348862569785
0.331811283909881
-0.348268390197763
-0.608600609157082
-0.00597416398943739
-0.0249458073845008
-0.00593737411042707
0.285088529220646
0.608600609157082
-0.608600609157082
-0.0132445348685356
0.0110564293409213
-0.0123475246256395
-0.016457106287882
-0.00125261050605991
-0.624778400485953
0.03220720328495
0.589478305854157
-0.293246431535083
0.0
-0.0237682025996213
-0.625106749778625
4.90343336602463e-05
-0.942144795546672
0.608540906167281
-0.617556399151084
1.24598632090191
-0.311283138659313
-0.321881434318422
0.321881434318422
-0.300940797141155
-0.286976531809215
0.916743693292247
-0.6201634271357
0.0143843493465314
0.286437193127953
0.000677800893186225
-0.0211925565985562
-0.312179180999126
-0.00975700883886637
-0.929073191566912
0.00591234170661316
0.0
-0.294826032371431
-0.298500398456345
0.00760656794627532
-0.0230644037173163
0.0308586025052533
0.609954522770118
0.637006120815562
-0.629641796729403
0.298057762923906
-0.296425256080007
0.0102053005634533
0.030094226665448
-0.00286445112126724
0.00551246886332878
-0.00551246886332877
-0.28862069367692
-0.339642378404484
-0.634657792018027
-0.615618458197016
0.0102053005634533
-0.00139664714687068
-0.00122625141111563
0.287275813346254
-0.0065905830395064
0.0
0.3252602530591
-0.333284259405969
0.940340508596237
0.603786374936247
-0.00259771472004101
0.309669790948543
-0.293246431535083
0.00551810146136207
-0.0190000674292208
0.0190000674292208
0.618354680642443
-0.00568963099850535
0.00699889721356412
-0.00442869701329609
0.00191669822955266
0.0121104920151071
0.00370713431464834
-0.00933858090952158
0.635677260684623
-1.25648721596655
0.00637178507662364
-0.000332060122982212
0.00604013064723411
0.0
-0.00302173379570296
-0.623729006837342
-0.0107859315241943
-0.280225211230588
0.28508664747314
0.00283044168488315
-0.621685509139107
-0.00135391361303539
-0.274246364105862
-0.0223899368516002
0.632794939124062
0.279328711821243
-0.00926413248929942
-0.335183490215739
0.283381316265315
0.293146258975842
0.000300354325056805
0.0
-0.000677800893186227
-0.922382020585065
-1.25088010247646
0.00390090106156111
0.31848396066272
0.289058042464679
0.309107799035438
-0.296708487648722
-0.936870078087955
-0.00128096433013726
0.0
0.613412404285006
-0.00323554625044546
-1.20951396268786
0.592850512160014
0.617940875714669
0.0
0.309781067489018
0.329484002274043
-0.328439077604024
0.0174135105068681
-0.00844692745296147
0.338749449259632
0.301197817448054
0.0
-0.00442869701329609
-0.634064294248487
-0.598486544019305
0.617486611448526
0.0
-0.0243260374424791
-0.0113890868635301
0.618354680642443
-0.29098562937739
-0.612291456741453
-0.000961916203980784
-0.305472852519925
0.299269866272809
0.619615390532121
-0.613412404285006
0.329437525131453
1.25011543088993
-0.315644073268635
0.00106643034401862
0.0020283465479994
-0.296425256080007
0.0107985543921937
0.00221143985265084
-0.293589216471436
0.293246431535083
1.25011543088993
-1.25382256520458
-0.619337505199731
0.606252605217706
0.00646361766218415
-1.26337178011188
-0.279990082313134
0.298604633330207
0.601853488376726
0.017117154460031
-0.28286265694494
0.000677800893186225
0.296425256080007
0.00672169460596213
-0.0316675019904629
0.307891544708036
0.015815854679096
-0.0181234240620771
-0.625057715444964
-0.0292450235269901
-0.605466146441941
0.614835623388805
-0.3169146313098
1.25011543088993
-1.27597511123985
0.00528227485875779
0.0205774054911653
-0.261808984651603
-0.28597790732303
1.2620823031428
-0.322403150257308
-0.297121068669411
0.300492583662504
-0.916696634952003
0.290053471003384
-0.00178743826651898
-0.0155516665988583
-1.26303660763007
-0.00836302656502935
0.00670303480252105
0.00985493135304458
-0.642508186386005
0.00566655129107335
-0.604387939151546
-0.627194836128737
-0.00731520337804773
0.0172558425716517
-0.923612946272317
0.296788356374625
-0.621847112779757
-0.310643658701186
-0.0183665569510599
-0.621685509139107
0.615064226819267
-0.633747723814139
0.624109109529082
-0.293250259457134
-0.312175353077075
0.00504911196353861
0.321810364804138
-0.322898061040609
-0.00396141572706804
-0.297103056973193
0.0
0.328632459364957
0.0320601915606254
0.284627872102
-0.00816839668162907
0.00771973680256531
0.650150241922451
-0.605456111845144
-0.0196016035998203
-0.00202834654799937
-0.0115391617276876
0.013567508275687
0.0
-0.33272797895463
1.2529798820112
-1.2529798820112
-0.002555734736439
0.623558430285852
-0.621641732056299
0.320496825460953
-0.454067996703182
0.757026448143539
0.0
-0.00813597961817437
-0.633695401936987
-0.304674591053744
0.0174569568351379
0.616188933743111
-0.611171105165571
0.598121587198179
0.611924172295118
0.00135391361303537
0.318566749041346
-0.324274819565597
0.00570807052425191
0.344564003743665
-0.307442500370614
1.77547909950518
0.00975407148536096
-0.000646331535545786
-0.0102053005634533
0.00388142900176068
-0.00176521407435838
0.007045056642508
-0.306650507470032
0.298049314129476
0.296513450310692
0.305867757801675
0.0138730826680593
-0.918110765219114
0.296425256080007
1.25180677042172
-1.26925264401209
0.0191372131221608
0.0
-0.300132390394656
0.0
0.00358762337148771
0.0
-0.00700204685121491
-0.326019758819679
-0.00999348862569783
0.0114079943243434
0.616822285653498
0.0226793074786751
0.621685509139107
0.640099263576439
0.616418140432302
-0.299676302322845
-0.315387924496422
0.000642075410857895
0.0226591411063796
-0.00618705849131982
-0.303516479331646
0.341229892337819
-0.324158264612007
0.33028970212595
1.25187348972416
-0.624899131331946
1.54528057525635
-1.25011543088993
-0.290144212677045
0.898744821834127
0.0110504075677899
1.24110490319932
-0.600006892711113
-0.311280829010533
0.00715929393890204
0.619060040809655
0.00670303480252105
-0.0132445348685356
0.00442869701329611
1.257809796496
0.00270110802416233
0.621685509139107
-0.633164829933284
-0.0154973205501873
0.011951005560653
0.0250889012538111
0.613969635312239
-0.282700760897866
-0.625057715444964
-0.629433468611647
-0.0132056586519019
-1.25011543088993
-0.00286163985646981
-0.94316303675121
-0.628232383486425
0.320022486279308
0.612672779976649
-0.615303643959603
0.31590097620892
-0.00710089288068484
-0.0229779561286233
-0.646857191344297
0.00524337990793396
-0.601281846928502
1.2596998909246
-0.971026886015508
0.637655148417826
0.643698717038747
-0.0109065590405479
-0.00103760028725536
0.0
-0.00933858090952158
0.632752081051036
-0.932994678237048
0.307936962792084
0.0
-0.0156255715979052
0.0156255715979052
-0.0112858153686282
0.0116238786118946
-0.0121485968784513
0.615619964531696
0.665947008106201
-0.65455794267784
0.620200363760581
0.592781807098867
0.0151171530072638
0.00128096433013726
-0.0151710622061031
0.632244778518409
-0.613925983629147
0.31750072754914
-0.333228007609115
0.618354680642443
-1.54654068696994
-0.0258596803499231
0.0171775909736365
0.00196948227882921
-0.280596687330051
0.28862069367692
0.00282156352079199
-0.0239649418400902
0.0125461074312431
0.0107985543921937
-1.25011543088993
0.6277790507857
-0.631824915454264
0.00437575316668255
-0.0240976228944539
0.014431390627485
0.63595600306553
-0.310732229893727
0.00975577092877667
-0.298816702922625
-0.607665025533193
0.00489584710475627
0.318638970739259
-0.322346105053908
0.00591869643041531
0.288025215315386
-0.0132445348685356
0.634930044007643
-0.306331331517108
-0.0025430131190326
-0.312899192095781
-0.627198514413295
0.637070842975974
-0.643518219140928
0.646890425446785
-0.625057715444964
-0.296425256080007
0.0213114008602518
0.00358494040953929
0.337164634234103
0.319891519895736
-0.608673126052281
-0.294826032371431
0.913822788424732
-0.618996756053301
0.319427549887241
-0.296425256080007
-0.606879903560352
-0.0026826218007112
0.608600609157082
0.00353400942158106
-0.612134618578664
-0.00202834654799937
-0.0127713656454362
0.623622630017884
-0.620166427857155
0.610640569177743
-1.28395418331668
0.307284892689861
-0.00326294639493145
0.317053857509692
-0.0140894037814264
0.337109156665571
-0.326668702795161
-0.000370302924254406
0.00896354779473603
0.921603263145462
-0.93449285857976
-0.336105772042147
0.62598952805614
-0.632862277848051
-0.271327578807119
