-0.242175462392602
0.242175462392602
-0.0
-0.0158027623944321
-0.00204705396895684
-0.0
0.240857305022904
0.00394336682238283
0.000391886387855222
-0.00282472025573715
-0.0180596668699093
0.0204925007377912
-0.249486061152483
0.249034566288909
-0.00555057695244329
0.00600207181601743
0.40970488821827
0.00441055033673584
-0.414109920542532
0.414640173915783
0.418077754729279
-0.83335985459444
0.00602903437794072
-0.00875167533521219
0.00335904889417569
-0.0
-0.00358078233571541
0.00358078233571541
-0.000451494863574153
0.000451494863574151
-0.0
0.000119301641603224
-0.246539119954674
0.40970488821827
0.0049408037099873
0.00342977284960356
-0.41807546477786
-0.014334461866976
0.422668163717289
-0.416410467128341
0.422728265139132
-0.240465238924938
-0.174955314655653
0.00287438154478914
-0.00210532782530228
-0.0
-0.0
0.0032984020956648
-0.00464951870996302
0.406750477643211
0.427324085628623
-0.832723446657536
-0.000676820249637328
-0.00246022297034398
0.00313704321998128
-0.0
0.00102522199414584
0.41309021656086
-0.41858044563027
0.00318499351827908
-0.00888795714443633
0.0101679707014216
-0.0
0.00304314247496614
0.411072296080039
-0.414115438555005
0.409774847010725
-0.656855812674304
0.244388753169572
0.000892957858717925
-0.243001417209998
0.244800671845286
-0.000225888347823553
-0.00335489398789186
0.00290396208607809
-0.00554376953728435
-0.00519277339565994
-0.00292109868439434
-0.420800062004414
-0.00274460235354094
0.000840064688251693
-0.245850144314808
0.249290170484595
-0.251697916773213
0.252115335375901
-0.00422240161890048
0.178595704670847
-0.178020120428543
0.423079782854888
-0.420319063597828
0.000303473892734055
0.00959207941946988
-0.00330415997904813
-0.413849981286134
-0.238450349789736
0.238373218181173
0.00380224421142903
0.00211456399911415
-0.248953577308084
0.248191951458709
-0.00135293814973964
0.00657034552511999
-0.00420475910975416
0.403033774613547
0.242827079670434
0.419715204433663
-0.412840640700932
-0.0124453995437129
0.00163355753766031
-0.667432582640496
0.425985384705803
-0.17484754201042
-0.0013128313386305
0.419319190360667
-0.666310790055299
0.423151973043683
-0.175835102449147
0.0128330102898342
-0.00434946207330658
-0.24235333398565
0.648879325443707
-0.403685619579821
-0.0184910313584123
0.0152019654561076
0.00946094259588724
0.841671498576169
-0.891482061195904
0.0524806303594007
0.839513796073699
-0.00311189769882464
-0.490659218895858
-0.0
0.496794512209265
-1.33639252259953
0.839598010390268
-0.425184136405656
0.925880575753232
-1.55441103534893
1.05371459600136
0.492743904923028
-0.438781840534089
-0.0539620643889386
0.495293561430961
0.00599982266822017
-0.00289640381034269
-1.09976046196047
-0.2124877747625
1.31052149559483
-1.54400361635827
0.684527828976401
0.864692544029743
-0.257086323963277
0.245595063443719
-0.436433670900067
-0.489601343690573
0.930047399485328
-1.10109861305371
1.09800557800968
0.000521795309753015
0.000777922355803973
-1.34298307561653
0.00289323930617056
1.33707637719571
-0.0
-0.910428074094605
0.913312274128349
-0.432438340188611
-0.0600472035357056
-0.0
-0.353159464303958
0.353159464303958
0.0665827852513061
0.428205713087518
-1.34495163942205
0.0360119379268362
-0.243646945310322
1.05779814846671
-0.386245547095069
-0.917239509172169
1.79827355460606
-0.494788498338824
-0.814034224713935
1.30482494094375
-1.33595956243106
1.33477018989182
-0.848620130920229
0.860193050217273
-0.0115729192970439
0.00940559570654122
-0.499006939397114
-0.397388095425477
0.455459963971358
-0.0580718685458807
-0.597270432175482
0.244038909994486
0.842832865871569
-0.239613517197035
0.240011454957752
0.00604740412748748
-1.30192769199956
1.29654022531664
-0.490659218895858
-0.0
0.491836880449418
-0.491836880449418
-0.81215635783426
0.81215635783426
0.0638176547370568
0.426446093469884
-0.23901773447345
-0.197283949344552
-1.30064639410585
0.380687543954838
-0.197550974772366
1.12179761403527
0.191717740477867
0.241031514380204
-0.0055901592283019
-0.491576302914685
-0.341087773308391
0.830689116998964
-0.847417778445705
-0.689533673749323
1.54599149253529
-0.680991423351797
0.182350039320961
0.0114536645667063
-0.252340437472424
-0.00391389893956835
-0.0
0.0113342759174968
-0.595954426068233
0.833845854520831
-0.00244414398578764
-0.500576647131016
-1.30356868958769
0.846474081270446
-0.240886772905718
0.246956219596392
0.966143113324832
-0.0139857798600021
-1.06144809937082
-0.304680074572874
0.565650354661141
-0.0324996215959399
0.298088362588867
-0.836820849886716
0.22666611728847
-0.5296587403581
0.887323987960633
-0.0
0.0539620643889385
0.190838607456348
-0.244800671845286
0.244800671845286
0.245330925218538
-1.3041323854613
0.628349335589375
0.675252796498669
-0.234667714709072
-0.2549336289815
0.252489484995713
-0.343122102966963
0.599257050729747
-0.0113342759174968
0.00391389893956834
-0.641168945724876
0.941286052349572
-0.4156993188124
0.853574134872879
-0.491836880449418
-0.349778938077462
0.407497970162675
-0.0577190320852133
-0.804126451504769
0.804126451504769
-0.806485822101506
0.446030077253881
0.854609521414919
-1.33826455305029
1.09153665778097
-0.602752989714375
-0.446933486297518
0.802260594713922
-0.813883712576666
-0.0393322348186615
1.3428172910859
-0.672124757473909
0.674230085299211
0.00434001406290217
-0.453393386061598
1.13947892411176
-1.14014740398184
0.292899384514815
0.255346278080296
0.59434588537252
-1.55873628628989
1.79821077749209
-0.00322388500632896
-1.09070644963285
0.4557824162167
0.183502084695409
-0.012443543208771
-0.860432229816122
-0.244967107414115
0.0134277302751952
0.246012614333017
0.413363005344783
0.000530253373251458
0.887307275210595
0.905963067019341
-0.43149072522915
0.43149072522915
-0.00493372048545504
-0.0
-0.83848960454981
-0.189850631370786
-0.844226998275509
0.42405211283775
-0.00725464166554811
0.696492001831321
0.183874084925722
0.423018558439267
0.500696439347576
-0.500696439347576
0.499006939397114
-0.499006939397114
0.330766925132536
-1.14478443246108
1.06526352106204
-1.55573212588232
1.37974212111102
-0.246445146828026
-1.13249657342356
0.953208663107158
0.350477048182244
-0.0
0.0560673922142407
-0.593433406304569
0.784791895388299
0.00382013243551996
-0.251246013733491
0.496421256421722
-0.496421256421722
-1.04750062064172
0.160511181525675
0.0345825472042975
1.37401242450064
0.248807905800038
-0.248193207421388
0.454694614852408
0.645456352724354
0.239878974465907
-0.489866800959445
0.334847220408052
-0.722632769172595
-0.660698944002971
0.452452702587515
0.239865127076008
0.000129792349184166
0.178225976155642
0.177810894599165
-0.88698943911605
0.88698943911605
-0.392241801679222
0.392241801679222
0.252489484995713
-0.424879941642835
0.859095729992793
-0.686705273345671
-1.05689377258732
0.623297719532866
0.044546632495271
-0.914535991051814
2.44583752245455
-1.14225211084355
0.501768538324499
-1.80530377922565
1.80399196068617
-0.500456719785024
0.924737793420131
0.00423624091562098
0.0198571890751485
0.244938399090723
-1.18505354497553
0.418608008102531
0.491315085139665
-0.918639170768288
-0.10952657787482
0.180660897755821
0.855682165261973
-1.80324494636131
1.37631886266872
-0.0725663158217573
-0.88698943911605
0.832723446657536
-0.0
-0.537622413478779
-0.765795708270235
1.30341812174901
-0.0
-0.806955965347694
-0.0458559067981042
0.46708937991218
-0.0499167870680158
-0.0
-0.16203658712199
-0.706193583238992
1.30386944966262
0.495041329803875
0.00445106971047584
-0.24824638578086
-1.10181918582896
1.3481102874237
-0.933176394629865
0.435639279301634
-0.806492617538556
0.806492617538556
0.766327495875366
-0.694644642106875
0.259113572057278
-0.766435705127403
0.0809417968715684
0.844298826120638
-0.489601343690573
0.521507137782278
-0.521507137782278
0.49389882301358
-0.00416466783671831
-1.08741002160049
-0.254121849396253
0.0179476387331966
-0.0536409534714376
0.464472472118851
-0.391349689827519
0.814368248266785
-1.30335116244482
0.716926966656108
1.08196939184826
-0.846302139264176
0.599471513989477
-0.592288168615392
0.343573597830538
-0.351412325459639
0.841013669150212
-0.489601343690573
-0.344891315569781
0.344891315569781
0.49778350148937
-0.49778350148937
0.766779276391108
-0.766779276391108
-1.3036857112894
1.22148920343475
0.0821965078546558
-0.0
0.493258751357487
-0.493258751357487
-0.0
0.521802049430324
0.101290842733098
-1.47509389479382
1.10324701636389
0.249808994523788
-0.403304757142824
-0.0124464188453395
0.669040415968836
0.437283668302461
-0.00244414398578764
-0.174952385310901
0.416871020498882
-0.845426658787662
0.851155072702625
-0.432212930904221
-0.418845686116033
-0.49889773952513
0.848306407838255
0.492485543724316
0.917736520504257
-1.80259683736209
1.80332337035544
-0.886555116518625
0.386700071123551
0.2549336289815
-0.0101329571362139
-0.244800671845286
-0.0
0.246121379275779
0.254335340509245
-0.896392934930613
0.395936215145589
-0.0
0.489601343690573
0.000926215026293752
-0.490527558716866
-0.84995777638322
0.84995777638322
0.501768538324499
-0.248049957778973
-1.55758803020814
0.47114600300508
0.904934389732981
0.00102867728635926
-0.410292276638094
0.826653999966862
-1.09027438472454
0.600673041033965
-0.803134703961931
1.04793537580722
0.246775631069398
0.274800392638059
-1.13039447355812
0.364017778005377
-0.069525533112587
-0.397388095425477
-0.489935892535157
0.964642086525761
9.12947007867904e-05
-0.0191685658709485
-0.0582408273949662
0.0762282354854061
0.405973192068083
0.0213287505221109
0.414310528779523
-0.845728269129203
-0.531029865469945
0.539760577871361
0.594822094335186
-0.83329854468195
-0.217250254978503
0.803122918362482
-0.848306407838255
0.848306407838255
0.246121379275779
-0.246121379275779
0.0731531307764261
0.42802113221119
-0.488652091125917
-0.427589542897495
-0.491716263693634
-0.0020904695130076
-1.08955166051968
0.250802692729423
0.34232771136853
-0.0
-0.425184136405656
-0.418714281158142
0.843898417563798
0.0771882284064839
0.644645092023308
-0.721833320429792
-0.435639279301634
0.250231183432721
0.185408095868913
-1.30356868958769
1.55970363735047
-0.256134947762783
-0.849546345946522
1.10447997492802
-0.652656273251561
0.642523316115347
0.0101329571362139
0.241612191696942
-0.660220199799473
0.16367437912103
-0.358763635321595
0.880270773103873
-1.36088741955031
-0.46420512984296
8.36255848588408e-05
1.30350178602614
-0.63750320406458
0.889992689060292
-0.686085538050164
0.934889437153633
0.0202137536830974
-1.37532751002646
1.09994175151996
0.245193705863886
-0.491315085139665
-0.433596053054452
0.433596053054452
-1.3036857112894
0.502087650830726
0.801598060458675
-0.0
0.497906480775435
-0.684076652531917
-0.200050999544025
0.386221171300506
-0.846639819092202
1.10035839963773
-0.00500400976067207
-0.248714570784855
-0.0
0.500935619608069
-0.500935619608069
0.253718580545527
-0.253718580545527
0.0662540263446785
0.899086673879352
-0.501531226661349
-0.356397982198473
-0.0771980708559789
0.433596053054452
0.489601343690573
-0.489601343690573
0.498152013404079
-0.677214770533957
0.179062757129877
-0.88698943911605
0.534782689311162
-0.494851158719625
1.33732165673145
-0.490263748206941
0.252489484995713
-0.252489484995713
-1.05222231122687
1.05222231122687
-0.435639279301634
0.0794197688701309
0.857869459138633
-0.50164994870713
0.491706671515875
0.00946759147174166
-0.856772664601839
-0.453810079871934
-0.494143484531676
1.55968691378062
-0.00488893402929238
-0.180252678145449
-0.958150126496618
0.526594993515924
-0.486287187250829
0.91562359793002
-0.498213618918225
0.929294051026757
-0.24372009763229
-0.685573953394467
-0.00620027366994983
0.435639279301634
-0.844322886300773
-0.00889306109455465
1.35282936636606
-1.80311520499687
1.63419984435696
0.163582966104378
-1.33212982071167
1.33351958665771
-0.0011357262052188
-1.38185905213666
0.531711853689906
0.355612134270728
-0.435639279301634
0.688128764297347
-0.196552461382662
0.710449509143582
-2.06975443735219
0.705682480114161
0.597685424481395
0.247425881297971
-0.247425881297971
0.0575881821229128
-0.491184235177365
0.433596053054452
-0.0
0.0679629243696591
-0.0679629243696591
-0.38727457207523
0.38727457207523
0.249987826493538
-0.601069221094698
-0.0741027418044963
0.491804541834092
0.433113895398351
-0.00532618064309302
-1.34498129227916
0.850573172095466
-0.0
0.766366857438551
-1.37377024675025
0.0248177408639713
0.222229215755078
0.360356432692647
-0.837848796276467
0.199573927945272
0.0432233355566811
0.595051532774514
-0.389294669989616
0.884965460370863
-0.244424776647756
-0.251246013733491
0.0721683138857283
0.417433029804844
-0.489601343690573
0.2549336289815
0.0905671364898333
0.176006372310945
-0.0313755407184541
-0.490131597063824
-0.0
-0.0
-0.851390455289798
0.0459626001963547
0.418538821172523
-0.211191359738348
-0.288909045456782
1.3857528146473
-1.30036018616586
0.801596810634603
0.489601343690573
-0.233466395927789
-0.0024163672172564
-1.55722036657166
1.79310312971671
0.00467968074463305
-0.00467968074463304
0.0114536645667063
-1.549572971381
0.961305045861947
0.0872129172617797
-0.0
0.252489484995713
-0.252489484995713
0.500096123913223
-1.34881678989124
0.495041329803875
0.853654989161214
-0.837416764507951
0.337441111520875
-0.169049188642873
-0.435525932689558
0.218353950031925
0.386221171300506
-0.0
0.766386532756632
-0.268480051981197
-0.497906480775435
0.251246013733491
-0.61229310626832
-0.492168854860498
0.0204925007377912
0.239143420100252
0.593580026557284
0.489601343690573
-1.79296924828613
0.867728625293922
0.690572908283134
0.24035993244946
-1.12889896884607
-0.21758107312219
0.851186480537297
0.0643363736854416
-0.418897392698662
0.354561019013221
0.501768538324499
-1.31090933885871
0.84684898464348
-1.04868522203762
1.30361885101912
0.24260348634673
-1.29959489367387
1.05819272610842
-0.192524280519336
-0.950767458152022
0.0424104299437215
0.493301701271114
-0.236250606195864
-0.2549336289815
0.496545820678442
-1.33373427441124
-0.0
-0.0
-0.350980503184591
0.386388368352564
-0.500456719785024
-0.0
0.500576647131016
-0.890407297905416
0.402352822636099
0.487694286621187
-1.30428007404039
-0.032462075311459
0.836525690868965
-0.887323987960633
0.887323987960633
-0.0
0.492872850458481
-0.492872850458481
-0.844534747600835
1.33466634466466
-0.490131597063824
-0.347634055599383
0.838161614316249
-0.426386243480312
-0.499780594538189
-0.158183549318803
1.36027819632991
-1.11684071163829
0.350385343928815
-0.0
0.252489484995713
-0.681928490627397
0.919040349322257
-0.848098922331935
0.177391010582624
0.51389704776092
-0.93013544497926
0.252843159468493
-0.184119205107978
0.610702877764707
-1.29867304853116
0.210397533315302
-0.465297722888678
1.55972035937378
-0.256134947762783
-1.30403632268933
1.12537389861638
0.178662424072952
-0.577789817676036
-0.499128512401726
0.502005321453442
-0.937644600755076
0.435639279301634
-0.0
0.249987826493538
0.245431626699852
-0.49541945319339
0.497042623362591
-0.839620653311131
-0.00643867357088375
0.601506188515136
-1.05591187531983
0.472725466949417
0.831033580379099
-0.500336657004395
-0.0
-0.814535028945384
1.31194873673689
-0.497413707791509
0.501055008257279
-1.55326058662901
0.630854491353267
0.766337337632461
-0.692313272709137
-0.0740240649233246
-0.427324085628623
1.19374012453678
-0.766416038908156
-0.423018558439267
-0.177909603478102
-0.449155914845497
0.208323078872286
0.841760997890578
0.499492399514351
-0.499492399514351
-0.589220298920296
-0.262577416899581
0.502412581983521
0.349385133836356
-0.427324085628623
-0.423453753833252
0.850777839461875
-0.595459252448759
0.595459252448759
-0.853417646913081
1.35363410539597
-0.841624820000758
-0.0901211136268209
0.922975249398477
-0.491445774253784
0.498641384030836
-0.498641384030836
-0.179504331538851
-0.171716737150009
0.840955223865722
-1.2933905781106
-0.0436101683593684
1.33686793498368
-0.489601343690573
0.248714570784855
0.244928685805303
-1.29660185036029
1.05667717431566
0.246738139239497
-0.000481066797948429
-0.835898912624268
-0.967695591381928
0.957359704832175
-0.507561226057233
-0.44953079020064
1.55828479142632
-0.640537663731054
0.88630047409713
0.00119055646098738
-0.00722513903438457
-0.243357451751568
0.237891428452598
-0.929665655517016
0.689357859847161
0.24745568244209
-1.31398567884585
-0.0283033981442635
1.09483339454802
-0.338781539959958
0.335050785907969
-0.0
0.242885023964943
-1.07560847062248
0.251899169315026
0.5845550313945
0.235882763145046
-0.910428074094605
0.242164306331081
-0.175659163159584
0.00598361169800084
0.593138647379821
-0.244800671845286
0.249987826493538
0.244674030280641
-0.827168844948828
0.332506988174649
-0.179504331538851
-0.17877247643092
0.610766292965483
-1.10265262607894
0.241546166015429
0.175020922013343
0.935483048863015
-0.257086323963277
-0.244800671845286
-0.0
-0.357665247602534
0.496387476436395
-0.0908212388268721
0.247944600246355
0.675650734259386
-0.48999928145129
0.253718580545527
-0.848948092647251
0.232462363828007
0.863103805278111
-0.935975936306029
0.689357859847161
0.244064920943844
-0.00738776620036469
-0.427271639059386
0.189365388766093
-0.252489484995713
-0.808663093766402
0.476225388570784
-0.722700477906413
0.458461258719016
0.235976703987138
0.85149093662569
-0.490790716229813
-0.356390615724077
0.848876159448393
-0.492485543724316
-0.0347527176485996
0.464818028754056
-0.267019097692641
-1.34641495839009
-0.00345209943286518
1.34342171593475
0.00842797428044438
-0.435079550347027
-0.490273853252613
0.0672202065628143
0.857517586857317
-1.34798687988697
0.850573172095466
0.251246013733491
-0.684842066787943
0.931133168382682
-1.31172172700183
1.30947817310456
-0.442007385021568
-0.159657631024645
-0.0823539440941917
0.923756028287949
-0.492226553143257
-0.0
0.489601343690573
0.00531364553878081
-0.930554268530988
0.926561330422699
0.009774388226511
-0.917058162676344
0.910896787504796
-0.436463195630147
-0.23711185869486
0.247967234789312
-0.500456719785024
0.0644172072849165
0.185570619208621
-0.42693734712951
0.241526699817225
-1.11309514230498
0.616988487979034
0.930170859175528
-0.000489370626757051
-0.443132073809855
0.446511287067125
-1.35454524930212
0.853014022640768
-0.852811872145798
1.10405788587929
0.00247256681203598
-0.885774390680076
1.1315482096489
-0.243357451751568
-0.606842777600922
0.350707829838139
-0.181106568058739
-0.651616878598797
0.40970488821827
0.912619902129839
-1.34261536633134
0.0127643949726679
0.204338850493015
-0.206922088696484
-0.00977662953355534
0.262943714207455
-0.257183203445811
1.3432702410652
-0.243931771426009
-0.252489484995713
-0.0
0.246121379275779
-0.585201569343157
-0.513123871089604
0.490730617243447
-0.0351202599135079
-0.489601343690573
-0.586612230752924
0.645214352672056
-0.0586021219191321
-0.838506736113025
1.08330740795831
-0.430452124653383
0.440585081789596
-0.2549336289815
0.744750619208135
-1.18038989850977
0.937170505962983
-0.501531226661349
-0.357073301017507
0.357073301017507
-0.0
-1.30346832496036
0.254749669697371
0.489734155176862
-1.7932192114441
2.06988142531762
-1.37125726520955
1.10313546356062
0.000488808129800865
0.000121851682047898
-0.932481280267753
0.433596053054452
-0.852001002630402
0.493417883440659
0.85939921592862
-0.863824248453429
0.86042185950606
-0.849217283295774
0.410572416386324
-0.00205199288552028
-0.235379272069491
-0.256976855228683
0.246843898092469
0.188795381209165
-0.58792277481225
1.07845033352912
-0.23680897817134
-0.253718580545527
-1.3039862769492
1.80176977843857
-0.49778350148937
-0.352013955608371
0.851506355122722
-0.499492399514351
-0.418608008102531
0.674742955865314
-1.56002109165972
0.71113653716386
0.592749606733077
-0.802081033128925
-0.249465804564696
0.218823391036084
1.33233686562827
-1.33724236889924
1.33241744826734
-0.841801522077898
0.347013023739074
-0.597675866423624
0.00612757847183006
0.591548287951794
-0.0
-0.435639279301634
0.35390721440825
-0.0927733117567998
-1.12936407301243
1.30386944966262
-0.0
-0.0
-0.812062580361253
0.213983445086903
-0.24876984936913
0.84684898464348
-0.635743425382559
0.635743425382559
0.078301781997694
-0.0206823099418409
0.436023784534305
-1.32636670324769
0.832723446657536
-0.323661708418971
0.152822804508476
0.665373968086522
0.00250755918656356
-0.497042623362591
-0.849546345946522
1.35000306573155
-0.25174214900017
0.253172425023709
0.264578201828423
-1.19164933404264
0.0742245897076615
1.11733624225074
-0.270455160760577
0.270415802840295
-0.27372253482724
-1.09920458624973
0.606589783444511
-0.0
0.244800671845286
-0.244800671845286
-0.0
-0.39295596638209
0.39295596638209
-0.0
-0.802055953069302
-0.000888711393041389
1.3040530015252
-0.813737852598792
0.181347493619659
0.632390358979133
-0.602419065418214
-0.337156969210534
0.826758312901106
0.00606944669067386
0.270764914746157
-0.766435705127403
-0.846010866809689
0.00296438768360529
1.34058359445431
-0.916145123430761
0.418608008102531
-0.0
0.0700896221628857
0.422007198711743
-0.921535826506313
-0.873928898963871
1.30336790459556
0.493258751357487
-1.29957734548174
0.206821227274451
0.5994973668498
0.253718580545527
0.0108883184224074
0.592124279543012
0.499492399514351
-0.935131678815985
-0.407833670774299
1.34076310691693
-1.35111052908518
0.853820372244178
0.766317653207123
-1.19991370626158
0.50576436694018
0.182765315095772
0.00120131878128291
-0.850953496962799
1.09333780159083
-0.930048727535505
0.083721513165261
0.846571337510684
-1.34769081522982
1.09372811154385
-1.09598715238258
1.35055772268133
0.00108547764099166
-0.500456719785024
-0.0
0.497290156840999
-0.497290156840999
-0.349762735097166
0.850936998084782
-0.501174262987617
0.494408120183693
-0.923847125815378
0.680685019365175
-0.00253144294863609
0.252221048823215
-0.500935619608069
0.249987826493538
-0.249987826493538
-0.0
-0.840466312653787
0.0875027190370545
0.0580718685458806
-0.00410980415694224
-0.65062263561898
-0.0445420374548129
-0.194435602616526
0.256633345189371
0.57900486611201
0.501531226661349
-0.501531226661349
-0.0
0.252489484995713
-0.603629430690981
-0.0803895294494237
0.932703738132308
-0.435997445550373
-0.647548605787486
0.16154505794621
0.920681775799105
-0.851946486647947
0.406318962910684
-0.894260204370172
0.484320041791848
0.355712640920514
-0.351261672015497
0.00119869846530427
0.415120133596135
-0.418394900778125
0.189663361611153
0.655641309226969
-0.491966930105939
-0.433596053054452
0.0834645807744337
0.350131472280018
-0.357548338278002
0.848994112531787
-0.491445774253784
-0.0
0.246121379275779
0.00130450202219207
-0.247425881297971
-0.807881175636586
1.30893618389387
-0.501055008257279
0.494153776567294
-0.84596882735803
0.351815050790736
-0.0
-0.0
-0.0
-0.0
0.252489484995713
-0.252489484995713
-0.431529475144692
0.431529475144692
0.501768538324499
-0.428490550715228
-0.0732779876092716
-0.188795381209165
0.690207753100228
-0.865430149896439
0.364017778005377
-0.848927439698564
0.848927439698564
-0.431529475144692
-0.873388712714903
0.257668490426068
0.239807842387374
0.862198311033525
-0.671510835392545
0.515677964968739
0.153274008492626
-1.37934556641422
0.0424546915152149
-0.458983766636509
1.30351851423734
1.1048387006806
-0.848703752917819
-0.256134947762783
-0.0
-1.04888572872856
-1.35499463523179
0.435212364141647
-0.420336028341927
0.838944036444458
-0.431529475144692
0.686463104126192
-0.2549336289815
-0.0
-0.351966759002599
-0.0836725202990348
1.2024087547634
-0.514279990466054
-1.55597454126295
1.55962000403002
-0.608509484458567
0.352374536695784
0.496545820678442
-0.0069444769878696
0.00681991273114936
-0.496421256421722
-0.848720665978013
-0.0
-0.351544282845378
-0.702053302272079
1.55429402446503
-0.440266116186646
-0.0604303231609297
-0.888157662092569
0.888157662092569
-0.0
0.501768538324499
-1.30552516829816
-0.0449640360043498
0.00103743026343605
1.34422905639302
-0.850148376686453
0.353602556008011
-0.836082495551712
1.09101612453321
-0.00121504843597347
-0.689357859847161
-0.346889905605421
-0.104627606001521
0.540116347018576
0.848571670551349
-0.0119298829707763
-1.30065553942471
0.811054195734141
-0.874968858696417
0.874968858696417
-0.809194011904351
0.0716951907987895
0.854386405979979
0.631000462100331
0.690572908283134
-1.10303255131344
0.484548076378299
0.363550845953636
-0.423018558439267
0.67915350620205
-1.10711722319773
1.34255857834963
0.00409448746656174
0.00161936645975239
-0.242356527859499
-0.00244414398578764
-1.55599127102185
1.80467604901375
-0.253748381689646
-1.55124523900803
1.54994073698584
-1.54950602447209
1.30338464519631
0.498641384030836
-1.80244404133923
1.30380265730839
0.499613418970729
-0.857383961312653
0.416030086053869
-0.412231228371331
0.353971684659385
-0.361950276509266
0.610664847294121
-1.0996968462198
1.09840815673291
0.242175462392602
-1.09222301260216
0.206159788512403
-0.454520395035759
0.850982275434943
-0.0
0.248714570784855
0.27298926563068
-0.107406774726917
-0.420826730404032
0.914341973034174
-1.03061682934178
0.785816157496495
0.240886772905718
-0.489601343690573
0.499006939397114
0.000243007147967331
-1.35266759345816
0.417778367611447
-0.378197495816538
1.33544230770706
-0.0218712317620971
-0.499734300826787
0.501055008257279
-0.00601367845340375
-0.495041329803875
-0.954557888347195
0.451684708658999
-0.368424336255872
0.804063615557506
-0.588822779209677
0.588822779209676
0.489601343690573
0.00606944669067386
-0.495670790381247
0.521507137782278
-0.521507137782278
0.499006939397114
-1.09034957821239
0.591342638815278
-0.0
-0.594128248392321
-0.293195739568312
0.887323987960633
0.251246013733491
0.239149721555515
-0.490395735289006
-1.30355196601783
0.450537943377065
1.34485090309019
-0.491836880449418
-0.84789119847346
0.84789119847346
-0.435639279301634
0.435639279301634
0.502005321453442
-1.38932930941408
0.248446134612357
-0.244800671845286
-0.256134947762783
-0.0
0.247425881297971
0.00506360369774177
-1.30869917210225
0.169052896197961
0.887156790908576
0.50164994870713
-0.50164994870713
0.249987826493538
-1.55353979251137
1.09892679459637
-0.647781720490288
-0.000809055483575251
0.49691864016376
0.605011878016422
-0.837828856110897
1.09076423403317
-0.50164994870713
0.0658842326468166
-0.0658842326468166
-0.104277431845339
0.602674412134177
-0.927835985920522
0.429439005631684
-0.387255138289263
0.387255138289263
0.489601343690573
-0.842050987833867
0.352449644143294
-0.350046655826873
0.350046655826873
-1.30363556840451
1.30363556840451
-0.0
0.766661605564542
-0.766661605564542
0.496545820678442
-0.851267363288642
0.607211027605913
-0.252489484995713
-0.804726520564719
-0.000450504139054244
0.267895511317116
-0.850368272811312
1.35237359426475
-0.502005321453442
-1.30345159210523
8.36875096705163e-05
1.30336790459556
-1.30365228424449
1.30365228424449
-0.0
-0.482479038685426
-0.462437152015338
1.80376842450072
-0.245282829501387
-0.2549336289815
-0.435639279301634
0.933913846703087
-0.498274567401453
-0.0
0.256134947762783
-0.00614712126924528
0.251899169315026
-0.416361723328768
-0.678141167003756
0.592615894523961
-0.0
-0.420826730404032
-0.414811480897348
1.33255685146514
-1.38407543107234
0.887156790908576
-0.431529475144692
0.923105778059377
-0.160770045343317
-0.687967758863645
-0.486098339037223
1.09197441111436
-0.182357339907524
0.434339208470246
-0.500696439347576
-1.3039862769492
0.000635114504378419
1.8248583002271
-0.521507137782278
-0.853215947395327
0.0069951866573502
1.34607580613305
-0.499855045395073
0.0658919473597147
-1.36936027232008
1.55718690550589
0.24601572028126
-0.931263775971479
0.0695133113989389
-0.782282440533661
0.782282440533661
0.247425881297971
0.253150765833046
-1.80397803137838
1.79742776046275
0.0030162471472098
-1.80096215110508
1.56005447550527
-1.55992090312696
1.30378595536418
-0.0
-0.804385621859426
1.29751589515784
-0.850795520900943
-0.0
-0.812056011772352
0.812056011772352
0.0628799730891788
-0.0628799730891788
-0.0
-1.30336790459556
1.182184683665
0.621519877934948
-0.851992887897848
0.00229440584015019
0.594764853076198
-0.0
-0.431529475144692
0.92349640525063
-0.491966930105939
-0.185651452808096
0.185651452808096
0.501768538324499
-0.441606200265611
-0.0601623380588885
-0.452495688607139
0.960616487413359
0.343269656483578
-0.221077035552379
-1.083076006694
0.451543546841254
0.425285409776501
0.927179131023696
-0.499855045395073
-1.30338464519631
0.880366086757043
-0.410831518647414
0.83385007708668
-0.425184136405656
0.0956031884572429
0.329580947948413
0.499855045395073
-0.499855045395073
-0.852204061156983
0.852204061156983
-0.0
-0.0
-0.342653420320716
-0.960731224875594
1.30338464519631
-1.30446947321632
1.7940708169069
-0.852609495405124
0.363008151714552
0.501055008257279
-0.2549336289815
-0.783409894302137
1.03507201651573
-0.00375712527398906
-0.0044250325248088
0.00855066971350672
-1.80213829035328
0.000584892701828848
0.45718062350939
-0.000837147786534974
-0.370578379100588
0.358056207238888
-0.631021843145793
0.887156790908576
0.238400116413245
-1.33672557200469
1.60868518979613
-0.76649468196746
-0.599531825728384
-0.459536952088946
1.31278735836286
-0.0
-0.253718580545527
0.248714570784855
-1.55211595503222
0.491325402917559
1.31096120854311
-1.80273798110019
1.55998770164967
-0.00614712126924528
-1.0989152661921
1.10264602024409
-1.10693452794085
0.853215947395327
0.495293561430961
-0.495293561430961
-0.0
-0.0
0.492872850458481
0.436026116287358
-0.493001639790946
0.256134947762783
-1.10955259467586
-0.204447250760336
1.31158347821894
-0.253718580545527
-0.0
-0.887657918986132
0.489935274716071
0.397722644270061
-0.852001002630402
-0.320324335252572
-0.267223868716733
0.336302190235814
-0.0
-0.353819007997946
0.353819007997946
0.738418337971739
-1.33038231254089
0.591963974569152
-0.17821788659398
0.17821788659398
0.249987826493538
-0.249987826493538
0.0644172072849165
-0.414519938273063
-0.0370784069333531
-0.208458405192466
-0.255138296347909
0.850777839461875
-0.0830905726169743
-0.0967868998919506
-0.671104802926017
-0.0361745154736331
0.887156790908576
0.499734300826787
-0.499734300826787
-0.635743425382559
-0.217270597258209
1.34562882544599
0.0087975690858403
-0.501412371891062
0.766710650904227
-0.766710650904227
-0.386820133904181
0.386820133904181
-0.0
-0.887156790908576
0.887156790908576
-1.3036857112894
1.82519284907168
-0.521507137782278
0.501174262987617
-0.501174262987617
-0.0
-0.887323987960633
1.14345893572342
-0.0113342759174968
-0.875822514991079
-0.204838646731725
0.835860489877517
-0.849752178181516
1.0945528500268
-0.244800671845286
-0.00821089562325954
-1.38031019725331
1.13394603280477
-0.246121379275779
-0.0
0.499128512401726
-1.13613012502424
-0.666383032573798
1.80479701708737
-0.89090878301592
0.389496411124857
-0.842190507828667
1.09343652156216
-1.13823545284954
0.28727486295478
0.418608008102531
-0.237501440043791
0.418608008102531
-0.0
0.492356127298173
-0.492356127298173
-0.806492617538556
0.806492617538556
-0.431529475144692
-0.872406742209597
1.30393621735429
0.494026376215381
0.0274807615668967
-1.37472308517761
1.35355260439972
-0.00120814460266813
-0.499128512401726
-0.0
-0.0
-0.365482301333771
0.866298398072649
-1.80451851923377
1.3037024224949
-0.0
-0.0
0.489601343690573
-0.914785480096229
0.923458703807109
-0.252153188125674
-0.246121379275779
0.492226553143257
-0.492226553143257
-0.0
-0.88698943911605
0.0353952389045076
0.851594200211542
-0.887156790908576
0.887156790908576
-0.807617379598135
-0.0798736509599821
-0.41591035368925
1.1259402789557
0.177461105291669
-1.30361885101912
0.470218584111946
-0.00312542396179172
0.475851948878912
0.850805339053877
-0.843249056741981
-0.486915223034205
1.33329143406985
-0.493258751357487
-0.35083887126868
0.35083887126868
0.497042623362591
0.00135435692624684
-0.00135435692624684
-0.492614802805222
-1.05127976688142
1.2960804387267
0.252117968318474
-0.49691864016376
0.256134947762783
0.00671176002248094
-0.00227102062665499
-0.243599353064003
0.244321772022241
-1.80409228818953
1.30363556840451
-0.809300992393434
-0.0424967234264428
0.851797715819877
0.2549336289815
-0.198265933829011
-0.243396498451895
0.186728803299406
0.248714570784855
-1.10152644293065
0.852811872145798
-0.344807265907056
0.599740894888557
0.00120131878128291
-0.609791807261979
-0.0819824198024386
0.501886995808563
-0.0662477165069294
0.2549336289815
-1.0564468217654
1.30351851423734
-0.439595251905203
-0.478771792877007
0.912283258120935
-1.54437255100698
0.711638163025174
-0.466639686866839
1.5697701932636
-0.516329826713585
0.516349511138924
-1.6144362599644
0.253948588235446
-0.259267312816592
1.3752196963434
-0.521802049430324
-0.0
0.253718580545527
-0.00759720126974802
0.254335340509245
-0.500456719785024
0.490263748206941
-0.244142368931162
-0.19215931488684
-0.905963067019341
1.35149340214475
-0.246121379275779
-0.120504584350238
0.120504584350237
-0.0
-0.887156790908576
1.13714461740211
-0.787167033670363
0.184876521353904
-0.449160317684002
0.449927593612198
-0.00638697606964242
-0.945478998283
-5.02078578589885e-05
0.453493815722006
1.3449991061871
-0.0
-0.495041329803875
-0.0
-0.802186107862332
0.199303543993041
0.417231111061194
0.436897466541587
-0.684842066787943
-0.370388778274891
-0.0482192298276395
0.416564781855348
0.957146417083912
-1.11411127698005
1.08939865140704
-1.3295179588668
0.0186557918087461
0.00466946539825107
0.457419052009023
0.848524958119958
-0.246557994184904
-1.10137828178334
0.0483283510219965
-0.0477157351940738
0.0444658642148296
-0.251202213881683
1.05751418912873
-0.887156790908576
0.466330060504543
0.420826730404032
0.246121379275779
-0.822709878170532
0.576588498894753
0.244800671845286
-0.244800671845286
-0.805231299682043
1.05521912617558
-0.17977479679393
0.420709021421457
-0.490922051121065
0.500816096738878
0.265629440134124
-0.766445536873001
-0.0
0.766484854765812
-0.435649107411736
-0.921530659152271
0.652469340288069
-0.0617744284898745
-0.850777839461875
1.35230906612322
-0.501531226661349
-0.837848796276467
1.33878441588454
-1.35313968076505
1.35325906941426
-0.501055008257279
-0.431529475144692
-0.371499303726974
1.30456000553301
0.264914310211653
-1.81534796446096
1.04890242758796
0.491053223970461
-0.234918276207678
-0.00364546276707056
-0.851174977710162
0.163046213412815
0.932805741444621
-1.8005176245878
1.79295250613539
-1.79313658459172
0.416378449992571
0.711436365822418
0.424434995871012
-1.55256732467174
1.80089537724948
-0.00327150676790845
-1.1320749420105
0.854985250217739
-0.244800671845286
-1.1322917024034
0.0547675839005816
0.477897452741782
-0.00622109861907555
0.361047092534829
0.0763470902556927
-0.433384246622262
-0.0702869292620537
0.677311912122161
0.00614712126924527
-1.10193567672324
1.33737703187514
-1.1285779155372
0.637001612622512
-0.841975880386357
0.841975880386357
-0.591661138681274
0.8453797192268
-0.253718580545527
-0.595051532774514
-0.211404209096593
0.73067143847661
0.577434252101627
-0.50164994870713
-0.386772980633162
0.642907928395945
-0.89147011629606
1.13722216434184
-0.501886995808563
0.501531226661349
-0.501531226661349
0.492096820874629
-0.492096820874629
-0.602257236679226
0.602257236679226
-1.30356868958769
0.457767960627234
1.34768772476902
-0.000355769147214515
-1.34921446237593
0.847683235714577
0.499855045395073
-1.09572110026269
0.162270001813167
0.433596053054452
-0.120947292407889
0.12094729240789
0.49778350148937
-0.24284987250787
-0.183437015005115
-0.0714966139763851
0.256134947762783
-1.10464860330157
0.496585197126581
1.56631324469422
-1.21438478628202
-0.0
0.490790716229813
-0.490790716229813
-0.0
-1.3036857112894
1.3036857112894
-0.813984067920422
0.813984067920422
0.433596053054452
-0.599940466803806
0.856075414566589
-0.850982275434942
0.59484732767216
0.489601343690573
-0.489601343690573
0.48999928145129
-1.79343413915283
1.55836848668304
0.246121379275779
-0.000838549774391715
-1.38720589759894
1.37659078280662
0.276824528781938
-0.276824528781938
-1.79295250613539
1.22965881726069
0.0736923451841262
0.846430411310932
-1.30351851423734
0.681170856608106
0.265201297868279
-0.76649468196746
-1.30338464519631
1.30338464519631
-1.30353524090115
0.450521218260379
0.00512282416730778
1.33762535365032
-0.921263630321554
-0.0
0.502968765047323
0.421304615020397
-0.0027446234717381
0.0100968424619329
-0.500096123913223
-1.30400296040162
1.30400296040162
-0.0
0.499975652987076
-0.499975652987076
0.501055008257279
-0.0114536645667063
-0.235882763145046
-0.332220939808513
0.0785023592629861
-0.851797715819877
0.0481473714503534
0.416181401803963
0.0295582700163114
-1.09338839019773
1.3355607619762
0.00722513903438458
-0.00275848340683707
0.000605788425060211
-0.680937007179631
0.682852655059974
-0.50164994870713
-0.0
-1.30336790459556
1.11252929713921
-0.696318183452228
0.558706152307634
0.328450638600942
-1.04728317398623
1.04728317398623
-0.844322886300773
1.09174876759874
0.00256194519556706
-1.5534561514539
1.55089420625833
-0.678955356442663
0.921130818835265
0.00378573065285987
-0.493387074343432
-0.0
-0.0
-0.0
-0.388271563695274
0.388271563695274
0.496421256421722
-1.34903075182685
0.913801940689497
0.184928933991406
-0.677650854420471
0.500696439347576
0.426252488990506
-0.49541945319339
-0.0
0.501886995808563
0.387618196972017
0.0692239837780374
0.427818639584554
-0.2457966096291
0.24653748775588
-0.927222507121055
0.680685019365175
-1.55476452797083
1.80264702663907
-0.499128512401726
-0.887491030558118
-0.416044210343029
1.38147188602837
0.421797655699565
-0.586420827592188
-0.26824687714486
0.856583352617392
-0.865074585662301
0.0120123114955321
0.42486957308482
-0.0734572476251802
-0.0
-0.0
-0.848927439698564
-0.00347945221318846
1.09983277320972
-0.247425881297971
-1.30796491238138
0.176726610752703
-0.214989023663896
0.846010866809689
-0.0
-1.30335116244482
1.18218762776207
-0.46716267666525
0.588326211348001
-1.30336790459556
1.55335573108909
0.249262120051543
-0.842832865871569
0.845351457650987
-0.00609774794325292
-0.495670790381247
-0.852811872145798
0.852811872145798
-0.362486463923901
0.362486463923901
-0.35398332725261
-0.0775461478920815
0.431529475144692
0.495041329803875
-0.495041329803875
-0.0
-0.832723446657536
0.0264142344838965
-0.497326356230868
0.416646129288458
0.0360071636811071
0.593822828620437
-0.850163141083224
1.3716702788655
-0.0225001983851643
-0.499006939397114
-0.805584246003021
0.805584246003021
-0.435639279301634
0.0503206127944423
-0.0398654698984642
0.766327495875366
-0.517612925090511
-0.684353850086489
-0.451851751256484
-0.415876874037438
1.82497343718444
-0.521605532588884
0.499613418970729
-0.499613418970729
-0.853014022640768
0.853014022640768
-0.0
0.244800671845286
-0.244800671845286
0.495293561430961
0.00576144682631836
-0.501055008257279
-0.801733247701637
-0.00951275708823396
0.811246004789871
0.492356127298173
-0.492356127298173
0.495670790381247
-0.929266843435698
0.689731000817235
-0.256134947762783
-0.0
-0.850163141083224
0.42072413545154
0.487510874177565
0.443815127262683
-0.254461114510593
-1.09779415410928
0.414728993509678
0.435639279301634
-0.0
-0.365816850178355
-0.0677792028760965
0.077878285083315
0.856414207318713
-0.00340628250657715
-0.8543826446896
0.236381233813027
0.442015348660493
0.8403663304972
-0.0105648422837519
-0.233996649301041
-0.00742037697792848
-0.634172783239555
0.385458212454701
-0.0
0.493643256590157
-0.493643256590157
0.492743904923028
-0.236608957160245
-0.256134947762783
-0.843472950075933
1.33530983052535
-0.491836880449418
-0.606488116129346
0.606488116129346
0.256134947762783
-0.612449467555846
0.356314519793063
-0.35336862887396
0.605858113869672
0.00122909554981417
0.512608915329839
-2.07018024976225
1.55384058038042
-0.599359772576185
0.164978680514504
-0.660564461404316
1.09238360827043
-1.1000353767031
-0.0343799437109254
2.12242259590248
-1.16869255283648
-0.0667406039499428
-0.0
-0.423018558439267
0.423018558439267
-0.0
0.0678511512093145
-0.0678511512093146
0.489601343690573
-0.489601343690573
-0.537158545348403
1.05905871714928
-0.266966542819378
-0.585349127670171
-0.0
0.2549336289815
-0.2549336289815
-0.599917406916039
0.260700215236421
-0.0523527942430412
0.39156998592266
-0.0
-0.804788590486579
0.804788590486579
-0.354537304744346
-0.0811019745572885
0.689357859847161
-0.177728453963566
0.425184136405656
-0.501174262987617
-1.053447031208
1.54331383216745
-0.489866800959445
-0.0
-0.0
-0.849133977241198
0.930312568290607
-0.0811785910494091
0.0655131482178992
-0.919132269913849
0.85361912169595
-0.0
-0.0741264031251863
-0.97347448938542
0.867723420001681
0.179877472508925
-0.0
-0.0
-0.812840569582793
0.812840569582793
-0.389004777504496
0.890417149395558
-0.004493731727302
0.00425562282385627
0.851186480537297
-0.807334387486833
1.30110550408152
0.00787883211244684
-1.34576072519013
-0.716690137476799
1.30383605656946
-0.846220760737977
1.0999393412835
0.248049957778973
-0.849995903644818
0.348227365320318
0.246121379275779
0.253612921551008
-1.28223012344612
1.99975107432503
-1.21725525170569
-0.350127037844084
-0.954076004015198
0.868563762557648
0.435639279301634
-0.0
-0.431529475144692
-0.871955581122547
0.454971400728454
0.497470116903696
0.421379832790184
0.423562528858485
-1.79740060903972
1.30350178602614
-0.0
-0.0
-0.85361912169595
1.10975406945873
-0.256134947762783
-0.0
-0.853215947395327
0.853215947395327
-0.179504331538851
-0.707986699019267
1.1436259783209
1.05698610276927
-0.188554029048876
-1.11755911347627
1.55055075568768
-0.499371242144033
-1.30413637263596
0.254068997817307
0.698191122280921
0.600590823322584
-1.10152644293065
-0.450756817441888
0.416411898679111
1.14209041989008
-1.09190143155951
1.35886797437888
-0.951339177432562
0.429439005631684
-0.803979920300785
-0.0
-0.350154394434176
0.350154394434176
0.0576194720558529
-0.0576194720558529
0.499006939397114
0.685315196562199
-0.694720792268741
-1.79328705497997
1.3036857112894
-0.0
-0.0
0.256134947762783
-0.689731000817235
-0.869822068694563
1.30341812174901
1.11269423585399
-1.11269423585399
0.501293384099181
-0.936932663400815
-0.451851751256484
0.0342750831627904
-0.199741080730464
1.55232827026982
0.0222342904448512
-0.521605532588884
0.256134947762783
0.236091605380474
-0.492226553143257
-0.0
-0.0
0.249987826493538
-0.604806793600027
0.856350193767838
-0.501531226661349
-0.435639279301634
0.957244811890518
-1.40943018611787
0.887824653528989
-0.88698943911605
0.88698943911605
0.766357018413886
-1.19368110404251
0.924614242469622
-1.34413914148448
0.84684898464348
-0.0
-0.833400266907173
0.833400266907173
-1.30351851423734
1.55845214321884
-0.2549336289815
-0.843685808957391
1.09367363545093
-0.18982548843465
-0.478770346161419
-0.884793376144837
0.941461071297325
0.361940312950042
0.256134947762783
-0.192888999851116
-0.402041690394836
0.593729371464669
-0.2549336289815
-0.0
0.253718580545527
-0.253718580545527
-0.581713848513684
-0.30561013944695
-0.416278144127411
1.80369825600127
-1.80349750816059
1.30340138424737
0.489601343690573
-1.33540207265102
1.33540207265102
0.0044250325248088
-0.00376262800844068
-1.37742053911552
0.739772100540323
0.637912249085119
0.00968889976602084
-0.500216458482887
0.494661856774179
0.00250460536880781
-1.80170248190488
0.47181257310436
0.832723446657536
0.499734300826787
-0.851383409415368
0.351649108588582
-0.0
0.0658690875648048
-0.425313918365449
-0.239061333647381
0.598506164448026
-0.0
-0.0
-0.887323987960633
1.38849825094825
-0.24745568244209
-0.601240855746446
0.347522275200919
0.490790716229813
-0.490790716229813
-0.850777839461875
0.850777839461875
0.495293561430961
0.00346981410029293
-0.0
-0.84684898464348
0.501896596925118
0.0130418785875589
0.331910509130803
-0.0
-0.840032682712362
0.840032682712362
-0.0
-0.603836397107441
1.10223337739628
-0.245907495293125
-0.686085538050164
-0.453727934906182
1.3841185001699
-0.496794512209264
-0.0
-0.0
0.253718580545527
-0.253718580545527
-0.0
0.252489484995713
-0.252489484995713
-0.435639279301634
-0.10144455552024
1.03034258617936
-0.928898030659121
-0.378144022204103
0.813783301505737
-0.0
-0.429439005631684
1.19584521006585
-1.61861026559115
1.61859059391361
-0.766386532756632
-0.0
-0.850971789163626
0.852525613957533
-0.859674084442293
0.358024135735163
-0.0
0.0706571182815383
-1.37405850252891
-0.000301038247528102
1.80197698989635
-1.54737726110929
1.53870403739841
0.0115729192970439
-0.430311713814496
0.695494469240765
-1.81735258968541
-0.252706851223369
0.463236109841109
1.09418489319931
-0.601507607825622
0.347789027280095
-0.0
-0.801780633910735
0.881410623291727
-0.966953977341625
0.887323987960633
0.0053251827779739
0.591131643530323
-1.30410302880423
1.30410302880423
-0.349385133836356
0.170345143687376
-0.664645818808412
-0.842442337695169
0.591196323961679
-0.0
0.500096123913223
-0.00342588475253068
-0.496670239160692
0.253718580545527
-0.00629269924755595
-0.247425881297971
-0.0
-1.05870111418085
0.708875452293807
0.349825661887043
-0.0
-0.536961700161386
0.536961700161386
-0.35685539111377
-0.224395759772002
0.581251150885772
0.46197265450292
-0.419984709795593
1.10130379396403
-0.256134947762783
-1.04728317398623
1.04728317398623
0.498641384030836
-0.934280663332471
0.435639279301634
-0.0
1.2254290178806
-1.2254290178806
0.253718580545527
-0.374351001247691
-0.766524370206412
1.38506327168401
-0.235831982343155
-1.14329173867136
0.887156790908576
-0.0
-0.583249222032478
0.583249222032478
-0.176595846163192
0.176595846163192
-1.04758418439335
0.660716916217737
-0.445856178481927
0.473959811335942
0.854559871830609
-0.495796236509015
0.490395735289006
-0.490395735289006
-0.85361912169595
1.34322046538652
-0.881045586747068
-0.241993967306553
0.547561645081432
-1.21779243325775
0.941066281072953
0.611317288251265
0.240886772905718
-0.489601343690573
-0.0
0.494914989229353
-0.250114317384067
-0.423463095918238
0.432381004618478
-0.253718580545527
-0.0
-0.841545859734424
0.841545859734424
-0.0
-0.848927439698564
1.10506238746135
-0.607950186156048
-0.501803883302685
0.420023068641498
0.934172700185468
-0.000239990126621888
-0.500336657004395
0.501768538324499
-0.501768538324499
-0.0
-0.848098922331935
0.672378497245778
0.175720425086157
0.489601343690573
-0.234667714709072
-0.2549336289815
0.248714570784855
-0.851451830570108
0.602737259785253
-0.340354722708946
0.340354722708946
-0.359944681036013
0.61366326158154
-0.159338829758615
-0.0943797507869121
0.491706671515875
0.00533595184671632
0.00147662902822181
0.000851989753219432
-0.244437613162532
-0.887491030558118
0.632557401576617
-0.0
-0.435639279301634
0.435639279301634
-1.30346832496036
1.55471433869385
-0.429439005631684
0.434327939660977
0.2376361688319
0.243359780348393
-1.17277017624471
0.435639279301634
-0.420826730404032
-0.222197251279671
-0.24430000627693
0.533316904716979
0.608940712225154
-1.08945633027433
0.852811872145798
-0.0
0.491576302914685
0.274839735993471
-0.266319914994933
0.000360595871801638
-0.500456719785024
0.252489484995713
0.248446134612357
-0.500935619608069
0.498641384030836
-0.498641384030836
0.766396369050385
-1.59911981570792
1.323776670628
-0.491053223970461
-0.429439005631684
0.08110103009715
0.348337975534534
0.76640620443417
-0.266792785463441
-0.499613418970729
-1.04738356647456
1.54843857473184
-0.501055008257279
0.489601343690573
-0.489601343690573
-0.537161990998791
0.537161990998791
0.498152013404079
-0.931748066458531
0.927622429269833
0.272291276991742
-1.5739415428489
0.374027836587323
0.0747851436985155
0.358810909355936
-0.0
-0.592679361205537
0.845168846201249
-0.679813570624335
0.427324085628623
-0.0
-0.85361912169595
0.499514041975497
0.354105079720452
-0.0
0.495167520419223
-1.08779869389542
0.592631173476202
0.50164994870713
-1.80528551711164
0.727047069509754
1.07668462280798
0.186609149432448
-0.623506814190858
-0.0688966365721196
0.0109623622998548
0.91303196248946
-0.496670239160692
0.493771116594683
0.272644922313473
-1.15371778442166
0.387301745513502
-0.803582870738094
1.30307527025245
-0.243357451751568
-0.256134947762783
-0.0
-0.594028193320441
1.08362953701101
-0.489601343690573
-0.597270432175482
1.09243795259471
-0.247741639121252
-0.247425881297971
-0.0
-0.604904550911095
1.09635032516488
-1.54541085318606
1.05396507893228
-0.887323987960633
-0.416294863058486
0.876294765390497
0.427324085628623
-0.177810894599165
-1.12560722714985
1.30341812174901
-0.0
-0.0
-0.853417646913081
1.10466366064657
-0.251246013733491
0.499249946545081
-0.926574032173704
0.928855312289972
-0.891115776444031
0.389584549782682
-0.0
-0.887156790908576
0.968403828201118
-0.0812470372925423
0.2549336289815
-0.690572908283134
0.689357859847161
0.247693791345536
-0.501412371891062
-0.849546345946522
-0.453921979013842
1.30346832496036
-0.182814904359837
0.684583442684337
-0.860043714509123
0.358275176184624
0.244800671845286
0.24820096794566
-1.7963695443865
1.80331175722441
-1.30538398574847
0.374362111089422
0.431529475144692
-0.356343783480076
0.356343783480076
0.248714570784855
-1.10172859342562
0.853014022640768
-1.30341812174901
0.954638767037017
0.83838069840257
-0.489601343690573
-0.0
-0.0
-0.813900442335564
0.813900442335563
-1.30350178602614
1.79929802253515
-0.00369941563438582
-0.24597544159885
-1.29701653947638
1.0508951602006
0.0663921665090286
0.178408505336258
-1.13179011096134
0.541677424025946
-0.501055008257279
-0.851594200211542
0.0113445725434421
0.678821533320832
-0.435842337828214
1.09468413996699
-0.247425881297971
-0.249987826493538
0.256134947762783
-0.586853072966878
0.826639659996261
-0.495921534792167
-0.435639279301634
0.934889225846715
0.267352774730529
-0.76660272127561
0.2549336289815
-0.443729010190666
0.682310623839307
-0.00338364556631689
0.00528785612956555
-0.49541945319339
0.251246013733491
-1.30111284479896
1.04986683106547
0.499855045395073
-0.499855045395073
-0.338824623643956
0.594959571406739
-0.00870906646481233
-0.247425881297971
0.256134947762783
0.238146076672423
-1.32857979554595
0.834298771110748
-0.88698943911605
1.1954233297638
-1.61250356947053
1.30406967882278
-0.802342184305327
1.2919435279959
-0.489601343690573
0.500696439347576
-0.620985034817461
0.615456115889108
-0.495167520419223
-0.0
0.498152013404079
0.432769549422999
-0.683495681529107
-0.247425881297971
-0.813984067920422
0.813984067920422
0.500456719785024
-0.500456719785024
-0.843898417563798
0.408259138262164
0.00410980415694225
0.431529475144692
-0.0
-0.833400266907173
1.3330136858779
0.266940207138482
-0.0
-0.0
0.244800671845286
-1.29390336555312
0.911466550385383
0.634057399744171
0.00258568297539185
-1.31140530753188
-0.490952794310052
-5.02218025495875e-05
1.30340138424737
-0.431529475144692
-0.377611325389521
1.30680118031793
-0.927099385415402
-0.00620027366994983
0.933422780791005
0.00279314564164587
-0.253150765833046
0.253509738310099
-1.33944235572109
0.404910683058574
1.19998258581108
-0.766386532756632
-1.05015086911709
0.204350140156637
0.00729399284742697
0.838506736113025
-0.0
-1.30378595536418
-0.000300399218189719
1.54888702642765
0.256849276861843
-0.843547194970629
-0.470907370085505
0.453934387314747
0.000884132212339542
0.612919725803418
-0.61570055810224
0.882274066903018
-0.0319057940917055
-0.566812125992253
0.0772107823016805
-0.0
-0.349385133836356
-0.0862541454652784
-0.373003376621694
1.2982439996139
-1.79313658459172
0.521590786578199
1.02937033562092
-1.10084352821105
1.35506759562021
-0.012048605016557
-0.489601343690573
-1.05609263293937
0.710212615956276
-0.703970092059063
1.04985010904216
0.497166462142987
-0.497166462142987
-0.0
-0.846010866809689
0.666133394300764
-0.421283405669336
1.09845103501926
-0.497290156840999
0.495670790381247
-0.495670790381247
-1.05722978316904
1.05722978316904
-0.0
0.0562707479049928
-0.00026545726887189
-0.404889549712467
0.348884259076346
-1.30461916851901
0.00121778427164628
1.55833501322887
-0.766416038908156
-0.832723446657536
0.832723446657536
-1.3039862769492
1.80090491711296
-1.54688577090763
0.470241588629141
0.579725542114734
0.496794512209265
-0.496794512209264
-0.00797117606070762
-0.434353706431268
-0.0581318372930486
-0.0
0.500216458482887
-0.245282829501387
-0.2549336289815
0.489601343690573
-0.235882763145046
0.246977858802049
-0.854816521226353
0.354120081878777
-0.0
-0.851390455289798
0.254122813484504
1.36363449924384
-0.26436153598511
-0.935601374507893
0.433596053054452
-0.353661230334682
-0.284613637996513
-0.211271477615327
-0.0376104449620532
1.38749344791297
-0.500336657004395
0.76647502665571
-1.65363181756429
1.38916211236202
-0.937644600755076
0.435639279301634
-0.0
-0.0
0.251246013733491
-0.184623475474103
0.188311090722113
-1.55853576106954
1.30360213208804
0.0760919097597279
0.178841719221772
-0.00368761524800947
-1.10243249427079
0.851186480537297
0.501886995808563
-0.000593611709382641
-0.00289640381034269
-0.00879563659826544
-1.34099179898037
0.916806184245442
-0.499011782010097
0.0872019592493106
-0.00669487954190918
0.175627868055382
0.177461105291669
0.500816096738878
-0.500816096738878
-0.850163141083224
-0.237727193708258
-0.253718580545527
-0.0
-1.30396959195736
2.07046427392482
-0.76649468196746
-0.0
-0.803439116987925
0.803439116987925
0.498519252390813
0.00265501059680354
-0.501174262987617
-0.0
0.256134947762783
0.245515000944346
-0.50164994870713
0.247425881297971
-0.681021934352423
-0.453393386061598
0.531421936605373
0.609286083056203
0.235882763145046
0.000530253373251458
-0.490131597063824
-0.639898106662663
0.639898106662663
-0.605183614107153
1.09478495779773
-0.914785480096229
0.677673621401369
-0.252489484995713
0.256134947762783
-0.79347645042678
0.537341502663996
-0.88698943911605
1.13697726560959
0.00614712126924527
-1.14312438687883
0.0445845582937887
0.842404880822261
0.067337771145556
-0.49677677677724
0.760166583768601
-0.67951109153252
0.604918461158387
-0.194484070223418
-0.0616508775393647
-0.608213350795481
0.860702835791194
0.00364546276707056
-1.09789594565336
0.841760997890578
-1.30366899853936
0.914864262969542
0.38880473556982
0.494788498338824
-1.33373253478328
0.838944036444458
0.256134947762783
-0.0024163672172564
0.512844866410853
-0.510428499193596
-1.30606865146175
1.30242318869468
0.269410686805166
-0.521900171800878
-0.0
-0.0
-0.0
-0.0
-0.839598010390268
0.839598010390268
-0.0
-0.846010866809689
-0.457373778386621
1.79638628498726
-0.493001639790946
0.252489484995713
0.00244414398578764
-0.673940932264492
0.419007303282992
-0.0
0.253718580545527
-0.253718580545527
0.253718580545527
-0.00122909554981418
0.24688175714832
-0.251945360846062
-0.88603529847375
0.285046740049633
0.353562677126146
0.500336657004394
-0.245403028022894
0.246359755117681
-0.679955808172132
0.669715648043413
-0.491053223970461
-0.839162290663975
0.00307979511226341
0.836082495551712
0.501768538324499
-0.00373922035348239
-0.931625371025469
0.955201585643336
-0.521605532588884
-0.0
-0.0
0.251246013733491
0.270261124048787
-0.915060009148229
-0.02505513673658
-0.468548782806045
0.535709381837748
-0.0340594331306181
0.875108185892018
-0.489601343690573
-0.433596053054452
0.265258807646132
-0.434035862554139
1.09563185931995
-1.34239272859869
0.849133977241198
-0.848513655538784
0.848513655538784
0.493643256590157
-1.79736238874629
1.54984051143191
-1.54990733463996
0.450974083218378
0.852811872145798
-0.638442220123721
0.638442220123721
0.493130273298409
0.0078053463096603
-0.965285949843932
1.04738356647456
-0.0
-0.0
-0.0
-0.435639279301634
0.435639279301634
-0.349961742722997
-0.0836343103314545
0.932481280267753
-0.498885227213301
-0.0
-0.0
-0.81395062232726
0.727613776837172
0.586793565275112
-0.244321772022241
-0.256134947762783
-0.591548287951794
0.591548287951794
0.498519252390813
-0.252397873115034
-0.839827443543518
0.170687505828473
0.67915350620205
-1.10793266358266
1.61817441137262
-1.20201597485438
0.435639279301634
0.501055008257279
-0.249808994523788
0.248367405237239
-1.80368309779351
1.30406967882278
0.498519252390813
-0.850515027797734
0.351995775406921
0.499492399514351
-0.499492399514351
0.521507137782278
0.887156790908576
0.499006939397114
-1.30783729207741
0.808830352680296
-0.0
-0.849752178181516
0.506390388307731
0.832963133564358
-0.841005817992998
0.419458369955103
-0.0680538956526778
-1.30383605656946
1.30383605656946
-0.433596053054452
-0.869805331192915
1.30340138424737
-0.845800728960452
-0.0411887101555972
1.14312438687883
-1.05975454584936
0.803619598086574
-0.0
-0.350435522832483
-0.0810939523122088
0.927325711653707
-0.00619489281844205
-0.239613517197035
-0.335756182523117
0.0857683560295793
0.494408120183693
-0.494408120183693
-0.853820372244178
0.041904705846635
1.0606302371824
-0.248714570784855
0.521605532588884
-1.1165989673156
-0.251646384365486
1.10277476685498
-0.00364546276707056
-0.252489484995713
-0.352317583293192
-0.0792118918515002
0.927950731566414
-1.08650706939692
-0.21849170824005
0.808577521215244
-0.0
-0.0
-0.187474673778673
1.38451610837323
-0.702633314410859
-0.428516172823979
-0.0658919473597147
0.501412371891062
-1.55651715881627
0.70004779021228
0.611191944475707
-1.10935089515811
1.10814957637683
-0.610938313535551
0.854523936944864
0.728212988242836
-1.22673224063365
0.253718580545527
0.99085777345015
-2.04751280410376
0.802936450108083
-0.0
-0.435639279301634
0.93633571864921
-0.500696439347576
-0.0
-0.0
0.334866893905693
-0.334866893905693
-0.0
-1.30463579368327
1.30463579368327
-1.30356868958769
0.872039214442995
-0.872723552505902
0.458452298690141
-0.0415232590001811
0.0809916536262481
0.222162688916333
-0.0541052229131428
-0.165257924327027
0.803532792658221
0.489601343690573
-0.242175462392602
-0.247425881297971
-1.30335116244482
0.945327788637843
0.358023373806974
-0.416361723328768
0.416361723328768
0.247425881297971
0.243233337597887
-0.234524271133075
-0.256134947762783
-0.0
0.0656541047975467
-0.0656541047975467
-0.429439005631684
0.429439005631684
0.0601569572073805
0.00825231119160921
-0.00216155189206048
-0.24108231713984
0.674689646027983
-1.80322294999063
1.55950285235834
-0.256134947762783
-1.30361885101912
1.2169815239311
0.0866373270880239
-0.385696055016869
0.641831002779652
0.240286308658939
-1.34943527906249
0.256117017637966
-0.450335951829971
1.29847897056626
-0.251246013733491
-0.0
-0.0864843762704325
0.0864843762704325
-0.393641548278435
0.202802940822087
0.190838607456348
0.496670239160692
0.00414585757818575
-0.0025415293374249
-0.24213961963867
-0.256134947762783
-0.848720665978013
0.848720665978013
0.252489484995713
0.245047630332518
0.00375626877095026
-1.80511274180924
0.949851246335771
-0.949784435472673
-0.0003004546782389
1.80498862113327
0.000119388649209492
-0.501055008257279
0.0601623380588883
-0.489601343690573
0.429439005631684
-0.80258528750849
0.80258528750849
-1.30360213208804
0.494508466245601
0.809093665842443
0.248714570784855
0.0025314429486361
-0.179272647474113
-0.507612645561012
0.00410980415694225
0.0806162806065489
-0.0437811856924373
-0.0216673430981878
0.937868861111046
-0.265372190019495
0.244920060494496
-0.501055008257279
-0.340348625999516
-0.512260869405608
0.852609495405124
0.500696439347576
-0.00229945905873796
-1.80218293565301
1.79338729905475
-0.840442300771198
-0.952543688115685
1.30338464519631
0.497660379783718
-0.497660379783718
-0.358300958165974
0.358300958165974
-0.0
-1.05176354265488
0.616124263353247
0.927085053555419
-0.491445774253784
-0.433596053054452
-0.870022797964668
1.5597537987819
-1.10995532000696
0.418181092942543
0.435639279301634
0.521703836415535
-0.521703836415535
0.500576647131016
-0.244441699368233
-0.0024163672172564
-1.10592264170251
0.852204061156983
0.521802049430324
-0.951241055062009
0.951044538220568
-0.521605532588884
-1.30381935771006
0.868180078408424
-0.160429834092565
-0.257348533518882
1.10955259467586
0.234128800444158
-1.37792166719307
0.540494616262265
-0.0822757029078182
-0.874046050635554
1.12320159485604
0.679168688624503
-0.000978746437865935
0.00350589111562683
-0.501412371891062
-0.582475206983232
1.07889646340495
-0.930017309476174
-0.369846942129432
-0.0837137957246924
0.524266702712361
1.34315065078265
-0.980260562586431
0.502005321453442
-0.248286740907915
-1.55745442081892
1.55866946925489
-0.2549336289815
0.246121379275779
-1.54994073698584
1.37006707421699
-0.868880786486547
1.0587680177424
-0.190280391963507
-0.0658545557992763
-0.0
-0.0
0.0771979000436207
-0.930615546956702
0.672311078854342
-0.62152892730761
0.802635495366349
-0.0
0.2549336289815
-1.10386106868006
0.666577400377603
0.684237035129524
-0.501886995808563
0.499613418970729
-0.499613418970729
0.248714570784855
-0.352992002630194
0.603162659058641
-1.31285257311042
0.00817140417765416
0.80579594171946
0.766317653207123
-0.766317653207123
-0.887156790908576
1.14329173867136
-0.0
-0.689731000817235
0.688529682035952
-1.1063240842713
0.726127090764577
0.12526336452522
0.0696895067700421
-0.431366009210158
0.616610131421616
0.00120131878128291
-0.848180210367905
0.592045262605122
-0.0
-0.0
0.494408120183693
-1.07981903215533
0.149771632670007
0.435639279301634
-0.0
-0.353115775417101
-0.227053505813368
0.580169281230468
0.501174262987617
-1.54872502651423
1.11103999662671
-0.874538930276923
1.30091649813628
-0.84188601410521
0.852835309884643
-0.500816096738878
0.0638601495487417
-0.0638601495487417
-1.30356868958769
1.11614717781137
0.187421511776317
-0.0
-0.330696923374704
0.330696923374704
-0.853215947395327
0.244800671845286
-1.07752411850282
0.399127393603084
0.935008424945514
-1.09577399070975
0.177999895489921
0.416361723328768
0.350064149143743
0.148942790253371
-1.35019341993441
1.34078782422787
-0.418944225409034
-0.922658120911941
0.255741074970982
0.00205957939972237
0.680068206740342
0.415306404506973
-0.00843035806458888
-0.492743904923028
-0.832723446657536
0.832723446657536
-0.802137771878014
0.374813686249391
1.17667738142222
-1.13576608777863
0.386412791985033
-0.832723446657536
0.832723446657536
0.489601343690573
-0.923197396745024
0.433596053054452
-0.0
-0.589875919046906
-0.215780252652227
1.06058980068063
-0.2549336289815
-0.641703274253211
0.886503946098497
0.276903164570249
-0.270457822682044
0.00124347126222181
-0.00506360369774178
-1.09510911701255
0.847683235714577
0.766307809627565
-0.766307809627565
-0.810465679543453
-0.479754987178306
-0.470761609609702
1.30348505626724
0.496670239160692
-1.09169438656241
0.246597597679849
0.00885058679453316
0.339575962927338
-0.0
0.500816096738878
-0.500816096738878
0.499249946545081
-0.499249946545081
-1.30338464519631
1.80420074193519
-1.55059930221949
0.24454461736494
-0.245379137947678
-0.252750178532209
0.456937493284624
1.09641823780447
-0.249987826493538
-0.887156790908576
0.0542074559032159
0.482592621392781
0.000531051725536308
0.435693520367687
-0.0858678584806441
0.249987826493538
-0.00256194519556707
-0.247425881297971
0.247425881297971
-0.18068078904121
-0.0667450922567607
0.492096820874629
-0.76640620443417
0.253718580545527
0.512707291926984
-1.18944443091178
0.337325365436429
0.607495242433162
-0.0318027679790345
-1.34361840314724
0.85361912169595
-0.0
-0.537250006161998
0.537250006161998
0.491184235177365
-0.562934957628782
0.0717507224514171
0.498274567401453
-0.00424819118607122
-1.34602737884578
1.3508862298437
-1.34739888275209
0.669009323999933
-0.623071734024584
0.860647934109316
0.440325111742957
-0.498396980288838
-0.0
-0.397555447218003
0.893976703639725
-0.930017309476174
0.931379554543822
-0.241648553726587
0.24262842776847
-0.252641996255475
-1.55009097123314
1.80585658776592
-0.501886995808563
-0.0
-0.0
-0.0
-0.0
-0.0
-0.0
-0.593165293350435
1.08356102863944
-1.30451716587578
-0.842716892209928
-0.480138151511432
0.0295552599441136
0.803168186713423
0.253718580545527
-0.253718580545527
-0.803546240616591
1.05097212191456
-0.180325495004847
0.00023864337954713
-0.855085353792059
0.353911090804443
0.48999928145129
-0.919438287082974
0.429439005631684
-0.0
-0.0
-0.0
-1.05523833464096
0.462033003258917
-0.293784107734005
-0.12079977249469
0.12079977249469
-0.433596053054452
0.0801538662469891
-0.483083504061502
0.897085966688571
-1.1130501023595
-0.251212595954997
0.949781596543457
-0.742677884738652
-0.612730520939218
-0.451174476101091
1.31592249200021
0.264538482901321
-0.766543804354763
-0.0
-0.0
-0.425184136405656
0.0377616463238671
0.889191028406288
-0.169037095503585
-1.22022247337903
0.887491030558118
-0.0
-0.427324085628623
-0.622910239251667
1.54996862570708
-1.35132850103833
-0.00141982242922571
-0.451072331941599
2.070472887339
-1.6085770405853
0.491953992737595
0.350236515091072
-0.349592153576287
-0.00468787804658655
0.174402559113948
0.427303353806896
-0.592688858934684
0.838778220266854
-0.493515242630141
-0.837408835964733
1.17020915196067
-0.332800315995933
-0.812928415926317
0.812928415926317
-0.887491030558118
0.0342750831627904
-0.000403174300622178
0.85361912169595
-0.887156790908576
0.451517511606941
1.20201597485438
-0.766376695552744
-0.354710845789403
0.354710845789403
0.252489484995713
-0.593481993926911
-0.46686353880428
1.3058853657065
0.00206680594220548
-0.500096123913223
-0.350232464305903
0.350232464305903
0.502005321453442
-0.00721682311461736
-0.412103122342174
-0.08268537599665
0.500096123913223
-0.500096123913223
0.256134947762783
-1.10833900891977
-0.198808239873441
1.05101230103042
-0.845800728960452
1.10193567672324
-1.03823183766879
-0.253885468973541
1.38763357197321
-1.35177336880695
0.851797715819877
-0.845168846201249
0.845168846201249
-0.0
-0.0
-0.0822849608506099
0.0822849608506099
-0.0
0.2549336289815
0.237033301124438
-1.79545198637318
-0.0
-0.887323987960633
1.38729964094771
-0.00109042577377431
-0.00209071500403693
-0.42539468947004
0.69499654631116
-1.36388054298355
0.597484173933167
0.49778350148937
0.268543994385996
-0.766327495875366
-0.0
-1.30356868958769
1.55850231856919
-1.14225761694213
1.38681638747498
-0.499492399514351
-1.30355196601783
0.449932844321883
0.85361912169595
0.494914989229353
-0.430497781944437
-1.36855357992087
0.456037450304021
0.25668998976385
1.0894382505391
-1.30178571137604
0.461006204055702
0.832351533039894
-0.243479964414794
-0.246121379275779
-0.576588498894753
1.07728493824233
-0.430335379693678
-1.37381265175912
1.31597376396693
-0.0125221718617
0.76649468196746
-1.61930655411326
1.1077455011273
0.266770207434035
-1.05873562191732
0.537031785501784
-0.0
0.500456719785024
-1.80417585194115
1.30371913215613
-0.806632594991986
0.806632594991986
0.660922089165552
-0.171320745474979
0.00493372048545505
-1.03190000557782
0.608602061417861
-0.262075727472414
0.190838607456348
0.433996304627407
-1.35015383082105
0.851390455289798
-0.352715748232576
0.244064920943844
-1.35079752413014
0.0202905759832316
0.0252770768541471
1.06237999878489
0.266573508800778
-0.0268452810080993
-0.494661856774179
-1.30393621735429
0.000317366335168886
0.416462060110544
1.65401444222468
-0.275542566176443
-0.491315085139665
0.249987826493538
-0.640680719561049
0.390692893067511
-0.180283461411201
0.671859764325886
-0.916760439320341
0.925880575753232
-0.93013544497926
-0.374704163258472
0.804143168890156
-0.0
0.251246013733491
-0.251246013733491
-0.0
-0.0
-0.591131643530323
0.591131643530323
-1.30426968651089
1.79855071094609
0.272066154043373
-0.275425127357514
-0.490922051121065
0.50164994870713
-0.251662122213592
-0.249987826493538
0.498885227213301
-0.498885227213301
0.253718580545527
-0.609629895866814
-0.445823381167893
1.30098464303426
-0.930779421689773
-0.377072402966784
0.1868338016639
-0.491080482865555
0.922721251733887
-0.497537115328231
-0.0
0.499128512401726
-0.499128512401726
-1.30340138424737
1.55711996479289
0.247931368161603
-0.438138094047946
-0.90570236248785
0.496155294006054
0.844920441035914
-1.38604201812188
0.037404612727059
1.09974000467505
-1.5539574184509
0.872440116812666
-0.421080020260432
1.3449656227033
-1.79614208266235
0.718036846053944
0.585749109310232
-0.0
-0.435639279301634
0.0937461831912777
0.837939781689133
-0.429908437806442
-0.397449322538809
0.15010836841363
-0.250326768791848
-0.871838429450864
0.416378465479506
0.541635729973587
0.345353709142462
-1.14209041989008
0.887156790908576
0.2549336289815
0.0798643917491738
0.166376242256943
0.265389183968763
-0.76656344695638
-0.0
0.252489484995713
-0.688128764297347
0.435639279301634
-1.30341812174901
0.884810113646484
0.918342308929317
-0.248488287093296
0.248125228410542
0.00204112974702983
-1.80514821216445
1.19622540385206
0.107510436421327
-0.0
-1.30340138424737
0.699154490711834
0.85796547408106
-0.0
-0.253718580545527
-0.808930633817306
0.808930633817306
-0.147384690368252
-0.434207371519213
-0.263998284735215
1.34337384811205
-1.31049457128569
1.06642965034185
-0.59918797299769
-0.465897817710406
0.811367210162569
0.0682909427541117
-0.921910064450061
1.10610860669166
-0.252489484995713
-0.0
0.489601343690573
-1.29899308922421
0.877717315784014
-1.11570913672494
1.54479727426607
-0.497413707791509
0.251246013733491
-0.607624276359978
-0.449395076710888
0.206261821702685
-0.7042243226387
0.451126344868265
0.461666741867852
0.390942753537272
-0.362959902800091
0.362959902800091
0.0756319603332214
0.263400972452041
-1.6425848988031
1.8044875856259
-0.247217039062543
-0.253718580545527
0.491053223970461
-1.79443786916677
1.30338464519631
0.251246013733491
-0.251246013733491
-1.30351851423734
0.639730909610605
-0.248714570784855
-0.0
-0.0
0.251246013733491
0.244800671845286
-1.10123029968593
1.09478495779773
-0.489601343690573
-0.0
-1.30355196601783
1.30355196601783
-0.849133977241198
0.849133977241198
-1.04853469597886
-0.496670239160692
-0.0
-1.30348505626724
0.416495617151189
0.88698943911605
0.249987826493538
-1.13747885705166
0.287791964190563
0.599699066367554
-0.431529475144692
0.431529475144692
-0.433596053054452
-0.373367335720136
-0.0805276417835296
0.80281656475074
0.0846744658073781
0.252489484995713
-0.252489484995713
-0.0
-0.0
-0.843472950075933
0.411943474931242
0.495593801873958
-0.909444045956067
-0.0417770716817751
1.13327817018435
0.252885560121335
0.00288005641144957
-0.501886995808563
-0.0
0.499128512401726
-1.34888069058324
0.849752178181517
0.492226553143257
-0.492226553143257
-0.591548287951794
0.664576415091304
-1.37642951138688
1.80032002441113
0.00437474393542046
-0.434312790022616
0.184265419656926
-0.173927915168363
-0.964642086525762
0.887323987960633
0.766357018413886
-1.36325402341669
1.09480348577824
-0.497906480775435
-0.0
0.0658919473597147
-1.36929333160708
1.80228661146067
-0.0012248474295831
-1.3510780266968
1.35169221431453
-0.00867322371088002
-0.489601343690573
0.496046685578777
-0.00253144294863611
-0.493515242630141
0.252489484995713
-1.55585738959127
1.30336790459556
-0.844534747600835
0.493500118919337
0.605968257662998
-0.792253430346734
0.600443897594853
0.182997283046159
-0.246121379275779
0.2549336289815
-1.06253991952309
0.807606290541595
0.246121379275779
-0.844916258715785
-0.252799320771536
-0.452725453673747
1.80417469928036
-0.499855045395073
-0.0
0.2549336289815
0.51147257545267
-0.264519208625607
-0.501886995808563
-0.605567600966026
0.605567600966026
0.251246013733491
-0.0012581872399529
-0.647375921919015
1.1637057486326
-1.34905327337112
0.582735620163998
-0.887156790908576
0.887156790908576
-0.0
-0.435639279301634
0.932433791510899
-0.496794512209264
-0.0
-0.355145017274282
0.608863597819808
0.246618076458868
-1.8037213022007
1.30338464519631
-0.0
0.49778350148937
-0.00818215779879787
-0.489601343690573
0.498885227213301
0.003001768595262
-0.501886995808563
-0.887824653528989
1.38911803762817
-0.501293384099181
0.075272583379368
-0.423696467859062
-0.500089771059091
0.498504500649574
0.35000915488921
-0.0
0.253718580545527
0.239025324377501
0.00565307536581038
-1.38538641940489
0.88698943911605
0.0612793608621262
-0.0612793608621262
-0.0
-0.362556728499469
0.685248055690219
-1.55725382144667
1.79366683796497
-1.29274558734591
-0.500837601823143
1.80270153865031
-0.40496849958482
-0.170494242495831
0.07621279553557
0.766465197636987
-0.766465197636987
0.256134947762783
0.245158436336398
-0.00143833870410772
-0.499855045395073
0.251246013733491
-0.251246013733491
-0.8453797192268
1.33498106291737
-0.489601343690573
-0.433596053054452
0.433596053054452
0.252489484995713
-0.252489484995713
-1.30343485770154
0.90537828240598
0.890671378100781
-1.79650094670216
1.55387397039047
-0.609654422170422
-0.231063270975982
0.83944443743772
0.435888704850342
-1.53619747584674
1.35108659972589
-0.499492399514351
-0.607497742420171
-0.695870162175385
1.36713199088182
-0.0637640862862686
0.246121379275779
-0.246121379275779
-0.0753449589824226
0.0753449589824226
-0.253718580545527
0.490527558716866
-0.23680897817134
0.512962645870035
-0.277079882724989
-1.08913316941896
0.0620450280464071
0.18734803847119
-0.0834572938436646
0.433596053054452
-1.3040530015252
1.3040530015252
0.502005321453442
-1.55828186265037
0.706715594223522
-0.503655000421925
1.35427095565261
-0.848225475637163
0.602104096361384
0.239728227792679
0.00734346467926269
-0.00190919754021903
-0.00392443469752988
-0.844815529012945
0.167102191146098
0.68151730163823
-0.435639279301634
-0.0643363736854416
-0.433596053054452
0.934172700185468
-0.500576647131016
0.2549336289815
-0.2549336289815
-0.0
-0.0
0.499492399514351
-0.499492399514351
-1.30418637685776
0.000684590831621223
0.953093598718386
1.11674552494021
-0.766337337632461
-0.0
-0.834969731431299
1.35667356784683
-0.521703836415535
-0.0
0.489601343690573
-1.79357093564793
1.30396959195736
-0.364017778005377
0.0122963827718245
0.498885227213301
0.00252714467776089
0.0228159713603082
-0.874460807557273
-0.457332556221571
-0.0795917703811015
1.37834102608594
-0.922713710322057
0.431529475144692
-0.80412242130266
0.80412242130266
-0.600958047423492
1.09762828658418
-0.496670239160692
0.489601343690573
-1.33707637719571
0.847475033505142
0.501174262987617
-0.249928249254126
-0.251246013733491
-0.352627079758544
-0.950740824837012
1.30336790459556
0.0921665269571995
0.409720468851364
-0.501886995808563
-0.0
-0.832723446657536
0.832723446657536
-0.388592458827211
0.885138279505654
-0.00418969338026896
-0.923885602442865
0.687664422907475
0.244561491584793
-0.245762810366076
-0.2549336289815
-1.05363102452558
0.62003497147113
0.931625371025469
-1.38501875708707
0.88698943911605
0.491315085139665
-1.7954181139439
0.910756846278342
0.892231409739194
-0.924069363618958
1.19152147403812
-0.766337337632461
-0.0
0.256134947762783
-0.60532808663456
-0.0393993199554344
-0.463814433084541
0.262321078936558
0.167067254535927
0.919688797599958
-0.496670239160692
-0.176595846163192
0.176595846163192
-0.0
-0.389619675580345
-0.026742047748423
-0.631105460996493
-0.256585817199939
1.5589866305067
-0.426494680464982
0.171561051483482
-1.30375254684696
0.459854129283163
0.843898417563798
-0.35303564976772
-0.0354797571100196
0.207809756557605
0.433195135315846
0.23711185869486
-0.489601343690573
0.244800671845286
-1.29950422280945
1.8212768178606
-0.276971923205864
-0.489601343690573
-1.05886832669408
0.221459490729344
0.401769556663099
0.681760658577413
-0.845800728960452
-0.457901693534443
1.7979834469301
-0.238146076672423
-0.256134947762783
-0.83806837565854
0.252442325530745
0.149986770826161
-0.163046213412815
0.248935212706919
0.349750280007531
-0.0
-0.0
0.501886995808563
-1.31218563275453
1.30330027673691
-0.00300235833965637
0.00766109833242871
-1.38498436774435
0.887323987960633
0.244800671845286
0.25432784055644
-0.00073153211288825
-0.00552412983035699
-1.09135686839006
-0.288672772976995
1.37794750713839
-0.490790716229813
0.494914989229353
-1.79861741172425
0.672513382297045
-0.201534406459686
-0.0182588287774063
0.850982275434943
0.256134947762783
-0.186609414650196
-0.00422919280615173
-0.0652963403064352
-0.433596053054452
-0.379779224818815
0.275656608391057
0.53771866948221
0.499006939397114
-1.38599637851316
1.44398718736509
-0.312197076403758
-0.244800671845286
0.244800671845286
-1.09821831875837
0.462682112426227
-0.496421256421722
1.65360232778158
-0.276313939809177
0.00376722594975604
0.0279032264167439
-1.35452549608786
0.0218317831760566
0.81089166348148
-0.832723446657536
1.10436782502673
-0.00107209897692337
-0.500696439347576
0.521507137782278
-0.0238467579985598
-0.497660379783718
-0.0
-0.389575731324541
0.389575731324541
-0.592999029478415
-0.459841311370461
-0.250895499424514
1.5562253252691
-0.185269441311287
-1.37192232274354
0.459322559832315
0.0431899590298187
0.37066028505229
-0.455627315763884
0.887156790908576
0.50164994870713
-0.854564441104531
0.605403977393113
-0.598761586161595
0.598761586161595
-1.29980612933816
1.04731664434244
0.00870906646481233
-0.617393805988756
0.856173847455327
-1.79875104579881
1.30383605656946
0.247425881297971
-0.247425881297971
-0.0
0.248714570784855
-1.55206573322967
1.30335116244482
0.0685666487685306
-1.11831639318337
0.203109925322635
0.846639819092202
-0.633270858570523
1.1547779963528
-0.957146417083912
0.686885293035125
-0.192858916819743
-0.860339280294662
0.801952183380915
-0.0
-0.0
-0.356300638780581
0.60242201805636
0.246234748022395
-0.492356127298173
-0.0
-0.435639279301634
-0.868013004942859
1.80180429764857
-0.498152013404079
-0.0
0.249987826493538
-0.249987826493538
-0.0
0.496046685578777
-0.496046685578777
-0.887323987960633
0.247760430142555
0.29481073453444
-0.00523189441438602
0.596106096973803
-0.246121379275779
-0.338226671055906
0.338226671055906
0.490131597063824
-0.233996649301041
-0.0
0.244321772022241
-0.500456719785024
-0.0
-0.0
-0.181920698756107
0.433166712489598
-0.684842066787943
0.935364591378951
-0.00131181853947526
-0.500456719785024
0.2549336289815
-1.1003133482083
0.905542057285689
0.256134947762783
-0.598807885356426
0.342672937593643
-0.852406891911752
-0.196278330125867
0.869180890498768
0.247439505145748
-0.0679351736068971
-0.0
-0.536899064750526
1.02847536766521
-1.34050374261325
-0.00103033668465623
1.58446605437765
-0.478373330231646
0.243599353064003
-0.000849073613485132
-1.34884300359652
0.84995777638322
-0.805066159220182
0.805066159220182
0.501412371891062
-0.85318940821013
-0.46134574262927
-0.0382676763414596
1.33341931728552
-0.95510319083673
-0.163080871328563
0.596676924383015
0.489601343690573
-0.489601343690573
-0.435639279301634
0.0828362543445621
0.352803024957072
0.495670790381247
0.00260377702020617
-0.850629719762227
0.873960684949658
-0.521605532588884
-0.179504331538851
0.669105675229424
-0.489601343690573
-0.63750320406458
0.205973728919888
0.254068369853023
0.447974229777374
0.357247640952907
-0.840682738291733
0.840682738291733
-0.0
-0.431529475144692
0.921130818835265
0.0319057940917055
-0.521507137782278
0.501174262987617
-0.00314494501659959
0.00170498285576953
-1.80370389278414
1.30396959195736
-0.841760997890578
1.34233764502159
-1.54907787585106
1.8148090383476
-0.766307809627565
0.489601343690573
-0.489601343690573
0.251246013733491
0.238355329957082
-1.34160234632097
0.43117427222637
-0.411896716253504
0.491202385155657
-0.00789445967524313
-0.352931401912713
0.352931401912713
-1.30385275388689
1.30385275388689
-0.433596053054452
0.689731000817235
-0.256134947762783
-1.30346832496036
-0.000484580465452774
0.416796114517241
0.714766334261453
0.673086895994699
-1.38768587846363
1.38720589759894
-0.931745933627579
-0.416984180394092
0.848513655538784
-0.853417646913081
0.252489484995713
-0.856322030746352
0.60383254575064
-0.836082495551712
1.32568383924228
0.00531364553878081
0.000755801151893052
-0.249549411105468
-0.673445464904402
-0.426093561284458
1.35518618523758
0.264578640154079
-0.766347178478578
-0.0
-1.04845101621481
0.246495483510316
0.620848964645754
-0.170557777567269
0.351664345626008
-1.30350178602614
1.30350178602614
-1.30430299962795
1.30430299962795
-0.0
-0.878434714613463
1.30361885101912
-0.80443576474432
0.80443576474432
-1.04866850310654
0.61302922380491
0.936095999086658
-1.09527526898504
0.594818549200016
0.766317653207123
0.000108219265387695
-0.766425872472511
0.501768538324499
-0.501768538324499
0.500816096738878
-0.0112147530483049
-0.667062448982241
-1.12699172746093
0.963436057610939
0.341016775141661
0.499371242144033
-0.00740431203809399
0.00872950924163756
-0.500696439347576
-0.85361912169595
0.85361912169595
0.502005321453442
-1.35339577674324
-0.0359335326708361
0.808061137213319
0.568864194437887
-0.855585236466412
0.365983892775839
-1.05749747174334
0.704453738647051
-0.857298294831115
0.858271441954653
-0.00508427933065752
-1.79812725233982
1.54984051143191
-0.495921534792167
-0.0798735822593986
1.01079514508648
-1.81807835373565
0.887156790908576
0.766376695552744
-1.36160620765447
0.848948092647251
-0.253718580545527
-1.0559755029494
1.55738787484046
-1.34509818084845
1.34305705110142
-0.499371242144033
-0.0
0.500096123913223
-1.34840253175148
0.848306407838255
0.0581106184614231
0.442705478277454
-0.500816096738878
-0.0
-0.435639279301634
0.00410980415694225
0.930779421689773
-0.244316317563581
-1.10344728452028
1.10464860330157
-0.256134947762783
0.249987826493538
-1.13697726560959
0.530370022068645
-0.44577993098061
-0.0850916825301033
1.38010583336334
-0.675932429161128
-0.252321652945729
-0.397084167355902
0.832723446657536
-0.349037853327976
-0.507991480125347
1.35736599045772
-0.677797762296063
0.177461105291669
-0.0
-0.850573172095466
0.850573172095466
0.256134947762783
-1.14312438687883
1.38672373994284
-0.931263775971479
0.95303661292697
-0.521507137782278
-0.345893363569998
0.345893363569998
-0.0
-0.340153503754877
-0.292236855224256
-0.671278639560229
1.8023103825702
1.13266192534612
-0.497660379783718
0.497042623362591
0.00123194403886142
-1.80232756892665
0.868413722223565
0.686885293035125
-1.13857000169412
0.529702577556567
-0.48284490224972
-0.46303547337235
0.46260288082412
0.840898905202016
0.0808843914118203
0.421120930041621
-1.80538996664975
-0.000317777298585405
1.3037024224949
0.251246013733491
-0.603544618427504
0.00165298626346548
-0.0849936608710862
-0.451350159814415
0.88698943911605
-0.353175469918459
-0.454104432971075
0.807279902889534
-0.0
-0.495195130539235
0.0490085905923775
1.0564949170441
-1.10489637690746
0.916717319632736
-0.666482060900574
-0.230551813477946
0.0307846561037807
0.801938790553755
0.256134947762783
-0.0
-0.887156790908576
-0.21477888581466
0.845800728960452
-0.0
0.249987826493538
-0.370590991292903
0.619366540330618
-1.30901774742915
0.456261996438021
0.0051336579457708
0.348858717514109
0.2549336289815
-0.2549336289815
0.247425881297971
-0.84369782544694
0.249231500258969
0.34704044389
-1.04866850310654
1.54791844965163
-0.250535375760226
-1.30162159929774
-0.250644937504946
1.79947350081
-1.38341256535028
0.000501591442068134
1.14312438687883
-0.256134947762783
-0.359539347808972
0.185033971158788
0.232485626510417
-0.057980249860233
-1.30373584027339
1.80574116172683
-0.249515836457729
-0.252489484995713
0.247425881297971
-0.247425881297971
-0.0
-0.0
-0.0
0.521507137782278
-0.908374405957887
0.887203925180004
-0.246618076458868
-0.375146865024131
0.121428284478604
-0.431529475144692
0.345457670250354
-0.510200139254631
-0.254710331285974
-0.452770271412018
1.30375254684696
0.498152013404079
-0.933791292705713
0.435639279301634
0.495921534792167
-0.853919728511858
0.357998193719691
-0.0
-0.853820372244178
0.503147537748544
0.599387405280488
0.252101525954023
-0.500816096738878
0.500456719785024
-1.31202503058023
1.31081825734029
-0.00964860285450855
-1.33852878338914
0.848927439698564
0.501174262987617
0.000238108903445729
-0.888519901368808
-0.916561469061616
1.30366899853936
-1.30363556840451
0.852609495405124
0.496670239160692
-0.930266292215144
-0.374870637649095
-0.0404607489950164
0.848927439698564
-0.597270432175482
1.09868280406654
-1.35523274413524
1.35499463523179
-0.501174262987617
0.269090800469313
-0.766504508260821
-0.0
0.489601343690573
-0.234667714709072
-0.2549336289815
0.495041329803875
-0.243795316070384
-0.173304057868901
-1.13008058732741
1.80165921259776
-1.34802674558297
0.849752178181517
-0.435639279301634
-0.868346997647562
0.699888975588252
1.10443395836534
-1.31015696614694
1.05594168841833
-0.679717432330231
-0.870156493792509
1.30375254684696
-0.00762357249174819
-0.239092747233881
-0.690572908283134
1.67911482018089
-1.59818638666866
0.354710845789403
0.247425881297971
-1.30336790459556
1.05594202329758
-0.88698943911605
-0.41774607346621
0.250520297216515
1.05421521536574
-0.0
-0.0
0.253718580545527
-1.10408685335684
0.850368272811312
-1.30371913215613
1.55865276113763
-0.0
-1.14309129107407
0.888157662092569
-0.0
-0.0
-0.846010866809689
0.846010866809689
-1.30361885101912
1.55733743156465
-0.00500400976067207
-1.09409429001166
-0.00334094675121259
0.848720665978013
-0.0
0.489601343690573
-0.489601343690573
0.497660379783718
-1.34782352086694
0.850163141083224
-0.0
-0.853417646913081
0.853417646913081
-0.0
-1.04748390325634
0.969857981539149
-0.726842819315308
-0.0346935496314795
0.036003097521602
-0.00126371057623051
-0.0485911189221641
0.417374743339134
0.435639279301634
0.493515242630141
-0.922954248261825
0.680685019365175
-0.855902473919587
0.169017180884462
-0.41697021610349
0.852609495405124
0.252489484995713
0.242929968197677
-1.79907173743788
1.55364011073803
-1.06380460455198
0.813816778058442
-1.30341812174901
-0.0
0.766366857438551
-0.766366857438551
-0.418608008102531
0.0624025941980898
1.1225427515369
-0.699356743555897
0.434431777814498
-0.501412371891062
-0.887156790908576
0.0367885180972633
0.850368272811312
-1.30343485770154
1.30343485770154
-0.8048004840761
-0.0363143299263949
0.841114814002495
-0.390324568415131
-0.451436429475448
0.841760997890578
0.489601343690573
0.00781236410093601
-0.838578312166739
0.34116460437523
-0.0
0.0743951493522421
-0.0743951493522421
-0.88698943911605
1.14192306809755
-1.14209041989008
-0.0
0.0339408435132483
0.423776941763643
-0.166200537482282
0.850573172095466
-1.14209041989008
0.887156790908576
-0.353158977245695
0.608092606227195
-0.0
0.246359755117681
0.000237842562168129
-0.000834787313772852
-0.500696439347576
-1.30381935771006
1.11298075025371
-0.239921105605829
0.429439005631684
-0.500096123913223
-0.463309517702104
0.852204061156983
0.501412371891062
-0.00751354887748219
-0.859715673191935
0.0359264863823481
0.329890363796007
0.500456719785024
-0.00416017373648604
-0.00394041875036485
-1.37968011525881
-0.0
0.887323987960633
0.501055008257279
-0.253629126959308
-1.13491691185609
1.1436259783209
-0.849546345946522
0.430768255400498
0.162643142783241
-0.147384690368252
0.147384690368252
-0.179504331538851
0.669105675229424
-1.34180540484756
0.00327662145841886
-0.0
-0.802091261097129
0.802091261097129
-0.425184136405656
0.669984808250942
-0.244800671845286
0.249987826493538
-1.55384058038042
1.30385275388689
-1.30353524090115
1.30353524090115
0.249987826493538
-1.10380819873772
0.853820372244178
-0.0
-0.837188453732801
0.837188453732801
0.496545820678442
-0.496545820678442
-1.30355196601783
0.70985398355398
0.593697982463853
-0.804482677382254
0.210934666634675
0.849682958510363
-0.888358109689859
0.632223161927075
0.495041329803875
-0.833836619011841
-0.511982550253909
-0.0363789514467008
0.294540896384615
0.592615894523961
0.0645771791812531
-0.0645771791812531
-0.0
-1.303585411611
1.303585411611
0.0640762369984567
-0.404374618884032
0.596433329648359
-0.256134947762783
-1.04898589876099
0.161829107852413
0.765973569978022
-0.0
-0.852204061156983
0.459839703601811
0.891735599699203
-0.857850200608772
0.848874693753746
-0.490395735289006
0.500816096738878
-0.00897921628945952
0.0101684410040235
-0.502005321453442
0.491836880449418
-1.54155315760543
1.30343485770154
-0.00908752212717494
0.00785842657736082
-0.252489484995713
0.244800671845286
0.0113342759174968
-0.0113342759174968
0.00518715464825155
-1.10340547340662
-0.000402725331096438
0.676484113109092
0.177336259135085
-0.0
-0.803992656752888
0.803992656752888
-0.0
-0.521703836415535
0.489601343690573
-1.34301899060365
-0.45033489993388
1.79942333722821
-0.495670790381247
0.252489484995713
-0.637828975404632
0.494914989229353
-0.494914989229353
-0.0
-0.845168846201249
-0.458199058394307
-0.000167336305591334
1.30353524090115
-0.0
-0.802822074889768
0.61198346743342
-1.11254603773996
1.80491587185766
-0.254105345363378
-1.1347498692586
1.38596537199147
0.0228657537514417
-0.267788557236751
0.245166646667775
-1.80235355217367
0.946422626598889
-0.946522991226212
1.36717935683113
-1.11474003326685
1.54829582816639
-1.30041832862046
0.369655813423025
0.433596053054452
-1.30365228424449
1.80506465613556
-1.80488069685143
1.30346832496036
-1.30365228424449
0.707808073764119
0.595844210480375
-0.83317494152111
1.08060082281908
-1.55077704374279
1.30335116244482
-0.0
1.11641454479314
-1.5415986811988
0.425184136405656
-0.0
-0.0
-0.0
0.491315085139665
