-0.237373912477583
-0.0014492095135949
0.000904700712295832
0.000551108135696057
-0.422155386944474
0.65926466847139
0.58080760616568
0.000220382231932157
0.43891422012609
-0.656404410364895
-0.253371950106514
0.00553802244624448
-0.665211597872715
-0.221691690335673
-0.0151180838774524
0.23797779925604
0.011942195560819
0.173514195718137
0.00823011031272231
0.255466187219214
-1.35764093421358
-0.244825007586735
0.425664890605664
-0.0245524720152156
-0.410390853316769
-0.0171191141862543
-0.333078817607888
-0.508467042126536
0.241362351692022
-0.416992403932079
0.406190278548351
-0.0789867630141751
0.244129039475928
-0.243329710076622
0.994257327541439
-0.521294372330183
0.663857016393534
-0.24121073571989
0.00400033589514378
0.238168104414226
0.402711779496241
-0.230791104120147
-0.255458127513146
0.23235125305575
0.00275478360760063
0.66360813261008
-0.0006295148783549
0.583485742634356
0.594028696475884
-0.594443977649101
-0.340441036684128
-0.0035073151753805
0.168355674718213
-0.42603706232435
0.161417930976101
0.0820620334386926
0.495384633146062
-0.245131128826187
0.249265678920551
0.263071137431015
-0.0
0.4991660871173
-0.422452000482739
-0.00202290784737255
0.00168680928078518
9.13119044555049e-05
0.217148077769365
-0.481053622605114
-0.236579786486231
0.243918325969922
-0.151061095566079
-0.0132620978485636
0.252969955421492
0.247535815066117
0.241607706030394
-0.427030809017389
0.42627826564791
-0.000336644008904388
-0.414115438555005
0.910759896475548
-0.410063457127972
0.830790382841214
-0.252303236360019
0.0161789806669339
-0.417088103039574
-0.0781767014208538
0.903335546760895
0.234224329947479
0.667068395970575
-0.946691274187934
0.678902716951183
-0.593863575088981
-0.253111862450307
-0.401142832868299
0.00857704805532357
-0.51407091036738
-0.512599366759825
0.250676243210774
0.240256940120527
0.251210627350018
-0.247885247527594
-0.662272720266775
0.67440821981812
-0.180789165717914
0.00306371381591185
0.00105016413135181
-0.91616178861435
-0.403046214148225
-0.248714570784855
-0.502005321453442
0.246885390872543
-0.266216322062953
0.493802934750249
0.172265463064642
-0.177595902195742
-1.0143586184547
0.00373099983515391
-0.239502365533267
-0.233824765228547
-0.00454270209691124
0.424047385297164
-0.342096880972818
-0.428552162574295
-0.492711408544557
0.495191602677373
0.413740822248653
-0.00247256681203599
0.417297429179648
0.239702746741659
0.437613403945082
-0.588694265179878
0.487361189197866
0.00224015449270611
0.415598346345026
-0.663206110030928
-0.245033374962507
-0.238746199475357
0.669876625024756
-0.253125121121591
-0.915883976879505
0.0132771196630152
-0.23075572767699
0.0202100124426047
0.251186324044743
0.00591066230124357
0.169301625367852
-0.401946019952824
-0.236878082036086
0.917735392157823
-0.000276974639114369
-0.667932498552941
0.170846722384422
0.242554387071524
0.0027492324184222
-0.91312964388006
0.00132796385528308
0.00597288714424769
-0.247636515769553
0.503930692481908
-0.411181788201625
0.411692060276469
-0.175555985380349
0.00333459666785986
0.238084093678169
0.488705066272344
-0.651549568755611
0.254011261679236
-0.00134256461861058
-0.417100295144418
-0.900943860518708
0.399846708794968
-0.00300905682575815
0.171260181905277
-0.415466555169304
-0.00605604515885379
0.42376888510192
-0.43277225391243
-0.23862142642743
-0.496635676147172
0.490261555996206
-0.247720959056142
-0.24834010157728
-0.920104048160219
0.500993937629908
-0.00682811455509479
0.166596998157693
-0.0109723505458323
0.903891714160477
-0.239272546910575
0.244321921190484
0.437291291348231
-0.178856340911789
0.405266627671765
0.499565961338806
-0.497319676565043
0.488807506230322
-0.00217743775930041
-0.245988770228411
0.501117897663946
0.832846711113024
-0.902821066193356
-0.00295055793324698
0.41823313280093
-0.417580952068721
0.423026709245658
-0.00970854196392581
-0.00628268155522177
-0.658670943061493
0.660293494754777
0.247350264371632
-0.07390238322564
-0.504355137908101
0.491080622654213
0.594368116700454
-0.425184136405656
-0.157551483758342
0.582735620163998
-0.41533217259474
0.424045093857232
-0.51460146392265
0.271293279245522
0.65729296350572
-0.0
0.507756874509119
-0.245514749829197
0.0164524124934435
0.416507874809752
0.00791991585050295
-0.251427896121422
-0.0123096040724675
-0.2418552899785
0.232487605560933
0.417446138012707
-0.643439594998462
0.490792440393247
0.00233661938794127
-0.0100412040876064
0.0103052202377127
0.663423468763796
0.252497404366779
-0.252511184724812
0.418781984464308
-0.410425542748218
0.164230630643656
0.00910757125176153
-0.00566873757668874
-0.175900324983473
0.2511306151154
-0.495870948056964
0.0844803854456626
0.00766133058988405
-0.426824584895125
0.00145511839637786
-0.23043892595242
-0.436304188905906
0.423745976809706
-0.403766451326989
-0.418059478738689
-0.00731043998720876
-0.250600981830534
-0.175734722745149
0.00359847922981421
0.0104309138257428
2.03554215208176
0.671485427642602
0.00809911643267187
0.235264537592258
0.00466990026995776
-0.017186153945586
0.401910243323817
0.000519204920415749
-0.480849367952305
0.414792258804643
-0.162869424821515
0.510445292512057
0.493471508207833
0.603782909578812
-1.08929336603891
-0.668409636434914
0.257353838974163
-0.42278140734129
0.415340780867178
-0.474433591874649
0.849632887709973
-0.835906291232534
-0.415118252066546
0.0196784737114714
0.41068166781753
0.427976415126208
0.243773345508796
-0.899306333722454
0.402353185957132
0.0055124703198345
-0.642280214115278
0.24260051435481
-0.412171282533532
-0.00482560196610767
0.16382902814035
-0.249695404675854
-0.67816696604974
1.08851582975928
-0.0817785337649004
0.649275920431072
-0.2512281255094
0.269321429835972
-0.660762667179359
0.246571676192565
-0.249999018995418
-0.164739637109228
0.417164505832919
0.245038075669296
0.646197764725056
-0.647329976602874
0.413254816479145
0.422658475395781
-0.436177859636081
-0.222893180735568
-0.43250507365868
-0.649040917542232
0.15247940072799
-0.245847718621578
0.149658286057931
0.089099894490232
-0.251706422469395
0.266257912264686
-0.259113011361054
0.649172774923046
-0.0124930285537193
-0.252325631546776
-0.421727802525588
0.415086281868562
-0.423056925686734
0.590547984264934
-0.00312928747214125
-0.244392859925832
0.24492910916297
-0.0123179410527081
-0.155799859351949
-0.248746137175166
-0.253446724681931
0.262066522718831
-0.00900765942383257
0.426166109972353
0.434366023592951
-1.08143801744239
-0.162779645287338
0.682155067367151
0.163873966028237
-0.172672396329326
-0.409440344600559
-0.182142865426977
0.435248674357126
-0.0113703441076224
-0.00374663151243233
-0.00837890601483276
-0.407982817313935
0.835181719898571
1.60634049233993
0.243777091402273
0.23780614729912
-0.412649124045187
-0.238432566125352
-0.251629919104272
-0.243952572129709
-0.256655820599121
-0.239776594817686
-0.186215267302864
-0.094853863674857
-0.258725567741143
0.489504148142725
-0.00219488298809847
0.831508398221563
-0.422055825953847
-0.588401322017046
-1.34449532813943
1.11852352977504
0.490544981437505
0.00195881373621761
-0.490781652643195
0.235423606205687
-0.478709402949541
0.898134333000198
0.257277899116591
-0.41206499746041
-0.254623494660206
0.0199418913146892
0.170724949710418
-0.259362468109488
-0.890180617573545
0.423602039901245
-0.00111508246912669
-0.00407847820332335
0.495158647320003
0.405721850047235
-0.41350812880534
0.653525690403512
-0.41680457100796
-0.0162374536612959
-0.511520072852261
-0.417007260821252
-0.477367063375649
0.495219187756052
-0.0127468757569226
-0.489539387542712
0.00490550327097729
-0.422586414062177
0.0108042725454068
0.16539587226333
-0.0925171763346707
-0.667196028134901
0.247665231397775
-0.905445791027315
0.010851869369793
0.0045025555371193
-0.00640087833574237
-0.9060037882208
0.256956536828873
0.000646603759048394
0.25612587365127
0.256333165232574
0.00996671174684547
-0.67674102701202
0.493759210025663
-0.00644534188820445
-0.239613517197035
-0.416286371080721
-0.00107026136107583
-0.0838088228215953
0.413415101525507
-0.0175139055002414
0.00177407946487121
-0.237271517285694
0.246423961294449
0.00439800403394216
0.165854610749536
0.274586138442096
-0.077704627437069
0.0134552266630308
0.424351348659567
-0.0111784525610377
0.651757950966833
-0.484817729915075
0.259692531612848
-0.00476661974869945
-0.649536993151027
0.235646140068612
0.652426838462579
-1.12081650750309
-0.494523632961996
-0.893420524656101
0.414115438555005
0.0821811074935326
-0.0951025745356939
0.083265528951703
-0.0102336206926711
0.180198717866835
0.428071983418953
0.0106968928278809
0.846197717912373
-0.502579597444445
0.0132874201521525
0.235042020692463
-2.2765686441529
-0.232595275323048
-0.35193178806463
0.245207158996469
-0.67323896998614
0.65664821836004
-0.174421476832028
-0.00197215275567192
-0.177531066936446
0.35144832166949
0.0209929460036256
-0.408224913482233
0.416310305159397
0.167772864657855
-0.240379310316002
-0.250576960753856
0.164889427557004
-0.340604156076799
-0.250880475902011
0.171811500553244
-0.0766470926679474
-0.16533881091774
0.23012447222369
-0.495740729553144
0.0140039535715972
-0.238812839613378
0.000965392536156096
0.00173655064403049
0.424834076098669
-0.0889760028884367
-0.408189944296829
0.241352618509909
-0.233739289708135
0.503897942767508
0.402867918080277
0.24645045989857
-0.0150654487104856
0.000885624676769376
0.00303026836668059
0.167397183190339
-0.649174536617571
0.414566748587115
-0.6715157345422
0.398159298866881
0.335063066873818
-0.343917966724357
0.172356915240875
-0.67191586846687
-0.830182687229923
-0.496417047016651
0.838828286970515
-0.503797926703707
0.0188484865634995
-0.424017395094278
0.00909603001653639
-0.414240148928189
0.00319585346581294
-0.508529950747394
0.499711988941951
0.0107379341821536
-0.0767630687046577
-0.00746320808746835
-0.422376381420611
0.59013570341966
0.0103522423669469
-0.00968880982444826
0.146260342531344
-0.493292125844401
-0.165744841147259
-0.155660048099177
-0.179001117524043
-0.00684745385277597
-0.267243233053968
0.679420688084273
-0.255884158511916
0.815675482365376
0.00859615895070414
-0.916117117613311
-0.0100965254817689
-0.164904333004289
-0.909100110239322
-0.234473388788628
0.246559134938477
0.416893925751588
-0.231365002802829
1.32674982287292
-0.486336789478855
-0.239895168574309
-0.0845259454758309
0.411213092642993
0.00438943393298546
0.841191696393113
-0.175572997400816
-0.167719696337417
-0.658314060891247
0.23635953815002
0.656826962253706
-0.251547922418444
-0.424902815845134
0.235588915801935
-0.895921905812349
-0.010358774698943
0.768501452759694
-0.934664967257152
0.246557994184904
0.010427361327172
0.249509070509239
0.639711173699171
-0.218851491945942
0.343122102966964
-0.00642576714280184
-0.171850606674642
