0.618354680642443
-0.618354680642443
0.0
0.00522651955226186
0.00522681113406981
0.0
-0.62684541923715
0.00178770379218524
-0.00677714184406754
0.00680365298621483
0.0145629538316129
-0.0145894649737602
0.62839343928172
-0.628072001279485
0.00395168696431924
-0.00427312496655388
-0.291685977847282
-0.00314005452414831
0.28903541777917
-0.290389331392206
-0.296670566175548
0.592814786677686
-0.0149797385364398
0.0174069108613855
-0.00239144684261733
0.0
0.00254930811685846
-0.00254930811685846
0.000321438002234652
-0.000321438002234651
0.0
-0.00444090693865746
0.625817321376804
-0.291685977847282
-0.0044939681371837
-0.00462106326222385
0.30080100924669
0.0102053005634533
-0.302377859788498
0.296946340750249
-0.305054093871695
0.622209736908926
-0.32162646114657
-0.00567856712980462
0.00537560371393849
0.0
0.0
-0.0104964879097947
0.0114584041137755
-0.289582609880901
-0.304229818483094
0.592850512160014
0.0004818565314191
0.00175153522318929
-0.00223339175460837
0.0
-0.0067540235721496
-0.288072008799281
0.298004856916354
-0.00445763026088526
0.00705502157104916
-0.00577621585508776
0.0
-0.00984472501161083
-0.28498130735982
0.294826032371431
-0.295852283201297
0.917699395981054
-0.619930414550205
-0.000635733899415405
0.623776751114827
-0.625057715444964
0.000160819325114125
0.00238848879174434
-0.00206745158543937
0.00394684048187701
0.00296419242702253
0.00281241112313461
0.299829652245361
0.00195399675306789
-0.000598077047880193
0.625804878616064
-0.640352556101615
0.639634791322308
-0.633382347992292
0.00806625133349505
0.319278968679164
-0.319199940274792
-0.306519064453811
0.304553593405712
-0.00313077891171824
-0.00391427773078978
0.00430033173273901
0.294148231478244
0.620297768705771
-0.615647704590369
-0.00270697605207482
-0.010356604416216
0.63443356039794
-0.634125080837728
0.0100481248560034
-0.0167762822408064
0.0107361515935723
-0.282580563029686
-0.618818594128302
-0.312515049415406
0.307620761106141
0.00886039839894236
-0.00455931674640322
0.926191537157611
-0.305708681193749
-0.330122007109301
0.00452245599114749
-0.299253638888784
0.923710608571758
-0.298857418564821
-0.324863169400859
-0.017912432353858
0.0135781655997761
0.620883414002223
-0.910306202816027
0.284244940510238
0.0151004586179908
-0.0096031663465144
-0.0108521379433309
-0.601839224340407
0.641417937706368
-0.0407594661299759
-0.601966710815365
0.00794571212433226
1.25281653891409
0.0
-1.26848198784099
1.86622678831027
-0.597744800469279
0.302706299482969
-1.58115120795045
1.56830272375882
-0.289857815291343
-1.2581394372368
0.318173757609017
0.939965679627781
-1.26464956018705
-0.0153195472128555
0.00739548439574167
1.23806701996904
-0.287871179167767
-0.945786895120743
1.54216017918705
-0.917246955922829
-0.638233341905121
0.656427080519567
-0.627086061992964
0.312178097810147
1.25011543088993
-1.57253848479785
1.24111111091511
-1.23321356143603
-0.00133231735756936
-0.00198629508181948
1.86322239546194
-0.00205981759172216
-1.85346821226415
0.0
1.54971951151486
-1.55708383560102
0.305739066527093
0.951740688448996
0.0
-0.664504525258744
0.664504525258744
-0.948950896577196
-0.314409069181268
1.86862652290158
-0.927186236813832
0.621804389794902
-0.299884710124186
-0.648312271365399
1.5763175848975
-2.19136527929056
1.26335996575846
-0.322002961497112
-0.93114933394301
1.85486320599908
-1.85182634144889
0.602462499289716
-0.632012019894835
0.0295495206051189
-0.0240156210373686
1.2741310519273
-0.61863069802791
-0.324260922389818
0.942891620417728
-0.0442109594996403
-0.6058566425428
-0.600047828847489
0.611813180576429
-0.61282924832546
-0.0154410385388514
0.924152096099875
-0.910396097836155
1.25281653891409
0.0
-1.25582350141418
1.25582350141418
-0.326736212241796
0.326736212241795
-0.961367907183112
-0.29043886323861
0.610291948688876
-0.298450857894934
0.920664853246298
-0.972637604795522
-0.362196468609405
-1.24699643380054
0.293411231452653
-0.615433800050786
0.0142735398962642
1.25515816010883
-0.680680829939455
-0.569434600950474
0.602823208307438
0.921299636160284
-1.5472050808032
0.940377938870429
0.332819728354973
-0.0292450235269901
0.644309250346257
0.00999348862569785
0.0
-0.0289401845093419
-0.0211374965273266
-0.586278617454974
0.00624071431037776
1.27813903900786
0.928064855577013
-0.593212017390226
0.615064226819267
-0.630561547369454
-1.56654747724338
0.0357103579092054
1.2362277458984
0.66784928454061
-1.3342719342995
0.0232069018634933
0.645114750726161
0.589054899424756
-0.591276129279006
1.27863396033144
-0.631722912121472
0.0
-0.939965679627781
0.314907964182817
0.625057715444964
-0.625057715444964
-0.626411629058
0.929442578299236
-0.00612573284762416
-0.921962931838577
0.599184898223832
0.650930532666097
-0.644689818355719
-0.657264918729914
0.00326701877560815
0.0289401845093419
-0.00999348862569783
0.00382307306989054
-1.57168859174925
0.294733916548214
-0.610591738334614
1.25582350141418
-0.652525640497189
-0.293270450181549
0.945796090678738
-0.347270025836914
0.347270025836914
-0.341307329909423
-0.308689682661677
-0.611742296930723
1.86269693615016
-1.23271837689582
-0.021887552253226
0.301952926087616
0.351695376413095
-0.322110117357829
0.929550094491604
-1.8575554080237
0.929287533928059
-0.934663137641997
-0.0110815025739435
0.322789639484146
-1.27617455121774
1.2766504698855
-0.668852776124455
-0.636030593726327
0.0219921856549043
1.57916195961036
-2.19062016047996
0.00823165304949328
1.23020800150514
-0.317620710126282
0.319892252449711
0.0100757906299854
0.633762373949372
0.623964014354753
-0.0119618597323934
-0.630171420786065
-0.285938191277806
-0.00135391361303539
-0.631711013618482
-1.54654068696994
0.303319489663935
-0.303319489663935
0.0125974329728619
0.0
0.592121641346931
-0.31366821665442
0.588225237090076
-0.290285533945697
0.00516488162333006
-0.94906752996949
0.322298237574548
-0.301164534312732
-1.27844490846748
1.27844490846748
-1.2741310519273
1.2741310519273
-1.6467407573931
1.3247258940929
-0.319499958432646
1.57023282865011
-1.89981453470291
0.621328446314432
1.27791624967269
-1.59950179595767
0.671353627756187
0.0
-0.945341283341719
-0.0833032457443362
0.39688377883857
-0.00975407148536097
0.641514821732846
-1.2675289413968
1.2675289413968
0.274114569438511
0.357370163423508
-0.0246207560315008
-1.9386967700408
-0.639779031125712
0.639341401742188
-1.23033651204761
-0.0132322954090109
-0.612490981469615
1.25079323178312
-1.64959135217247
1.00613399147288
0.92048448809364
-0.310668205745886
-0.615556620753716
-0.0139392156671918
0.322532616252034
0.340604298520711
0.631484732862019
-0.631484732862019
-0.632079061590778
0.632079061590778
-0.644689818355719
0.297989104172717
-1.40668675042628
1.75338746460928
0.296838748097465
0.0118563452804079
-0.949233243354777
1.56861491065893
-3.84462715036923
2.9165503896872
-1.28118233452189
2.20922337658551
-2.20587386658139
1.27783282451776
-1.57429281904408
-0.0108165351378856
-0.0507020227718792
-0.625409379011647
2.25501541727098
-0.298024479788584
-1.25449118405661
1.55872100253971
-1.33351275836454
0.379373472076343
-0.625461125621538
2.20356634464586
-1.90424715385813
0.976051402638913
0.631484732862019
-0.592850512160014
0.0
-1.0283895210401
1.95634718110025
-0.927957660060146
0.0
-0.339829771321217
0.946982070451453
-1.25649279694666
0.959490249078576
0.0
-0.354072065230522
0.972201293172115
-0.92827897920374
-1.26400552876589
-0.0113650646607483
0.633855771693797
1.24707329703509
-1.87593657644032
1.58052785240023
-0.310149751262148
-0.341074456255525
0.341074456255525
-1.95668953946843
0.986788306024232
-0.676914849052286
1.95696583375864
-0.970349903736325
-0.589915278415752
1.25011543088993
-1.33158155847075
1.33158155847075
-1.26108832809467
0.0106337852097541
1.20653222891655
0.650352592961377
-0.0127776716961044
0.0381892294085622
-0.330677302392728
-0.622929690527459
0.321765156214727
0.927909988942026
-0.966018131892613
-1.22718392432147
0.591276508403708
0.0389643547976907
-0.0218922766570175
0.65694348072768
-0.67420334535471
-0.575912085535219
1.25011543088993
-0.674886423523262
0.674886423523262
-1.27100720713619
1.27100720713619
-1.95784308571863
1.95784308571863
0.928148168201479
-2.28110025291957
1.35295208471809
0.0
-1.25945401179945
1.25945401179945
0.0
-1.33233456621209
-0.258629285111844
2.19753885866609
-1.248089829075
-0.637845632684072
0.287129457911163
0.00886112408223353
-0.938960061610517
-0.318110804311124
0.00624071431037776
-0.319973253658948
-0.29772566152103
0.611826880715689
-0.626453430911895
0.32867684590208
0.283442636899039
1.27270472429399
-0.603944671396242
-1.25747975497609
-1.57246594812099
2.20243487015013
-2.20428995105981
0.630067602299163
0.646228946942923
-0.650930532666097
0.0258728172211329
0.625057715444964
0.0
-0.628429921750822
-0.64940290276694
0.655494992175203
0.622337832342558
0.0
-1.25011543088993
-0.00236493570047005
1.2524803665904
0.60512034945788
-0.60512034945788
-1.28118233452189
0.633354225528977
1.57610708819665
-0.335428467043726
-1.56799452972001
0.0214538427500747
0.28092793552982
-0.577353191609827
1.22215163446308
0.0279637964268458
-0.349309368384279
-0.275748347060685
-0.630100444663864
-0.701657002535845
1.314426745469
0.642388417175675
0.972136643944718
-0.61863069802791
1.25035361014938
-1.60808464202663
0.0120247349467388
0.0172085869221086
0.947128408036307
-0.97756662341221
-0.273284095879147
-0.0230981686783099
-0.287051582583838
0.590932958442815
1.29078635002195
-1.30779346646761
0.0444288386452867
0.588542403848608
-0.30698324541267
0.350201591811547
0.603944671396242
-0.603944671396242
-0.628429921750822
0.628429921750822
-0.965727178818003
-0.313937772677045
1.24769167267484
0.304907619376281
1.25162113054571
0.00148829233332628
1.22260790351287
-0.614372227393988
0.659293265277914
0.0
0.302706299482969
0.29810014000411
-0.600806439487079
-0.9679085774311
-0.875172500732969
1.84308107816407
0.310149751262148
-0.631355862540769
0.321206111278621
0.928064855577013
-1.58206275553132
0.653997899954306
0.604827434990186
-1.25575796765628
0.0325380138976405
-0.00666519667650761
-0.0258728172211328
-0.616916462799525
0.914940942588109
0.352906052877513
-0.653571804996351
-0.6780097534744
1.92917134886349
0.330486970289291
-5.95365376251182e-05
-0.928017224144405
-0.00646041360803971
-0.63822940474768
0.953384911733593
-1.58866420077778
-0.051612451070842
1.9394518508342
-1.23630021411427
-0.62606126230579
1.25449118405661
0.308695093377873
-0.308695093377873
0.928148168201479
-1.28162765063391
0.353479482432432
0.0
-1.27132121424661
0.948255557377
-0.32438608095482
0.647451737824432
0.602758157439389
-1.2505862664323
0.0127769049222494
0.635051204070662
0.0
-1.27905561539927
1.27905561539927
-0.647828108992912
0.647828108992912
-0.963783396663992
-0.662064845426887
1.28057639874198
-0.657364850626624
0.966059944004497
-0.308695093377873
-1.25011543088993
1.25011543088993
-1.27194814089175
0.946224518623897
0.325723622267852
0.631484732862019
-1.30403064204294
1.27560172190439
-1.85486258314519
1.25180677042172
-0.644689818355719
0.644689818355719
0.286478580084878
-0.286478580084878
0.310149751262148
-0.971335520614131
-0.619693766346888
1.28087953569887
-1.25549103460387
-0.0241739168911804
0.622899617526282
0.323320895114111
1.2614973882256
-1.58205084932525
0.0124830782214599
-0.310576129368499
1.58369482867618
-1.27645275132165
1.2477559448558
-1.55341842137398
1.25624686840387
-1.58203206738096
0.62229864928778
0.959733418093181
0.00441423312327331
-0.310149751262148
0.601108636463905
0.00633134066986981
-1.88311957357237
2.203696820583
-2.57458214163714
0.384500701768179
1.85856367779559
-1.86211221351115
0.00289988757732534
1.89443577598426
-1.283491976326
0.651769064204529
0.310149751262148
-0.954839569617867
-0.300318590490961
-1.01183187145859
2.88476218868187
-0.974049515967457
0.0461276075908581
-0.631760750247485
0.631760750247485
-0.945461987108331
1.2541570804862
-0.308695093377873
0.0
-0.968146782954442
0.968146782954442
-0.645377520620845
0.645377520620845
-0.6383022503135
-0.0132961171253412
0.954304666921811
-1.2712305634314
-0.307463984162629
0.0135995145753642
1.86794720883794
-0.605558475302242
0.0
-1.95679004265977
1.93845190038126
-0.0340901464375314
-0.59256679271601
0.644995081432049
0.596499462071031
-0.600065933279674
-0.0444363136138225
0.0480027848224659
-0.639911946431191
-0.625700805008925
0.62409792970727
0.641514821732846
-0.971140774943549
-0.27897465594638
1.25011543088993
-0.650930532666097
-1.00615492617741
0.325503900372753
0.080112213967786
1.25146934450296
0.0
0.0
0.606140333255544
-0.950241329749076
-0.302875262108892
0.603341944425333
0.67511904703911
-1.90499388505182
0.919810896098214
0.353698256091586
-1.25011543088993
0.596117530935623
0.00616979096139467
1.57584533313732
-2.17813265503433
-0.0119487848346297
0.0119487848346297
-0.0292450235269901
1.5564114107519
-1.62621445127597
1.34916349494099
0.0
-0.644689818355719
0.644689818355719
-1.27691210305843
1.88115170208197
-1.26400552876589
-0.61683857088465
0.598648792404229
0.677955708222771
-0.351291600471337
0.326105857566007
-0.622265994919102
0.647451737824432
0.0
-1.95684028030527
0.685519066058656
1.27132121424661
-0.641514821732846
-0.0073445213153106
1.25629932018193
-0.0145894649737602
-0.639688825158117
0.0468383129981024
-1.25011543088993
2.17803733926653
-0.617772157114451
-0.961080283928245
-0.613719027520956
1.24854436331561
0.62210031200328
-0.60599511513184
-0.966454749364852
0.304775540980535
0.661679208384317
-1.28118233452189
0.946377153836079
-0.602907071108986
0.277170034923631
-0.928100567589729
-0.619447568471985
0.9183189826802
-0.301938781496424
-0.310603878961986
1.59620565649113
-0.0301937518560132
-1.27029311874899
0.603226547820107
0.650930532666097
-1.26784699546562
1.86387633217056
0.0
0.0
-0.65816833784027
0.647332703277799
1.27783282451776
0.0
-1.27813903900786
0.639288039332228
0.606877720855426
-1.2452460785061
0.930127694133828
0.942649151404567
-0.595557488212089
0.631722912121472
-0.631722912121472
0.0
-1.25846867817066
1.25846867817066
0.601259469349364
-1.85272881385233
1.25146934450296
-0.675582297550703
-0.576898069039696
0.294091425622484
1.26853869223006
-0.359027301758574
-1.90813848838843
1.28317339498268
0.673842643902177
0.0
-0.644689818355719
0.950425336494594
-1.5558509490288
0.60379695382064
0.310323752091443
-1.31215046194955
1.58418042660635
-0.649442240332771
-0.30562819464242
0.0110326665228167
0.915472285237132
0.319641892963451
0.331264832794948
-1.58207466063634
0.653997899954306
0.928397783063235
-1.27063322235146
0.342235439288224
-0.058080020506083
1.27444146833241
-1.28178692077779
1.59193667203994
-0.310149751262148
0.0
-0.6383022503135
-0.626668753506955
1.26497100382045
-1.26911549831915
0.605914272817395
-0.00425270374306172
0.0227641108890966
0.295806848952137
-0.375979015900711
-0.552664278913594
1.27752626421789
0.0
-0.321646418101704
-0.948416582459281
1.27006300056099
-1.27936045441692
1.56582712168515
0.0225131670922874
-1.95671466875489
0.988763704748468
0.967950964006417
0.304229818483094
-2.26114543782859
1.95691561934549
0.301164534312732
-0.338270777245374
0.317509560883991
0.31888140342745
-0.599284721378799
-1.27537059342664
1.27537059342664
-0.0431518407095034
0.649582119702506
-1.28207686651525
0.675646587522243
0.304229818483094
0.301474368043546
-0.60570418652664
-0.0477125122011483
0.0477125122011483
0.607583575423078
-1.88480293274938
0.615578685429708
0.968864482368798
-1.5620486874002
1.254824876928
-1.2731976672254
1.2731976672254
-0.343848148692158
-0.327860611322701
-0.578745782870061
0.901738191045705
0.951920734519176
-1.85331981356989
1.25011543088993
-0.635051204070662
-0.625384577756206
0.910337784882631
-0.297730112048674
-0.63000471552485
0.00122832389076166
0.596001117589924
1.6087039506268
-1.58313209456503
1.26290181933875
0.320039696578578
-1.57884052160812
0.00128757340702564
-0.628801949208406
-0.00303988749705444
0.0184481883344619
0.621372693472337
-0.607416113982301
1.57156376519876
-0.95797786025506
-0.631836842502136
0.954601320741127
0.923888306903373
-1.24665278514236
-0.702721097219979
0.712246955899391
0.0
-0.620166427857155
1.21301694001717
-0.643182545651032
0.040806174811606
-0.602287321897017
1.54971951151486
-0.641839519913155
-0.318924498923648
-0.00100870871016421
0.0371109314770718
0.625057715444964
-0.6383022503135
-0.62473435731657
0.578667762463779
0.684368845166291
-0.343848148692158
-0.311712416040397
0.0108707463768354
1.24995637549884
-0.622740697165002
0.32616923339976
-1.59017988934241
0.656427080519567
0.625057715444964
0.0
-0.646911048209969
-1.2654283638509
0.976688863784324
-0.636847592429225
-0.922978999587607
1.25113149863896
-0.647828108992912
0.60216413346993
-0.600288297318148
-0.631573991376758
1.58767601548004
-0.95797786025506
-0.623179098143281
0.0188634296982645
0.288784376510275
0.318669582571933
0.644689818355719
-0.335378476757387
-0.351241838840894
0.979836204313086
-0.340061489538876
-0.601781456949279
-0.604525237666772
1.25315229544012
-0.660376642266561
-0.597103112709527
1.25747975497609
0.0269792875337699
-0.324053539106843
0.650427521787064
1.87198513614375
0.0024576933975093
-1.85798572325338
-0.0215194276627347
0.312482956464914
1.26338172057084
-0.956611724284467
-0.617681094759613
1.87562147586323
-0.605558475302242
-0.641514821732846
0.95020991511072
-1.57907319451596
0.948482206382539
-0.94275366543151
0.326409647867046
-0.35488489298613
0.980388873947005
-1.56404227616465
1.25681846569245
0.0
-1.25011543088993
-0.013567508275687
1.57383269042776
-1.56363738845793
-0.0249572712716914
1.57487016454748
-1.5591381199428
0.319821243445063
0.605425612534209
-0.633143006162042
1.27783282451776
-0.947409131406959
0.309106881093459
0.299347950096655
-0.628115305847313
1.24412056239914
0.0301728541372211
-1.5804214776976
0.001249526333653
0.329281353239806
-0.337909611090034
1.88787261723098
-0.607296218489006
0.607152299130236
-1.24866712086308
-0.00631328726006521
0.628382309188833
-1.25592479362256
0.621372693472337
-0.015633280766254
0.66963118072056
-0.335994724977846
0.928845237137861
-0.291685977847282
-1.55127996520266
1.85741164937893
-0.00908750453386836
-0.608119658113146
0.609958773005497
0.00696038985023402
-0.658845344433147
0.654744196844411
-1.87043601250578
0.622839123041077
0.644689818355719
0.0
-0.628429921750822
-0.0391553479160327
1.27430484283331
-1.2526249324147
0.0252463146723345
1.25011543088993
-0.0517989771031207
-0.892446556927643
0.944245534030763
0.596967876849839
-1.2220255922948
0.296905216393612
-0.322778033614745
0.650930532666097
-2.7037791229328
3.01392887419495
-1.59072615000413
1.28057639874198
-0.660119981751368
0.660119981751368
0.0
0.927993401817725
-0.650799564388153
-1.25045454288492
2.17845985641702
-2.88487070917408
1.93428520690364
-1.24968087336003
-0.00124809009142488
-0.000311127961495634
1.58251537352917
-0.308695093377873
0.606575007342155
-1.26098080258104
-0.624344638434383
0.635643221481062
-0.62695578836878
0.597230054799581
-0.279406036512145
0.00523942183436178
0.604764121150964
0.652385190550372
-0.626512373329239
0.316362622067091
-0.03220720328495
-1.22027316330545
0.604652257597487
0.647828108992912
0.928362153415973
-2.19936936055217
1.27100720713619
-0.655529589318218
-0.619841004108425
1.27537059342664
0.298024479788584
-0.95202237974289
1.58228876447893
-0.975720387990093
0.0474295234654731
-0.35335351792562
0.637061482633135
0.309142547452498
-1.86853010859861
1.87202254073592
-1.85970291005579
0.587335529754798
0.676024436003667
-0.0439223139683743
-0.00657457678530777
0.0504968907536821
0.0
0.310149751262148
-1.66314284010128
1.00779807431191
1.27347399373096
-0.92827897920374
0.0
0.0
-0.327283390377762
0.285885560377854
0.644304901108895
-0.602907071108986
-0.0100300888708275
0.0100300888708275
-0.974837387707477
0.0255331271701744
-0.311131521289566
1.85328629398688
-0.592850512160014
-0.729870647911794
0.391172478223225
-0.924014694174222
-0.00640263445635895
1.26911549831915
0.604827434990186
-1.88266025950795
0.642781620447099
-0.64643359189387
-0.675556342001908
2.25974743744941
-0.976577616484117
-1.28294384564353
0.690562177142007
-0.69046168325222
0.698904872258885
1.23889241430658
0.0189173821894204
0.0
-0.625057715444964
0.625057715444964
0.0
-0.63087102715733
0.630871027157331
0.0
-0.352279521077454
0.00239244049514717
-0.928409657421314
-0.323190365299224
0.303982744754599
0.0192076205446252
-0.0314382734829819
-0.684352327333335
-0.565763103556594
-0.0154973205501873
-0.69135308231852
1.95696583375864
0.602310380107901
-0.0021104710855932
-1.87057801016039
1.56840258092667
-0.298024479788584
0.0
-0.965833182077891
-0.290654033888661
1.56222273410543
0.622186390237724
-0.927921908376599
-1.25945401179945
0.918027625326458
0.301038254613856
0.0403881318591372
-0.647828108992912
-0.0239786507217766
0.0478747199426297
-1.27537059342664
1.58552034468879
0.290353780195741
-1.87025106525857
1.87761782616413
-0.607870292363448
-1.95666440785552
2.26535950123339
-1.27983586832142
0.320210242277451
-0.00306736728820903
0.608041342821267
-1.22692926730484
1.58010963491008
-0.978919527927174
-0.601813434734828
1.87789596203901
-1.22944452529417
1.2310528305768
-1.88105635340627
-0.00277158624333204
1.27783282451776
0.0
-1.26974753380068
1.26974753380068
-0.670527385744461
-0.609137565750587
1.27966495149505
-1.2623887335357
1.56812425167457
-0.947250339871721
0.00646361766218415
-0.644004411328609
1.27905561539927
-0.6383022503135
0.6383022503135
0.0
0.598362981023343
1.34879411549207
-0.942891620417728
0.00292594078994703
0.895320534714842
0.0479381352835895
0.591632664165702
-0.64990325136925
0.0549775968328974
-1.28057639874198
1.28057639874198
0.0
-0.644689818355719
-0.0207972102531316
0.972710839081052
-1.58688876196725
0.311064269083928
0.911570659306652
0.356634103729399
-1.57590062986702
0.62371175145421
-0.288058682733091
1.53869774232439
-1.26164846233578
0.663594200532358
-0.662877244496217
-0.0114137664926029
-0.29400414621651
0.306895952515614
0.308493151812202
-0.90324950865965
1.25615556153716
0.308695093377873
-0.982060432662952
0.673365339285078
-0.652543239352884
-0.602281637575112
1.254824876928
0.0
-0.628429921750822
-0.00333082849666376
0.631760750247485
-0.33755980206917
-0.941800652347749
1.27936045441692
-1.26173930950182
0.587822681087484
0.673916628414339
0.0
0.0
0.0
0.0
-0.644689818355719
0.644689818355719
0.307223810472201
-0.307223810472201
-1.28118233452189
0.315136354590687
0.966045979931202
-0.316362622067091
-0.963910300828088
0.637884505719504
0.642388417175675
0.604386809849205
-0.604386809849205
0.307223810472201
0.621801809143427
-0.65508969286226
-0.613877711470855
-0.602052241458293
0.919976216971719
-1.30895396797826
0.395511378470817
1.88863404456335
-0.0302252635126553
0.326769664305482
-0.928029133654845
-2.82102148240447
2.16702358245016
0.653997899954306
0.0
0.277312783989833
1.8875352438585
-0.309845812574864
0.299254729384727
-0.59727920917331
0.307223810472201
-0.958154343138298
0.650930532666097
0.0
-0.656040675237431
0.966190426499579
-2.26796781194119
1.31312824232333
1.57269513188782
-1.58200321348641
0.00332017424372516
0.650677725710581
-1.26784699546562
0.0177315645756937
-0.017413510506868
1.2675289413968
0.604239599023544
0.0
-0.671257817175607
0.961032327544137
-1.56821941883601
0.325725987908743
0.952718920558734
0.632316439466086
-0.632316439466086
0.0
-1.28118233452189
0.932537324248928
0.952884609296505
-0.000738589822920289
-1.87134800466625
0.600724162236048
0.667122833229574
0.595241959002632
-1.24617249166873
0.00310242367318559
0.95797786025506
-0.713333526669663
1.03478765298235
-1.30870186369017
-0.603478412626651
0.0304609678520487
0.920441904092417
0.329673526797511
0.599868557885253
-0.599868557885253
-0.334300068849497
-0.95574630030071
-0.610428548053251
-1.61115451322951
-0.961080283928245
1.25472748648674
-1.24700661018068
0.643209656360037
0.301164534312732
-0.955162434267039
1.25984763296679
-1.86100789312131
-0.0104545913312876
-0.00413478236056778
0.618817001134586
0.00624071431037776
1.57270704250012
-2.20768217563945
0.647904201247562
1.56000406690342
-1.55667323840675
1.5563637484585
-0.927933826707674
-1.2731976672254
2.20142909416966
-0.928231426944261
-1.2756795964386
0.618826366802937
-0.294085347196868
0.285878725622018
0.665059851210508
-0.645808320216368
0.0107571161457058
1.24090093708314
-1.23761048325997
-0.618354680642443
1.21882139927415
-0.589701602112603
1.22684536674086
-0.60584973301248
0.0
-0.635051204070662
-0.697032591577004
1.82583690925627
0.299604080624931
-1.55971300014056
0.231004622319322
0.394053093125642
-0.615064226819267
1.25011543088993
-1.2741310519273
-0.000620478251143251
1.88233510560152
-0.29743382416093
-0.633026044631509
-1.00895649984092
0.0558445450992214
1.27598824811106
-1.27936045441692
0.0153549256510242
1.26400552876589
1.59800825383907
-0.321573160859324
-0.657241414454625
0.347091663192477
-0.0524372939693557
0.0524372939693557
-1.25011543088993
-0.0154973205501873
1.26561275144012
-1.33158155847075
1.33158155847075
-1.2741310519273
1.23480700891205
0.0393240430152458
0.0
-0.0302212077956841
0.661944119917156
-0.631722912121472
-0.641514821732846
-0.610628955705082
1.25214377743793
0.928052949370946
-0.32075673088194
-1.86311971990319
1.25582350141418
0.603649066552208
-0.603649066552208
0.310149751262148
-0.310149751262148
-1.28178692077779
1.91350983289926
-0.634365797043551
0.625057715444964
0.653997899954306
0.0
-0.631760750247485
-0.012929068108234
0.941041537501051
0.335252158429507
-0.631603877574838
-1.28087953569887
1.28087953569887
-0.6383022503135
1.56635519968445
-1.96764103495891
1.64645206241848
0.0005760003032564
-1.2687989278848
0.0263077466803646
0.58727092392524
-1.23309925555345
1.28087953569887
-0.962839190088784
0.962839190088784
0.2662550426451
-1.53882866564927
1.57830914114304
-0.305735518138875
-0.644503515249043
0.644503515249043
-1.25011543088993
0.59181299219094
0.658302438698988
-0.673205882386791
0.673205882386791
0.928112469392817
-0.928112469392817
0.0
-1.9575426328748
1.9575426328748
-1.26784699546562
0.618840201039598
0.00431697607030465
0.644689818355719
-0.345275758848804
0.00099618575150476
-0.684334528067858
0.605412598965939
-1.88719951974373
1.28178692077779
0.927981489001077
-5.958062447828e-05
-0.927921908376599
0.928124370095669
-0.928124370095669
0.0
1.25272295035736
0.329228273221494
-2.20527230669725
0.626288824660208
0.650930532666097
0.310149751262148
-1.58241081336052
1.27226106209838
0.0
-0.653997899954306
0.0156956496408063
-0.643182545651032
0.296425256080007
0.948986543112117
0.0360729967724081
0.0
0.299604080624931
0.295321573911421
-1.86372458242115
1.90040280545964
-0.631603877574838
0.307223810472201
-1.56238197058103
-0.391683026111421
0.993310223097149
1.25388277287455
-1.23540301382211
-0.325146335010147
-0.318247369386668
1.27844490846748
0.928362153415973
-0.000452164473946714
-2.25949154741278
1.33158155847075
0.607439977133775
-0.00498016479433957
-1.87875636158152
1.27629654924209
-0.97042664747983
1.89842004929755
-1.57582151081064
-0.62816013911815
1.58321205858326
1.36165589180068
-0.403721642231693
0.403721642231693
-0.631760750247485
-0.646378288760376
2.20608478294332
-2.18935975787206
-0.00770148438254236
2.19743013019416
-1.58231253182931
1.58221743608869
-0.928219536134386
0.0
-0.346639060785624
-0.912486903702981
0.612214916278636
0.0
-0.326807652783591
0.326807652783591
-0.962736073175728
0.962736073175728
0.0
0.927921908376599
-2.25271934558685
0.0472711729923671
0.608806610199826
0.00291948084132556
0.0392044416249459
0.0
0.307223810472201
-1.56337937200936
1.25615556153716
-0.328152499051352
0.328152499051352
-1.28118233452189
0.336802421770834
0.944379912751054
0.322150531269076
-1.59823823586669
0.669947371342069
0.564483364110407
0.363997516467917
-0.321472661880601
-0.302778400214629
-1.58052636772518
1.27629654924209
0.927933826707674
-0.626769292394942
0.292488072984166
-0.593652607296898
0.302706299482969
-1.02854397756141
0.725837678078442
-1.27629654924209
1.27629654924209
0.606719573166457
-0.606719573166457
0.0
0.0
-0.673117795101576
1.60105162180925
-0.927933826707674
0.928706160968048
-2.17882159185798
0.607008218697723
0.643107212192206
-1.27936045441692
0.650930532666097
-0.401119261890794
-0.241458023494577
0.0095931931995854
0.0112985830466785
-0.0218327100018205
2.20031029430772
-0.000416409480518077
-0.32548593159602
0.000596000384032648
-0.621157570536557
0.653130849356764
-0.022394022379468
-0.631603877574838
-0.608714963908484
1.8623033712595
-2.55670692868696
1.95711642129025
-0.0358106352062063
0.339031898964982
-0.951049372751687
0.0
0.647828108992912
-0.635051204070662
1.56299694800612
-1.25497953394861
-0.946786490138137
2.20208737293676
-1.58226499273977
0.0156956496408063
1.24268906016271
-1.25221491884212
1.25526808612669
-0.607439977133775
-1.26464956018705
1.26464956018705
0.0
0.0
-1.25846867817066
-0.311137475032363
1.25879752026622
-0.653997899954306
1.26158147537738
-0.307651343757927
-0.947760340658063
0.647828108992912
0.0
0.63196065152978
-1.25035317029824
0.618392518768457
0.606575007342155
-0.720432636632472
0.687269029128536
0.674678429236782
0.0
-0.650138157220014
0.650138157220014
-1.88542815628784
1.83522721015417
0.0502009461336668
-0.323893181132232
0.323893181132232
-0.6383022503135
0.6383022503135
-0.947409131406959
0.276232931622753
0.0261755767320445
0.599628565688306
0.651076243890496
-0.60570418652664
-1.35256865734174
1.0134356417267
0.944982748627518
0.0257541445623587
-0.631603877574838
-1.27598824811106
1.27598824811106
-0.0100300888708275
0.617326307359834
-1.86510601498501
-0.0224631263991789
1.28027292289518
-1.95766786197546
1.95766786197546
-0.645922386643049
0.645922386643049
0.0
0.631603877574838
-0.631603877574838
0.928148168201479
-2.25972972667223
1.33158155847075
-1.27966495149505
1.27966495149505
0.0
0.631722912121472
-1.28572081207578
0.0289401845093419
0.602663693065496
0.617477926294091
-0.595083903914623
0.604973975533058
-1.23003169097802
0.625057715444964
0.0209651534913893
1.88955911177293
-1.26050927854767
0.628429921750822
0.0
-1.27444146833241
1.26762395088093
0.934751344159155
-2.20820674960285
0.641183964088923
0.639088958806256
0.599590507396708
-1.24110532912955
1.27299955459487
-0.669454978051281
-0.298024479788584
0.63401920476643
-0.298024479788584
0.0
-1.25714931170134
1.25714931170134
-0.341074456255525
0.341074456255525
0.307223810472201
0.621102703432721
-0.928326513904922
-1.26141401393661
-0.070167544534143
1.93902153560452
-1.88496624135166
0.00308479588547929
1.27444146833241
0.0
0.0
-0.700096825608731
-0.578653608064536
2.20691049927811
-0.928160065604843
0.0
0.0
-1.25011543088993
1.5528217303729
-1.57496736158135
0.643831140347554
0.628429921750822
-1.25681846569245
1.25681846569245
0.0
0.631484732862019
-0.0251993451088609
-0.606285387753158
0.631603877574838
-0.631603877574838
-0.340045389658693
0.971887226364153
0.296103907229994
-1.27324855051189
0.345302806576433
0.928100567589729
-0.334768198898295
0.00222511952065573
-1.24611335002581
-0.600913482689245
0.58648069464851
1.26304291165788
-1.85750827360287
1.25945401179945
-0.67042977280882
0.67042977280882
-1.26911549831915
-0.00345812468501694
0.00345812468501694
1.257809796496
0.283517825870385
-0.90857554131535
-0.643741212439837
1.2687989278848
-0.653997899954306
-0.0171373605907347
0.00579867266672574
0.621990348156755
-0.623834924563455
2.20594529391058
-0.928112469392817
-0.334457658593192
0.940887937586195
-0.606430278993003
-0.650930532666097
-0.292181144377752
0.625277772071085
0.317833904972764
-0.635051204070662
1.2422035032009
-0.607152299130236
-0.658738661289954
0.0078081286238571
-0.00306736728820903
-0.0039151047816767
0.968062755998131
-1.28148479596453
0.971335044702384
-0.650930532666097
0.297172745543155
-0.928029133654845
0.335562196375961
1.24264998048183
-1.56267824158267
1.54325627954424
-0.959410783417516
0.333324401748123
-1.6075813202277
1.31836215754202
-1.31841241844139
2.56051162257552
-0.64572861473697
0.649515236339408
-1.93991814163517
1.33233456621209
0.0
-0.647828108992912
0.0193981872420899
-0.64940290276694
1.27783282451776
-1.25180677042172
0.6233768486709
-0.311535757876959
1.54654068696994
-1.8819456007688
0.628429921750822
-1.32560659630669
1.32560659630669
0.0
0.631603877574838
-1.26990612788834
-0.390511497659717
0.366677644574173
0.308342584438982
-0.31636269702648
0.0129466329332643
1.58515532698873
3.57450656224886e-05
-0.322861139543197
-1.86912587822377
0.0
1.26400552876589
0.0
-0.352624330429273
0.331067624184932
-0.306595792807012
-0.313362322681494
0.95020991511072
-0.65651137958015
0.954535859368734
-0.296569821904309
-1.6417313097329
1.3002752738465
-1.23717570321674
1.861332500001
-0.914829673351454
-0.0117071989394378
-0.321149599909888
-0.613011035424857
0.629544745152123
1.24444258356904
-0.95726508162709
0.956828934898186
-0.947363055641123
0.641341416756478
-0.299682547641995
0.631603877574838
-0.331999796949907
-0.299604080624931
-0.628429921750822
0.56728253395653
0.0611473877942919
-0.625057715444964
0.625057715444964
-0.346260340219584
-0.292041910093916
-0.327846032341488
-0.287339354540799
1.25348763719579
-1.27875043367327
-0.67824050380913
1.9569909374824
0.0
-1.95709132916871
0.310174845703274
1.60713129660302
-0.920128062436425
0.959913249298838
0.60570418652664
-1.88628058526862
1.28057639874198
0.596499462071031
-1.8755550774703
1.88577518856573
-1.88608002758338
1.27936045441692
0.307223810472201
-0.658372284581561
-0.929427924632618
-0.676414538740419
2.2343156100859
-0.277324672603501
-1.25382256520458
0.599824665250271
0.00930808159858682
0.601486299403876
0.353353270213991
-1.57958145126724
2.19734168894712
-2.17802541983195
2.17815647295355
-0.296437164488786
-0.973696468428875
-0.292958613216625
1.56331829685613
-2.19738259110462
0.00835324728072625
1.25726971691918
-0.549767370541665
0.625057715444964
1.25689955215042
-0.038991324545446
-1.25684950059848
0.0151396453903129
0.648859343048157
-0.977870099259008
0.325916735822424
0.956183181919678
-0.942532068796594
-0.0156956496408063
1.25615867417319
-1.85731893432771
1.24834064265735
0.00681751745148105
0.599437705179348
-0.599437705179348
-0.0459670691422907
-0.601861039850621
0.647828108992912
-0.0480027848224659
-0.293781236534779
-1.01551597990129
0.0764204655596682
1.28087953569887
-0.645734624464287
-0.00826327549001985
0.641387438395433
-1.26887433440566
1.28148479596453
-1.28057639874198
1.28057639874198
-1.25648721596655
1.25648721596655
-0.0220019027214968
0.0220019027214969
0.928064855577013
-0.325904081358131
-1.88364557018341
0.000908397222554394
1.8840774079426
-0.603501009200624
-1.27629654924209
1.22887365662994
0.356117985990024
-0.308695093377873
-1.3250922505232
1.3250922505232
-1.27100720713619
0.620076674470096
-0.322389564594299
0.973320097260396
-0.653997899954306
1.2580901196223
-1.27060672876278
-2.43421464521196
3.10072915430675
0.0
-1.25315229544012
1.25315229544012
0.0
0.928148168201479
-0.928148168201479
-0.322038670207898
0.322038670207899
-0.308695093377873
-0.035519706601006
-0.6184781933533
0.60584973301248
0.0481481669418267
-1.25011543088993
1.25011543088993
-1.25113149863896
2.17910107372091
-1.57890010774805
-0.628429921750822
0.00214109709061351
1.90870409018832
-1.88160016375195
-0.706825296823216
0.706825296823216
2.17802541983195
-0.739748867571891
-0.188161121370136
-0.602609071316169
0.928029133654845
-0.94083609178487
-0.677147313890339
1.95711642129025
0.927933826707674
-0.927933826707674
0.928041042063624
-0.320744823574618
-0.00364715193679798
-1.85410360943713
1.55767835335712
0.0
-1.27650314417891
-0.288860103530091
0.00700793859783794
-0.0257806044194686
1.27691210305843
0.928374031060767
-0.928374031060767
0.0
-1.276604500627
1.276604500627
-1.27936045441692
0.0292450235269901
0.602287321897017
-0.707627323906992
1.3554554328999
0.606430278993003
-0.95448470039639
-0.296519215717227
-0.00362546892107203
1.24336078003555
-1.8617075693099
-0.0184481883344619
0.007043327632124
-0.00154677977865374
0.951788144843334
-0.956679432431144
1.28087953569887
0.0
0.927921908376599
-1.24282987255942
0.946511841757655
-1.35806508658771
0.72646120901287
0.27395976010584
-0.27395976010584
0.601108636463905
-1.23286938671139
-0.00654150006601456
1.56629565213123
-1.55975415206521
0.938984560719686
-1.55733924136213
-0.00966623226696886
1.2597816631569
0.0
0.0
0.0
-0.642216402576458
0.642216402576458
-1.2675289413968
1.87453716009452
-1.56167309107831
0.32623495062977
0.935653732223023
-1.27844490846748
-0.293749905825178
1.26497100382045
0.0
-1.28148479596453
0.643576505412411
-0.959682434052728
-0.309433064266422
0.627600676586303
-0.629492385403346
1.57674272527507
-0.947250339871721
1.56954395538769
-2.20247060198725
1.27444146833241
0.63184183670546
0.296199205358164
-1.90194611362849
-0.302083176546192
-0.0734050728683669
0.700537359438863
-0.632023574158306
0.636606050624391
-0.0299298602802296
-0.296288022387723
0.970491367742433
0.0
0.0
0.604386809849205
0.00247716698131284
-1.238624727078
0.631760750247485
0.938183163203975
0.316642171742863
0.624704402487369
-0.602310380107901
0.0
0.927909988942026
-2.252757691705
1.27426897984833
0.0505787229146473
0.927921908376599
-1.5662241586901
-0.636449279864941
0.600047828847489
-0.606478633190937
0.0155695830817724
1.26561275144012
0.607152299130236
-0.607152299130236
-0.645184148101393
0.645184148101393
-0.662777801314348
0.970001611786549
-0.307223810472201
-1.26400552876589
1.26400552876589
0.0
0.592850512160014
-0.935193073865906
1.27045503109871
-0.296627736530798
-0.0256349998495393
0.048877550496426
0.605266557143116
-1.93684811561387
0.0574505065434528
1.2741310519273
-0.345114119183249
0.345114119183249
0.310149751262148
-0.960213759918464
0.952770308139285
-1.95668953946843
1.32163833539777
0.94520095533281
0.321692085443312
0.296080071671139
-2.25975470158688
1.33183279321028
-1.2756795964386
1.2756795964386
0.607296218489006
-0.607296218489006
0.0
-0.625057715444964
0.625057715444964
-1.26464956018705
-0.0147108942298662
1.27936045441692
-0.353165110377483
0.0241044633623486
0.329060647015135
-1.25714931170134
1.25714931170134
-1.26561275144012
1.57430784481799
-0.96269299333218
0.653997899954306
0.0
0.605266557143116
-0.299531039004241
-1.2486271385566
-0.338593175546804
0.649724045717047
1.23717334921342
-0.295262847703791
-0.310149751262148
0.0
-0.699858646349278
1.00855373972715
-0.95942457313427
-0.62771542871108
0.00869737466679367
0.610790766787024
-0.666430292893899
-0.273427655332645
-0.600508908485287
0.0269755639645133
0.597471444548658
0.018946695883644
-0.0140404618092965
0.649091665879958
0.0
-1.26043578182687
1.26043578182687
-1.2581394372368
0.604141537282491
0.653997899954306
0.600503531457889
-1.85632703287207
1.25582350141418
-0.0214217030530988
0.0214217030530988
-0.653997899954306
-0.00131753241468206
0.655315432368988
-0.663215430697873
0.0185256123421534
-0.00313829063719219
-1.30886143047552
2.8849566322539
-1.56656934309897
-0.030934507572168
0.33787168741497
0.932925676455649
-1.23332135623244
1.23876896894521
0.024476514164296
-3.78595739319003
2.185641489488
0.968831170840014
0.0
0.301164534312732
-0.301164534312732
0.0
-0.964012015661809
0.964012015661809
-1.25011543088993
1.25011543088993
-1.02877412058105
-0.303810984750527
0.681654572665478
-0.0753965869188582
0.0
-0.650930532666097
0.650930532666097
-0.0378258415252014
-0.631070304439624
0.0354098750063893
0.633486270958436
0.0
-0.345456202818855
0.345456202818855
-0.66510876296814
0.975258514230288
-0.95797786025506
-0.329130543019167
-0.302706299482969
1.27966495149505
0.289667324768452
-1.54046055655157
1.25079323178312
0.0
0.0
0.604533852529969
-1.58671669268283
0.982182840152857
-0.961891687846949
1.5696187015612
-0.607727013714254
0.0
-2.2108338614927
2.4850198186519
-0.613318972774239
0.339133015615039
0.0
0.0
-0.326249093394389
0.326249093394389
-0.640344263316911
-0.639928659578268
0.0114739950103778
-0.0108660236102463
-0.60599511513184
-0.340246863531917
-0.920515387506506
-0.0201172846604476
1.88183716234721
0.968222505425638
-0.928255205269598
0.602459812339435
-1.25028792133235
-0.633354225528977
0.612485507493596
0.668696827028292
-0.628429921750822
-0.64755832636024
0.872780720701079
-2.70485088194522
3.1080584093552
-0.669597199397329
1.59811367678302
-0.61836672612354
-0.310149751262148
0.0
0.307223810472201
0.620781503059899
-0.323913093864105
-1.27437628125242
-0.296178956313578
-0.294625310196675
2.18910555223908
-0.928017224144405
0.0
0.0
0.607727013714254
-1.26172491366856
0.653997899954306
0.0
0.607439977133775
-0.607439977133775
-0.343848148692158
0.975689985397619
-1.28583973665977
-0.29821106257207
-0.31697887458303
1.2513558585919
-1.5585076896172
1.27506123827443
0.928469012788224
-0.648077585646749
-0.95229474341051
0.0368521121983728
1.2422035032009
0.320912556446777
-0.296460978002175
-1.28253441024094
1.24680277862181
-1.92845735128729
1.63832062347045
-0.305735518138875
-0.347151249332403
0.0
-0.668003469495508
0.668003469495508
-0.949304260537302
0.949304260537302
-1.2741310519273
-1.74983813522215
1.77385375625952
2.17826359909141
-0.928148168201479
0.0
0.0
-0.653997899954306
0.96269299333218
0.619262566682273
-0.927957660060146
-2.84107928221387
2.84107928221387
-1.27996910739991
1.59011885866206
0.321692085443312
-0.0244018595716858
-0.320438321480933
-1.56206289392727
-0.0567715549358534
1.33183279321028
-0.653997899954306
-0.602820565738144
1.25681846569245
0.0
0.0
-0.6383022503135
-0.026831395556892
-0.615442752871585
1.28057639874198
0.310149751262148
-1.64198254447243
1.96391215000713
-0.632079356796847
0.631484732862019
-0.631484732862019
-1.95676492035012
2.26099473883322
-1.57397735228378
1.87265460490967
-0.602907071108986
0.0
0.593332368691433
-0.593332368691433
0.928029133654845
-1.57895966632094
0.650930532666097
0.600655074563102
-1.2389573248766
-0.306077662437554
1.24240439253964
0.629921264146871
-1.57303294119072
0.645087197255265
-0.653997899954306
-0.309672628934842
0.280702796375704
0.0320371998473469
0.650930532666097
0.0
-0.647828108992912
0.647828108992912
-0.0574984378832758
0.689221350004748
0.296365752564729
-2.20500076774463
2.20485784699388
-0.927945743935455
-1.25011543088993
1.85227620510881
-1.85227620510881
-0.0112985830466785
0.00960724351488519
1.88341064799656
-0.255281634834567
-1.62880260933067
-0.0247389907359065
1.27721935732631
-1.26303660763007
-0.0063950923750226
2.1981852382312
-0.335903026066094
-0.592850512160014
-1.27598824811106
0.602389489012251
0.673598759098811
0.0
-0.951116265721608
0.297793991816959
0.61678142770486
0.0365408461997885
0.0
0.0
0.631722912121472
-1.91138786361652
0.631836842502136
-0.0265139761943107
0.674342085187222
-1.25315229544012
1.25315229544012
0.60570418652664
-0.60570418652664
-1.26464956018705
-0.00885959200274794
0.0
0.602907071108986
-1.27841551787634
-0.0484895362803237
0.723997983047672
0.0
0.598054261803423
-0.598054261803423
0.0
-0.0233095722929414
-1.24926405071123
0.627883804648447
0.953384911733593
0.323027818743599
-1.90020489996246
1.26848198784099
0.0
0.0
-0.647828108992912
0.647828108992912
0.0
-0.644689818355719
0.644689818355719
0.310149751262148
-1.33917622485384
-0.230427538207756
1.5696037630616
-0.632331355444403
0.322181604182255
0.0
0.305735518138875
-2.26262602679412
2.5636100818217
-2.56355985347173
1.95684028030527
0.0
0.603199681146969
-0.607167113787412
0.622816770842635
0.658062764856236
0.0
-0.971176584919554
1.89912232885501
0.00021432166938874
-2.20042112770322
1.54972831249551
-1.52758268128707
-0.0295495206051189
0.315798713800206
-0.99289868265528
2.2400804155265
0.644844570428463
-0.3297970845815
-1.24619109001625
-0.0227604869163213
0.670588595909233
0.0
-0.353567384643401
-0.62466135924943
1.6099516560143
-0.631722912121472
-0.00600331786379304
0.0507935172743463
0.928445273925348
-0.928445273925348
-0.675646587522243
0.338180579638725
0.93812108244662
0.597480077940229
0.0440347437926178
0.0
-1.27691210305843
0.00874742573479499
1.26816467732363
-0.647828108992912
0.0160673587454262
0.631760750247485
0.0
0.302959508699441
-0.977856455468171
0.67489694676873
0.0
-1.02896860027865
1.02896860027865
-0.656572530607247
0.603194157482926
0.0533783731243207
-0.328897578091869
0.299004611075987
-1.25570881051326
0.653997899954306
0.27395976010584
-0.27395976010584
-1.2731976672254
1.58334741848755
-0.310149751262148
0.0
-3.12892875898846
3.12892875898846
-0.647828108992912
-0.677452078495191
1.95688406506294
-1.90292509182145
0.602157661582857
1.28560177752914
-0.631603877574838
0.0
-0.0519558630371944
0.0519558630371944
-0.343706722193896
0.343706722193896
0.274174061954479
-0.920283974350769
1.2389604245563
-1.24642231715636
-0.612361252223334
1.26593305721968
-1.25214377743793
1.25214377743793
0.607727013714254
-1.85784244460418
0.616308096479886
0.617583102991969
-1.3337457348839
2.27810623600047
-1.57153212742196
0.00834465365280955
-0.615064226819267
1.25011543088993
0.0
-1.26368293916562
0.638625223720651
0.28282227615674
-0.305592669704688
0.647828108992912
0.0
0.599131555562977
-0.599131555562977
0.0
0.604386809849205
-1.25838470980351
-0.0150682231882829
1.27679313685684
-0.299031920336381
-1.58683413238573
0.000612774789974554
1.27752626421789
-1.28118233452189
1.28118233452189
0.0
0.60379695382064
-0.945889544674677
0.342092590854037
-1.25011543088993
0.599184898223832
0.650930532666097
-0.635051204070662
0.608557010966293
0.0264941931043696
-0.674980264041911
0.674980264041911
-0.648684543672452
0.000856434679540723
-0.38002586817166
1.02785397716457
-1.25549103460387
-0.0136244637152823
-0.00377032611872636
-0.00217541383655362
0.624130705608333
0.63184183670546
0.019088695960637
0.0
0.310149751262148
-0.310149751262148
0.927993401817725
-1.56950822355057
0.305735518138875
-0.318218596360334
-0.606764351084117
-0.621378639156231
2.1922906414568
-0.310149751262148
0.299604080624931
-0.292582439273049
0.62470127076959
-1.29855774555976
0.0159043007721941
1.24506200915625
-0.607152299130236
0.0
-1.25515816010883
-0.701757459236663
0.680003516287063
-0.000920721459333515
1.27783282451776
-0.644689818355719
-0.634365797043551
1.27905561539927
-1.2731976672254
1.2731976672254
-1.95686539564198
2.549715907802
-1.84667307736459
1.25382256520458
0.305735518138875
-0.967904165060911
0.662168646922036
-1.95689050865525
0.681210912216652
1.2756795964386
0.274031233700539
-1.55339168811746
1.27936045441692
-1.25011543088993
1.25011543088993
-1.02965729541734
1.02965729541734
-1.27194814089175
1.58064323426962
-1.57010910731448
-0.695250393918914
1.61731015966437
0.648049341569029
-0.959146468388396
0.650451375010523
0.0
-0.0429789077967628
-0.601710910558957
0.948919636838814
-0.304229818483094
0.0
0.607727013714254
-1.26295937984207
0.655232366127811
0.0
-1.26432773547042
1.22592105395944
0.0384066815109776
-1.28087953569887
2.20899200509169
-0.989259857187109
-1.21576471526414
-0.476475361550851
0.793600570146163
0.960149807107784
-0.00780456240308716
-1.56458993340364
1.26816467732363
-1.26076225103842
-0.696153368307068
1.31222294767824
0.644692671667248
-0.349211632342879
-0.926158961083764
0.621372693472337
0.653997899954306
0.0
-0.0487313428111905
-1.20138408807874
1.25011543088993
-0.0442109594996403
-1.22011677597078
0.63256698522293
0.631760750247485
0.0
-0.0273241903564083
-1.22750068657159
1.54486102145275
-0.290036144524753
0.631722912121472
0.296377655468257
-0.623870749106634
-0.304229818483094
-0.340604298520711
1.26856195858086
-0.927957660060146
0.0
0.0
0.607583575423078
-1.24909839715592
0.641514821732846
-1.27475153017844
1.57898134866153
-1.58480621722507
0.641097021200826
0.639479377541152
0.0
0.631603877574838
-1.60987594702834
0.978272069453503
-0.650930532666097
0.961080283928245
-0.95797786025506
-0.632444813902267
1.28027292289518
0.604827434990186
0.323165966827539
-0.927993401817725
-0.327827393598461
-0.953354940923427
0.623760559613275
0.657421774908613
-0.625057715444964
-0.633739804821251
2.18671942864281
-2.20361391008257
0.932730706416494
0.649863697482349
-0.307223810472201
-0.660868458834627
0.660868458834627
-0.635051204070662
1.24234742255967
-0.607296218489006
0.927957660060146
-1.59985368850321
-0.578219402446862
1.25011543088993
0.0
0.0
-0.322098206745524
0.322098206745524
0.928017224144405
-2.19395028136409
0.00944584125313179
0.628057294215731
0.911673930102776
-0.283244008351954
-0.952451860625859
0.327394145180895
1.25654244830698
-1.2917857128318
1.27936045441692
0.606285387753158
-0.00807667379802034
-0.952713990541228
0.31029431708645
-1.22585204106135
0.631760750247485
0.6383022503135
-0.653997899954306
-0.0349385086634668
-0.577316576884893
1.26625298550267
0.310149751262148
-1.58490128144059
-0.682640751478618
1.95739228165706
-0.650930532666097
0.334567910599006
-0.943746297448535
0.00863957501266247
-0.0135016593174907
1.26497100382045
-0.641514821732846
0.921763473421965
-0.280248651689119
-1.27629654924209
1.27629654924209
-0.66823781593466
0.014239915980354
0.0222371497068208
0.631760750247485
-0.653997899954306
-0.608066315770252
1.85603626698937
-0.593972051264808
0.631484732862019
-2.97916891407104
3.27610571189325
-0.928421530684224
-0.351856638007091
-0.898258792882837
1.25011543088993
-1.27844490846748
-0.0477131794470436
0.0618303524441053
1.26432773547042
0.0
-1.27194814089175
-1.10500491619339
1.74519230683765
0.631760750247485
-0.322038670207898
0.322038670207899
-1.27783282451776
1.27783282451776
0.600806439487079
-0.290656688224932
-0.00292594078994703
-0.307223810472201
0.0
0.593332368691433
-1.86901196513003
-0.68158732889359
0.0
0.0
-0.625057715444964
0.902524965842103
-1.55933126612811
0.0143350743341768
-0.00660211053050052
0.948289975723798
1.25375106514553
3.57549934286489e-05
-0.927945743935455
0.307223810472201
-0.64202899115801
-0.935887655695285
1.57642835451997
0.00441423312327331
-1.58115695839834
-0.00713183187166911
0.646378288760376
-0.647294865151785
1.87602349224911
-0.288272783471965
-2.26553537368314
1.95684028030527
0.280450870210829
0.321709904008053
-0.00519289736904326
-0.596967876849839
0.0
0.928219536134386
0.000213866717781377
-1.55349111829713
-0.655821820253907
0.601871749147089
0.352973746399137
-0.321238877739108
-0.00111522903065056
-0.00254238574369336
0.00622770074210728
-0.68687872654676
0.0814661275808214
-0.106295729274551
1.35641116016448
0.0
-0.675646587522243
0.985796338784391
-0.646472797544279
-0.913792384607798
2.17815647295355
-1.3316411115333
-0.228160680777813
1.23934432567056
-1.88846311112195
0.0307641048089422
1.25011543088993
0.29626838340736
-0.965500174390145
0.949468537566887
-0.280236746584101
-1.26943170000509
1.26943170000509
0.0
0.602310380107901
-0.941443395722939
0.30448217071271
-1.23509668889836
1.26974753380068
-1.26561275144012
1.26561275144012
0.299480067191205
-0.299480067191205
0.0
-0.942098138405242
0.000677800893186225
0.270938352136966
0.670481985375089
0.9288127352902
-0.000866991354745435
-1.57887627660155
1.95691561934549
0.592850512160014
-0.592850512160014
0.928362153415973
-2.19716108130077
1.54911898709337
-0.339234055248251
0.0589139960396836
-1.26848198784099
1.26848198784099
0.0203530695416735
0.306867255199813
0.950612499776275
0.0
-1.27721935732631
0.626288824660208
0.650930532666097
-1.25011543088993
0.602287321897017
-0.630616799474566
0.621331723981262
0.657113184486215
0.0
0.606140333255544
-0.643562935320396
-1.91936744059492
0.67500312188198
1.59048201415566
-0.308695093377873
-0.662090164786054
0.65852369357741
0.608393906198829
0.0267764425846523
-1.90913014179273
1.27752626421789
-1.95706623472758
2.58867011230242
-1.91339079835263
1.59193667203994
-0.310149751262148
0.0
0.0
-0.641514821732846
-0.323209508686702
0.313793797753451
1.5790191973523
-0.928088664686201
-0.96919484725987
0.318264314593773
0.00941571093325084
1.24750993686469
-0.60599511513184
-1.28148479596453
0.00151568856462368
0.00739548439574167
0.0224581921142378
1.85625576414547
-1.57535103641031
1.27790579653264
-0.964606949668748
0.00234644871224238
0.308262601002199
0.345302806576433
-1.27875043367327
1.27875043367327
0.605266557143116
0.606996767935085
0.647828108992912
0.0
0.928350274675202
-2.88546669596545
1.95711642129025
0.0
-0.348871060994804
0.348871060994804
-1.27288582443788
-0.0067791270571717
1.27966495149505
0.0
-0.653997899954306
-0.626881635744565
1.28087953569887
-0.631760750247485
0.940455843625359
0.322789639484146
-1.27988925319299
0.000576411338060437
-0.602287321897017
-0.00135391361303539
1.25146934450296
-3.78381260133325e-05
3.78381260133325e-05
-0.0247525315497624
-1.22536289934017
1.5528217303729
-0.947396117838689
0.644689818355719
-0.653997899954306
-0.37455536981564
1.02855326976995
0.631484732862019
-1.26978698317552
-0.0156956496408063
1.28548263281633
-0.0317416044005916
-0.599743128461427
-0.958806789146976
1.26454230728585
-1.95237580953649
0.972095689360452
0.020546702082861
-0.30559988258423
0.959597782538536
-0.0177614969559583
-0.626928321399761
-0.00930808159858683
1.2532826213331
-0.599284721378799
0.928136269698489
-1.56929918201489
0.641162912316404
-1.26335996575846
1.86063917493177
-0.59727920917331
-0.653997899954306
0.00616979096139467
-1.30946389223571
1.30329410127432
0.934294161057064
-0.924986079458477
-0.687895286975856
1.33258510533158
0.0
0.0
0.0
0.0
0.597744800469279
-0.597744800469279
0.0
0.602310380107901
0.325623446599773
-2.18673134697389
1.25879752026622
-0.644689818355719
-0.00624071431037778
0.926181064318091
-0.275250531651994
0.0
-0.647828108992912
0.647828108992912
-0.647828108992912
0.0031382906371922
-0.63037141991871
0.643300488026944
0.628432458298295
-0.663149802109755
0.666478094058945
-1.27752626421789
0.62659573155179
-0.629038574733811
0.937733668111684
-0.911587125916353
1.25382256520458
0.597434593444453
-0.00219263444182108
-0.595241959002632
-1.28118233452189
0.00954747596922504
1.58032995193054
-1.64052788658816
1.33183279321028
0.0
0.0
-0.641514821732846
-0.690066736737904
0.702542219553799
0.927063818705535
0.333579397786254
-1.30534623496295
0.0244666992640812
-0.600839772765896
1.25011543088993
0.308695093377873
-0.653780831108662
0.311297929712196
-1.22566620378086
1.86398786432942
-0.604533852529969
0.604092219667995
-0.604092219667995
-1.26043578182687
2.18860774373565
-1.55660188365961
1.55664945788521
-0.321067237004151
-0.607152299130236
-0.00344732649582393
0.00344732649582411
-1.2591259644886
-0.019929650910666
1.62685463337804
-0.274031233700539
0.0
0.0
0.0
0.310149751262148
-0.310149751262148
-0.673046247146627
0.9817413405245
-1.58251537352917
1.2738202801513
0.0
0.0
-0.322062481518983
-1.02785145407836
0.0720811110795835
0.623834924563455
0.653997899954306
-0.0504968907536821
0.0504968907536821
-1.27288582443788
0.644455902687054
0.600340083155696
0.329254372907858
-0.955162434267039
1.26042817894731
-2.56324544163768
2.26696491390682
-0.310149751262148
-1.27936045441692
0.637845632684072
-0.634164774705749
2.20410112712282
-0.928421530684224
-1.27288582443788
0.601287689894844
0.671598134543032
-1.27537059342664
1.27537059342664
-1.33158155847075
-0.631603877574838
-1.2741310519273
0.938871653758562
0.335259398168736
0.0
0.604973975533058
-1.27668111499131
-0.578408291431678
0.592248935750688
-0.314317947181757
0.972184442320998
0.928255205269598
-0.928255205269598
0.308695093377873
0.619250650557582
-0.927945743935455
0.602160774218882
0.0293239586431371
-1.28548263281633
0.305033747897599
0.348964152056707
0.0
-0.674462761355431
0.981686571827632
-1.57315686769189
0.0158176263297554
0.611813180576429
-0.71194401027868
1.35024626059218
-1.2623887335357
1.2623887335357
0.607870292363448
-0.935498042558416
-0.307423453875694
0.635051204070662
-1.33183279321028
1.30222754760891
0.632363403040759
-1.2567560573937
0.00930808159858682
0.644689818355719
-0.671148689978471
0.978372500450672
-1.574752751869
1.21599085378193
-0.284366873561295
0.335904961176166
0.0
0.0
-0.319734828372949
-2.73671096795848
1.79405706279573
0.291962086055868
0.97042664747983
-1.28027292289518
1.57346503548045
-0.958830972411621
0.0116409598720463
1.26143787708808
-1.25837050979987
0.000163780184987695
-0.622119071956766
-1.85937049664671
3.13225632108458
-0.647828108992912
-2.52999018154272
2.82726360808157
0.350554682454055
0.0
0.310149751262148
-1.58859465972963
1.27844490846748
0.0
0.0
-1.64964158516978
1.64964158516978
0.0
0.928824571437224
-0.928824571437224
0.928064855577013
-0.620841045104812
0.621328253880683
-0.326391290134002
0.0295621379025902
-0.973822034055814
0.295351510591062
0.0431811401346361
-0.345680813805504
0.349247285014147
-1.25011543088993
0.618354680642443
0.631760750247485
0.927909988942026
-1.58411765557025
0.656207666628229
0.296425256080007
-0.296425256080007
-0.631760750247485
-0.621055788666606
0.598818638959785
0.653997899954306
0.0
-0.96981935613776
0.96981935613776
0.305735518138875
-0.305735518138875
-0.955783305957536
-0.017308521442378
0.00175678269753023
0.630875044829759
-0.935836549369461
2.20421845761869
-1.58191980833091
0.653997899954306
0.928100567589729
-2.2776195117454
1.34951894415567
-0.648484374537889
-0.00551352541641699
-0.613531041442491
1.8748251598858
-0.637948332272587
0.304576122205873
-0.915438830155139
0.641514821732846
0.0
-1.3495372403382
1.3495372403382
-0.628505041940788
0.313597077757972
0.314907964182817
-1.26816467732363
-0.0105857563496343
0.00648937157489159
0.61826316214407
0.653997899954306
0.604239599023544
-0.604239599023544
-0.644689818355719
-0.625688282782363
-0.00959100626182633
2.20821242405584
-1.59443276518361
1.59438519974689
0.000213906202100803
-2.20746527282058
-0.000304839017648237
1.27936045441692
-0.944379912751054
1.25011543088993
-0.305735518138875
-0.350804689737813
0.350804689737813
0.928088664686201
-1.26246017407749
0.334371509391292
-0.635051204070662
-0.00646361766218416
-0.333022583023458
1.28468715601845
-0.00292594078994703
-0.976708783507526
0.0424383653435667
0.923471863771765
-1.62800681455076
0.677583658516444
-0.625362554462613
1.27936045441692
-0.680988201516381
1.2879964202141
-0.607008218697723
-1.27844490846748
0.00587128546331093
2.20079315913855
-2.17833496702431
0.575941315065763
1.60210794253184
-0.927933826707674
-1.27069283638109
1.27069283638109
-0.656242962031841
0.656242962031841
0.0
0.283862245997164
0.0262875052649833
-1.56497462819014
1.254824876928
0.308695093377873
0.619405474211856
-1.58209846754404
1.26186819231775
-0.2977205411013
-0.310149751262148
-1.33208379564767
1.33208379564767
-1.27813903900786
0.624141139053555
0.00616979096139467
1.25454768215937
-0.606719573166457
-1.33233456621209
1.63807008435097
-1.63756831134916
1.33183279321028
0.928243316655931
-0.618093565393782
-0.357428078049997
0.654861902210927
-1.26158147537738
-0.597808870467416
1.8837674219515
-1.30721931310841
0.980994179717506
0.622269795393225
-1.26229632479275
-0.939529268890651
0.00249906590468435
-0.00895170864856716
1.28027292289518
-0.0547442966693277
-1.21278464472747
1.57622403477467
-0.658448224775948
0.981357008972913
-1.27650066874216
-1.8580351786367
2.50293196980402
-1.28178692077779
0.633958811784876
1.57601196610642
-1.5791143897796
0.650930532666097
-0.628429921750822
1.55667323840675
-1.89957836135831
0.620344284880126
-0.303007140132049
-0.304916142093872
0.958914042048178
0.0
0.0
-0.976054823013573
1.58363839843665
-0.943578300400924
-0.0147742196943438
0.35076894467219
0.0
-0.650930532666097
1.2553173425153
-0.937206538204179
-0.948665067609559
1.28148479596453
-1.2756795964386
1.2756795964386
-0.635051204070662
0.901306246715762
-1.5400753227964
0.951769704838381
-0.0211105733288527
0.343161148641769
-1.95666440785552
1.95666440785552
0.631603877574838
-1.28560177752914
0.0
0.96269299333218
-0.959625626043971
1.25707086592164
-1.8433642332761
1.23722390002056
-0.968705950193533
0.322945156769591
-0.00516973924215545
-0.00306736728820903
0.61056755094795
0.0434303490063557
0.0
0.0
-1.2623887335357
1.20752238914437
0.365016095653478
-0.310149751262148
0.0
-0.667245272809141
0.608647193131708
0.0585980796774336
-1.27966495149505
1.55381521974222
-1.23844198531743
0.634853004157796
-0.921354518870651
0.58187232676423
-0.609829528654382
1.27875043367327
-0.94992726200311
0.94992726200311
0.928064855577013
-2.85038812134591
1.9223232657689
0.0
-0.724861985304293
0.724861985304293
0.607439977133775
-0.625057715444964
1.21790822760498
-0.284155418782141
-1.58896801627305
1.25264980089467
0.324048378080519
-0.296425256080007
-1.66051547163314
0.38638441970584
1.88012616705914
-1.85611054602177
0.278938845970375
1.57775159226171
-0.637680683026539
-0.0152910044517446
-0.975035127072474
-0.258233144286445
0.0215255142582503
1.2581394372368
0.592850512160014
-0.592850512160014
-0.352440129043489
0.656669947526583
-2.21757856707609
1.26669444244715
0.646654306145843
0.592850512160014
-0.592850512160014
-1.25011543088993
1.5588105242678
-0.308695093377873
0.0
-0.0516875198464058
-0.293151015764606
-0.306091997055085
0.650930532666097
0.00364943504602488
-0.628707150490989
-0.707026080202701
0.690568973914819
-0.00317499662287303
0.012929068108234
1.23526175944811
-0.603501009200624
-1.95663927391572
1.95663927391572
-0.33151457037143
1.25405035976408
0.335154801372085
-0.9280053135321
-1.26816467732363
1.22235449411542
-0.62964586607588
-0.00432251343024175
0.679778562714339
0.0
-1.27875043367327
1.27875043367327
-1.27475153017844
1.27475153017844
0.927933826707674
-2.20668426038094
1.55893954882476
-0.624650268762843
0.625244398731045
0.647138663256903
-0.32531283706043
-1.24091132162967
0.6383022503135
0.631603877574838
-0.0385925460897098
-1.26467221350919
-0.00323606474466671
-0.346534860439872
1.0214318072086
-0.6383022503135
0.00654150006601459
0.631760750247485
-0.631760750247485
-0.33327650137869
0.965037251626175
-1.25648721596655
1.95689050865525
-0.647828108992912
-1.30911261872023
2.25810526202588
-1.65122880088629
0.0177297003614654
0.0812030675731346
1.85885851235321
-0.607727013714254
0.0
-1.02881766555716
1.02881766555716
-1.2541570804862
-0.105851537588715
1.36000861807492
-1.27226106209838
0.0108470481617685
1.86798902127876
-1.88039528749345
1.87791249981929
-0.947940368360153
-0.00784197950400973
-0.59120149222156
-0.329682002586439
1.27257362300417
0.0
-0.61851155331509
-0.649017388081706
1.57622403477467
-1.57970230051407
0.617009307181886
-0.619511252235495
0.645079230438979
1.55678019642602
-2.20983507063973
1.28148479596453
0.0
0.0
0.0
0.0
0.0
0.0
-0.0471335788454577
-1.20501019859247
0.929226497287848
0.584745454511277
1.2595744021517
-0.942136042778646
0.349285530618632
-0.647828108992912
0.647828108992912
-0.349458793456994
-0.282301956790491
-0.337989064842119
-0.000609336095777006
0.618212763775117
0.66145218771993
-1.25113149863896
1.55686701677783
-0.305735518138875
0.0
0.0
0.0
0.29328719076759
-0.342604363272388
0.680801905366817
-1.32516104277528
1.32516104277528
0.308695093377873
-0.974357846516464
1.26122024135068
-1.54095346871217
1.23206501588075
0.641491030224183
-1.58845034197579
1.89630419903269
-0.00548276277189203
0.321698715850309
-0.959700623542704
-0.675454926341374
1.95724184711916
0.0
0.0
0.302706299482969
-0.947090670019193
-0.636797963985665
-0.366812111568673
2.27983628279602
-0.63184183670546
0.0
0.304229818483094
-0.0237195326377537
-1.5564985339564
1.88227363586422
0.00101083073584802
0.321137184363162
-2.88527368315744
2.55643078770198
-1.27155829631235
0.671967788915646
-0.670201869308864
0.0127325267684977
0.318336326925327
-0.292627734632447
-0.0390465478663999
-0.589301621401741
1.26010891951563
0.59618623599677
-2.24435653826088
1.64817030226411
-0.324980333531337
0.324980333531337
0.63184183670546
-0.0244018595716858
0.000287036580479418
-0.607727013714254
0.631603877574838
-0.32145412631269
-2.26696491390682
1.95681516264467
-0.663172526458529
0.663172526458529
-0.644689818355719
-0.0358399760780324
0.342721107309737
-0.933826171428649
-0.00527724450576467
1.27691210305843
-0.674607327179733
0.674607327179733
-1.28178692077779
0.018426955019323
0.28141533814714
0.981944627611325
-1.27691210305843
1.27691210305843
-0.653997899954306
1.26071747312076
-0.323392167377771
-0.283327405788686
0.602160774218882
-1.25615867417319
0.250325172348867
0.647946923817232
-1.90856515215678
1.88303477962
-0.606430278993003
0.601710910558957
-0.601710910558957
0.0
0.0
-1.35272623473509
1.35272623473509
0.0
-0.650930532666097
-0.605225028871066
2.18416087506926
0.0
0.631722912121472
-1.90832741274847
0.00278422047570374
0.00533829231030764
0.31126760277347
-0.999651010574464
1.91059450940193
0.0462708862400523
-1.27100720713619
-0.685682332332242
1.95668953946843
0.0
0.928064855577013
-1.57899538824311
1.28265344478757
-1.90709350554812
1.27537059342664
0.928052949370946
-0.320325935656692
-0.607727013714254
-1.26368293916562
0.316273807758656
1.87587814419518
-0.324672058967585
-0.64768033268928
-1.22775147968402
0.921884264013883
-0.328649946297389
-0.57171489005376
0.621685509139107
0.628429921750822
-0.061147387794292
-1.21729752067319
0.315859140678386
1.89056725679017
-0.959954767821285
0.0319732788202074
-1.95711642129025
2.56426872042048
-1.25808283179633
-0.681153262981569
0.302893630997511
1.02919016465015
0.0
-1.27783282451776
2.20600478642655
-0.928171961908785
-0.341885353863616
0.341885353863616
-1.68755440100271
0.43743897011278
-0.0125974329728619
0.233850331973901
0.0640398899750624
0.649914677731011
0.314907964182817
-0.313522448418068
1.87964948544534
-0.606140333255544
-0.669759803928193
-0.623179098143281
1.8783034256252
-0.0144457063289917
-0.931181589286081
-0.31259945554003
-0.680651025804653
0.0685449508406802
1.26303660763007
0.928326513904922
-0.000225946315193163
-0.29649669001489
-2.58964708060197
0.703552018970518
1.25449118405661
-0.6383022503135
0.00257646893158498
0.635725781381915
-0.334291011260646
-0.920867148848183
1.5578644595918
-1.58115120795045
1.58418042660635
-0.652993642172701
0.347258124033826
0.0
-0.641514821732846
0.641514821732846
0.0
0.0
-0.0507935172743463
0.0507935172743463
0.928563924489519
-2.19062814021408
-0.694675579990745
0.703252158519518
1.25348763719579
-1.28087953569887
0.642577285385371
0.6383022503135
-1.2738202801513
1.2738202801513
-0.647828108992912
-0.00965002333491672
0.304532423336631
-0.921805821187243
1.58197534065064
-0.67111946822949
0.358441868135026
1.26938179953174
-1.57308440062105
1.27037810113808
0.0
-1.27444146833241
1.27444146833241
0.927945743935455
-1.57577385292837
-0.633051426705959
0.324097817405177
1.5563722256904
-1.27388462791581
-0.599526159632197
1.90542415772613
-0.0266299020417804
-1.24327622584656
1.5666525249887
-0.621126464203001
0.299784408225522
-1.86415753039906
2.18536884783572
-0.980633005349396
0.0524134692150096
0.0
0.310149751262148
-0.991130232552856
-0.585592055887103
0.299279382444622
0.279870743998024
0.363222307467437
0.631423913739928
0.620698097904398
-0.29643717551458
-1.29810583845425
0.66662110559223
1.28253441024094
-0.631603877574838
-0.650930532666097
-0.998535196330136
0.369800777501186
-0.677627049733575
1.95729200122862
0.0
-0.644689818355719
0.954839569617867
-0.310149751262148
0.927957660060146
-0.629933180271562
-1.57401272789965
0.634473426378215
-0.633546416541583
-0.00521168462074951
2.20845678000869
-2.20170007110485
1.27351621399135
0.0
0.927945743935455
-0.950963066720338
-0.624810786208029
0.0
0.647828108992912
-0.335188003849679
0.335188003849679
0.376322242740271
-0.431695287194279
0.657384038722297
-1.87301820140448
0.945872135840476
-0.322693037697195
-0.0244119315841563
0.343027378386447
0.329212662190621
-0.972789702586659
1.58051671630091
-1.25241683206997
0.644689818355719
0.0
-1.25011543088993
0.916659077013468
-0.635616384893425
1.24310397247042
-1.54409423426152
1.27006300056099
-0.641514821732846
-0.017025903094606
0.31513729321905
0.305288620594838
0.966298668127071
-0.321175638415784
-1.24209602301351
0.635087804315792
-0.645089525199837
0.645089525199837
-0.976044134190298
-0.676490967676729
2.58058805123797
-2.20710856477022
0.631227506406359
0.647828108992912
-1.25382256520458
2.18175639191225
-0.927933826707674
-0.641514821732846
0.641514821732846
0.928029133654845
0.000156872672647194
0.635051204070662
0.0
0.0
-0.641514821732846
-0.625057715444964
1.24182000562805
-1.22536289934017
1.25011543088993
0.0
0.928052949370946
-0.928052949370946
0.604533852529969
-0.604533852529969
0.277062869151628
1.26816467732363
0.0
0.9280053135321
-0.296520580670081
-0.631484732862019
-0.6383022503135
1.27014408701896
-0.672086370275294
0.0402445335698339
0.307223810472201
-0.307223810472201
0.308695093377873
-0.648290208066996
0.971436951394583
-1.9826313776087
1.35078954090324
-0.644689818355719
0.644689818355719
0.0
0.0
0.600503531457889
-0.293279720985688
-1.26922155347542
1.56385878285384
0.0297428377242173
-1.26003379932566
-0.645701130176476
-0.00735374403723458
1.28148479596453
0.0
-1.27444146833241
1.87941544386547
-0.604973975533058
-1.25681846569245
1.25681846569245
-0.0504968907536821
-0.914911112111397
1.89335374680053
-2.19674467182026
-0.0111701795151069
0.31052516176992
0.327929123897142
-0.334846908172309
1.60808464202663
-0.631722912121472
-1.95676492035012
1.92611280656654
-1.24066910046303
1.27132121424661
0.0
-0.97042664747983
1.89837239141528
-2.20176602408675
0.00312744377020218
1.87827641180417
-1.87984463752145
0.022145631208447
1.25011543088993
-1.26657253717781
0.00646361766218421
1.26010891951563
-0.644689818355719
1.57261172673232
-0.927921908376599
0.601259469349364
-1.27043438053866
0.0182443785231949
-0.377801229565887
0.0653723613043315
0.334929479176831
0.628429921750822
-0.650930532666097
0.312022767170471
0.338907765495626
-0.628429921750822
0.599128983842771
0.635586325661209
0.322314110591793
-2.20489604758704
1.27629654924209
0.0
-0.650930532666097
-1.30595997598915
0.675405712690715
1.28148479596453
-0.0196451164790255
0.0196451164790256
-0.641514821732846
0.00321257141934641
0.0196715522855901
-1.33803370982761
1.91121266970204
0.0454517381534856
0.631603877574838
-0.631603877574838
0.0
0.310149751262148
-1.57863173910314
1.26848198784099
0.0
-0.648705305171104
0.000877196178192103
-0.629698155224976
2.20546009092556
-0.927933826707674
0.0
-1.27100720713619
0.0208917762462639
1.25011543088993
-1.2738202801513
-0.00766451581323565
1.28148479596453
0.632079356796847
-1.91204846419676
1.27996910739991
-0.975126525034792
0.307705819297989
1.2715129254048
-1.26901208974862
0.664919870080627
0.0
-0.647828108992912
-0.610311328243886
-0.0144341857673692
1.90405835586619
-0.631484732862019
-0.958649176622654
0.958649176622654
0.0
-0.645376561780317
-0.955051919465113
1.57586915105654
-2.17951038656659
0.900245159784534
1.27920567371951
-2.20273301917952
0.247148555451252
-0.329391965125536
1.35699493985273
-1.95704113796644
1.95704113796644
-0.653997899954306
-0.625971207445602
0.0036725581578217
1.27629654924209
-0.641514821732846
0.641514821732846
0.601861039850621
-1.85197647074055
1.25011543088993
0.308695093377873
-0.308695093377873
-0.644689818355719
0.644689818355719
0.927969575081953
-1.5461243544421
-0.639655017135851
2.18610066102062
-1.56659311483812
-0.0155667668248753
0.611791900584877
-0.592974087517164
-1.11296915971787
2.35430575154169
-1.8816559811798
1.27537059342664
-0.0207029080365678
0.948624816413167
-1.88534765809145
0.957425749714852
-0.628429921750822
0.628429921750822
-1.35763089796669
1.35763089796669
0.647828108992912
-1.2524803665904
0.604652257597487
-1.30976462245482
0.707477300557806
1.21430479568372
-0.992802235390977
0.357907249691646
0.979400714283411
-0.308695093377873
0.928409657421314
-0.928409657421314
-1.28178692077779
1.57818623613515
-0.949080152802834
1.26012081457925
-1.88680043155069
0.605652734038451
0.0227771877123709
-0.612106074963973
-0.0187503131477174
0.00487481771935926
0.010020389927693
0.593127532112766
0.34268574117667
-0.945526060785701
0.310149751262148
0.966454749364852
0.308695093377873
-1.58683413238573
1.27813903900786
-0.650930532666097
0.650930532666097
0.0
0.0
-1.27537059342664
1.27537059342664
0.928504612876854
-0.000487388732448656
-1.59651623873308
-1.28821565416621
1.95671466875489
0.0
0.594449735868591
-1.92653353151626
1.33208379564767
0.0
-1.25011543088993
2.17846570556513
-0.928350274675202
-0.642388417175675
-0.0196992674164264
-1.2738202801513
-0.0064526427438828
-0.0582567802066537
0.663922375922099
0.335440539198909
0.970770665555662
-1.88576095806104
1.56138089095841
-0.307223810472201
-0.347495739325088
0.347495739325089
-0.0347952485663894
-1.23336942875724
1.26816467732363
-1.25011543088993
1.85346821226415
-0.603352781374217
-1.27966495149505
0.638150129762201
0.641514821732846
-0.667368818934257
1.59529072731086
-0.927921908376599
-1.02609727507141
-0.255387520893123
1.28148479596453
0.0
0.592850512160014
-0.592850512160014
-0.641088890142148
-0.626758105323475
0.0106976837642868
1.56437312217354
-0.961221710426507
-0.624447008513171
0.62751437580138
0.650930532666097
0.289798317276229
0.0188967761016444
-1.58032995193054
1.90311959141468
-0.631484732862019
-1.25449118405661
2.18293645798196
-1.5573963228902
-0.644869231186447
1.57652657963427
-2.25942096823785
1.95671466875489
0.0
-0.653997899954306
-0.01760353830755
0.0305125481197087
1.24795286697267
-0.65840206444539
0.352702621927604
-1.56932921163637
1.26816467732363
-0.343706722193896
0.343706722193896
0.0
-0.638774223563244
0.935199479643251
-0.0223344913481124
0.654318892689419
-1.57934019008741
0.32229807330114
0.328632459364957
0.928195751219213
-0.327389311732133
-0.600806439487079
-0.668197261443911
0.0266034717933474
0.300813008246615
-0.30390903695177
-0.605425612534209
1.25011543088993
-0.625057715444964
0.917964171434449
-2.25022353079838
0.707201643918972
1.25011543088993
0.303078554253524
0.293107681743245
-0.286036484734622
-0.93857967301297
0.602160774218882
0.325999291385962
-2.1902242813294
0.608066315770252
0.653997899954306
0.596655789780602
-0.651368968356109
0.364862929837656
-0.353353270213991
-0.626213413569963
0.669416932521806
0.0
0.0
-1.28148479596453
0.949851301009113
-0.927164025310797
0.00766602162725593
-0.0195613377421346
1.90241574850257
-0.631722912121472
-0.625057715444964
-0.649383752887444
0.00186784532824133
0.0141049448335115
1.21512172092764
0.674950834817858
-1.88475617301496
1.25315229544012
-1.26368293916562
2.19184300477046
-0.950435053437678
0.615125499992849
0.0129992208524652
-0.60584973301248
-0.653997899954306
-0.318138743990412
0.00323077980759525
0.968905864137123
0.308695093377873
-0.632872711219964
-0.704089006950195
1.02826662479229
-1.2741310519273
1.90561578478932
-2.05368565005791
0.797143201750928
0.625057715444964
-0.625057715444964
1.23264129086804
-1.24350863924504
1.2675289413968
-2.58859481505724
0.705521592979433
-0.00961898359171042
-0.0712462381174195
1.92518507837211
-0.922877480003995
0.330026967843981
0.592850512160014
-1.25699201179461
0.00273742605441099
1.27844490846748
-1.33158155847075
0.0608887220896561
1.27069283638109
0.0
-0.638578267698966
0.638578267698966
-0.0494640474243376
0.336382628543659
0.641265275994186
-1.57287367546923
-0.325365521939675
1.8989272454414
-0.327010865295386
-0.954045298059599
0.659408068681179
0.324380067102637
-0.631603877574838
-1.28087953569887
0.612372919102746
0.0238167982404055
-0.0247181076421644
0.0247181076421645
0.91867340740249
-0.273983589046771
-0.0222371497068208
0.00866888870688608
-0.618353927918196
2.19193814443521
-0.928255205269598
-0.631760750247485
0.631760750247485
0.0
-0.635051204070662
1.56296119301269
-0.927909988942026
-0.969688292586227
1.24985358541104
0.322592864614576
-0.602758157439389
-0.0163433761308928
-1.31523818233986
1.6417313097329
-0.951664572994994
-0.309749440941613
0.598473391661789
0.35279087101267
0.0
0.0
-0.658364172433895
0.029934250683073
-0.628719389950514
1.25714931170134
0.0
0.310149751262148
0.617974618833521
-2.20007251098742
1.27194814089175
0.0
-0.6383022503135
0.6383022503135
0.0
-1.26657253717781
1.26657253717781
0.631722912121472
-0.631998929506938
-0.678450621139677
0.0110544908307391
0.0392422259435822
0.628429921750822
-0.681621021954818
0.681621021954818
-1.25146934450296
0.597471444548658
0.0
-0.623834924563455
1.27783282451776
0.0
0.0
-0.337678357730764
-0.303836464002083
0.95020991511072
-1.58987742789976
0.00334951000412683
1.27783282451776
-0.650930532666097
1.25279157251672
-1.54624095260168
-0.653997899954306
-0.0257729992806601
0.679770899234966
0.606863976830518
-0.329693941906887
-0.62101818361579
-0.628033156671946
0.971881305364104
0.0
-1.02937505751265
-0.225783102596175
1.85954496995803
0.000733539608675036
-2.48056481927032
1.22144656985814
-0.621990348156755
0.00216796795976537
1.87894062960918
-0.60512034945788
-0.344809063755846
0.344809063755846
-1.28027292289518
0.610733659712127
0.345424619399969
0.930254977038627
-1.00419109145661
1.64027665184862
-0.355540694201944
0.0468456008240706
-1.25011543088993
1.25011543088993
0.310149751262148
-0.981173171221161
0.671023419959013
-1.26561275144012
-0.00664831065825975
0.60158053671085
-0.661152267822757
1.33183279321028
-0.343848148692158
-0.906267282197771
1.25011543088993
-0.00646041360803971
0.313684224080241
-0.652526617048634
-0.302735304366505
0.647208359780943
0.598517063451088
-0.598517063451088
0.0
0.307223810472201
-1.55733924136213
-0.0814661275808214
1.33158155847075
-1.27966495149505
0.00803009294238428
-0.00435338955839821
2.20433852278626
-0.928350274675202
0.599284721378799
-1.87742376038666
1.55517808142372
-2.23367831633157
1.95663927391572
-1.25011543088993
1.25011543088993
-0.641514821732846
-0.608600609157082
1.85669043823208
-0.306970926717224
0.293246431535083
-1.25751655593608
-0.00788624490876555
-0.660530781649776
0.660530781649776
0.928267092785467
-0.928267092785467
0.308695093377873
-0.96269299333218
0.653997899954306
0.927993401817725
0.000344993020527454
-0.296734517263414
-0.978304591757841
-0.931744194284475
1.9099296413295
-1.90870409018832
1.58444316779851
0.296868409195794
-0.604092219667995
0.607583575423078
-0.644689818355719
0.614257860405668
0.0304319579500518
0.595241959002632
-1.84535738989256
-0.013567508275687
-0.00192981227450026
0.637182829689294
0.932659740233916
0.303353756939983
-1.88876590994497
-0.675557461193415
1.9567397957153
0.0
0.277003294041577
-0.629354308560157
0.0163562895407339
-0.334956531897886
0.670951256875732
0.928017224144405
-0.928017224144405
0.928587641485351
-0.928587641485351
0.0
0.625394268106759
-0.928100567589729
-0.346603361976962
0.346603361976962
0.277158132020104
0.0329916192420442
-1.58798257577991
1.23187626738472
0.0459565571330393
-1.95666440785552
-0.000276319857623247
1.95694072771314
-1.28118233452189
1.28118233452189
-1.27875043367327
0.0286350027833386
0.904812624313496
1.27399712050513
-1.59133483637255
0.662640522443853
-1.27506123827443
0.0189056767372667
-0.0222893469303146
1.27844490846748
0.607727013714254
-0.607727013714254
-1.28178692077779
1.88792725403333
0.025582578865928
-1.98640145732162
0.104563114310217
0.550375709124639
0.69973972176529
0.299670645838907
-0.962200432633333
0.61675058803543
-0.619235357024197
0.0129818598909455
2.19056069544448
-1.55660188365961
1.26625298550267
-1.35427998337587
-1.02267307370927
3.00855693465998
-0.631603877574838
-1.95681516264467
1.91115118712169
-0.60216413346993
0.647828108992912
0.296184993687969
-1.57645791658315
1.88092799745828
-1.87571631283753
1.27506123827443
0.0
-1.27691210305843
1.88085677445467
-0.603944671396242
-0.946795941225994
-0.331954492447273
1.27875043367327
0.0
0.310149751262148
-0.00292594078994703
-1.58197534065064
0.623820997512343
1.25502275233409
-1.2580901196223
0.653997899954306
-0.6383022503135
1.26978698317552
-1.27914035141251
0.294746606119569
0.984750849136385
-1.88965163320146
0.935115392884053
0.632844154874095
0.282700760897866
-0.592850512160014
-0.67237825052846
1.30867439326803
-1.91382240695745
0.932223457641454
0.345302806576433
0.0
0.605558475302242
-0.605558475302242
-0.653997899954306
1.28548263281633
-1.90747298097308
1.58321205858326
-1.63880536894295
1.33158155847075
-0.671938197876039
0.671938197876039
0.0
-0.678703389103291
0.659495768558665
0.947343890243114
-2.20133393692389
-1.25784485473083
1.27069283638109
-1.26911549831915
-0.00314556377922617
2.20067071951969
-0.618259906159165
-0.951664572994994
1.27323773385432
-1.29007239391808
1.25671246281995
0.329654243121062
-0.329346262464574
-0.598670961679831
-0.977346113638059
-0.304440807139728
2.20972074748546
0.000226238897169737
-0.928160065604843
-0.641514821732846
-0.0251877650632877
-0.00497394440927349
0.981826282467556
0.321334981599871
-0.631484732862019
-0.661052468248517
0.322142244118859
0.338910224129658
0.0
1.25725355001565
-0.954875247337873
-0.297110789506852
1.25155379518624
-1.56949009769926
0.92869487455897
0.626781758469783
-0.945213446113167
0.352362933953153
-0.653997899954306
0.0
0.631603877574838
0.62455479659835
-0.602160774218882
0.0
-0.6383022503135
-0.687360797443847
0.0521538955675466
0.94231701440887
-0.326247123761536
0.00376966688591973
0.653669594656547
-0.650930532666097
0.650930532666097
-0.631760750247485
0.584626827123697
-0.629964062991539
0.677097986115327
0.277158132020104
-1.55190966219854
0.639700326107778
0.92201726291614
0.641086890525468
-2.19430593487361
1.89809482220813
-0.000357103843441397
-1.28548263281633
0.653997899954306
-0.65419392336111
0.308998908833888
-0.601268052203733
0.946463066730955
0.928183857113507
-2.20997077789129
0.637097102422068
0.644689818355719
-0.631760750247485
0.631760750247485
0.0
0.0
0.0
-1.33158155847075
0.685471646074461
-0.631416351821598
0.629698155224976
-0.676957929852225
1.32478603884514
0.307223810472201
-1.65781448305736
1.30345674946137
0.652983656136268
0.322346018206733
-0.928195751219213
-1.27194814089175
1.5820978921539
-0.310149751262148
-1.26625298550267
0.608865557105289
0.657387428397377
0.0
0.607870292363448
-1.28172711793897
0.0388056215048582
-0.643699229602605
1.27875043367327
-1.27783282451776
0.949718305044223
-0.946637010704902
0.0246360992885118
1.85450224073913
-0.604386809849205
-1.27966495149505
-0.000607971400131428
0.634776477690346
1.57363271490332
-0.928136269698489
0.928112469392817
-0.607008218697723
-1.26816467732363
1.57685977070151
-0.645375232673708
0.941066949145041
-0.604386809849205
-0.0442109594996403
-1.23606196339554
1.88814321525863
-1.8875352438585
1.27966495149505
-0.687078510531645
1.95714151109263
0.0
-1.25011543088993
0.599184898223832
0.650930532666097
-1.26400552876589
0.622490707033048
-0.348262381815432
1.27619620852311
-2.20019488880605
1.87723503763143
-0.604973975533058
0.310149751262148
0.618212402153825
-0.9562610583564
-1.24962735927746
0.944609898031998
-0.295513555564932
0.937125015128695
0.619500657841339
-0.928195751219213
0.0194655217622637
0.61048348127051
0.961080283928245
-3.48515729897385
2.51183502125318
0.663172526458529
-0.631760750247485
0.927921908376599
-0.296161158129113
0.631484732862019
0.297410832613592
-0.638681338403423
-0.290214227072188
0.0
0.0
-0.647828108992912
1.25324070795885
-0.605412598965939
0.928171961908785
-1.57910249457488
0.0
1.28324697213218
-0.632316439466086
0.0
0.0
0.602310380107901
-0.602310380107901
0.928100567589729
-1.57592867658264
0.0127769049222494
1.23691224392128
0.00237855917292346
-0.604239599023544
0.0
-1.25011543088993
1.25011543088993
-1.27069283638109
1.87595939352421
-0.605266557143116
0.0
0.607583575423078
-0.607583575423078
0.0
0.274102667635422
-1.6302363701558
1.008661931795
0.944906364169827
-0.947389775338808
0.00267336851899434
0.954578031864367
-0.297146467226858
-0.310149751262148
-1.26010891951563
1.5658444376545
-0.947250339871721
0.618789086508665
0.33287548648633
0.296858467435575
-0.607008218697723
-0.644689818355719
-0.620281185464735
2.19309537391612
-1.56642662040917
0.316144479483717
0.322157770829783
0.927957660060146
0.0
-1.95679004265977
1.95679004265977
0.298024479788584
-0.960360466635315
-1.29437868190815
0.987270723124897
-0.31082897726519
1.28027292289518
0.631603877574838
-0.0261912786088994
-0.605412598965939
0.927969575081953
-0.927969575081953
-0.345672111949817
0.944496788099269
-0.598824676149452
-0.637589863299632
1.23687458467843
-0.599284721378799
-1.25011543088993
-0.0199475696710566
0.592745714129755
0.677317286431231
0.0
-0.968898466248253
0.968898466248253
0.631484732862019
-1.28241526552812
1.28253441024094
0.0
-0.0241639004410637
-0.3017044589949
-0.35110757550273
-0.605558475302242
1.28253441024094
-0.631603877574838
-0.669000330753081
0.0180697980869833
0.0
-0.629038574733811
-0.000607291342069289
0.00213149027450001
1.27844490846748
0.928243316655931
-1.24315128083875
0.624015688627548
-0.305735518138875
1.27691210305843
1.24826807382648
-0.606719573166457
-1.28027292289518
0.0191845948005045
0.561229681745396
-0.0259397615452295
0.725798407894508
-1.27783282451776
0.0106223102738277
0.0100612025425983
1.88887222382281
0.0
-0.631722912121472
-1.27936045441692
0.647599704169433
1.26360258695295
-1.28583973665977
0.604827434990186
-0.302232387948784
0.351402852912905
0.376322242740271
-0.376322242740271
-0.343848148692158
-0.906267282197771
1.85683500405639
-0.00233276331725172
0.0
-0.352035280692235
0.352035280692235
0.302706299482969
-0.927764014927934
0.625057715444964
-0.6383022503135
1.56656934309897
-0.928267092785467
0.928041042063624
-0.928041042063624
-0.6383022503135
1.24617254267695
-0.607870292363448
0.0
0.596029336704938
-0.596029336704938
-1.26784699546562
1.26784699546562
0.928052949370946
-0.965700125121344
0.0376471757503984
-0.345898371774698
0.301274645461746
-0.609374173641355
0.634671244863047
0.0193266550912591
-1.26400552876589
0.585446863226334
1.2842628520662
0.0258996910481981
-0.667676874347246
0.0360729967724081
-0.967069606064157
0.967069606064157
0.0
0.92807676068203
-0.92807676068203
-0.954373401376752
0.276439415069113
0.0239360863533327
0.653997899954306
0.277384099208911
0.354219778365928
-1.95640131478509
0.0
0.606719573166457
-1.23940848182373
-0.642372329617157
0.619644592900645
-0.596727132064144
1.25214377743793
-1.27875043367327
0.0229269322590867
-0.0259634193636067
1.28178692077779
-1.25582350141418
1.53596496750322
-0.927969575081953
-0.778979068723305
0.782117359360497
0.644689818355719
-0.625057715444964
-0.0289401845093419
0.0289401845093419
-0.0132445348685356
1.24588582573658
0.00028671694037039
-0.941942724193854
0.334072431830406
0.0
-0.347365279894543
0.347365279894543
0.0
1.33208379564767
-1.25011543088993
1.85769900631301
0.320612175796135
-2.19380850265933
1.26561275144012
-0.644689818355719
-0.00470498448113262
-1.26368293916562
1.26368293916562
0.0
0.601710910558957
0.326210997817642
0.000119133687025371
-0.928041042063624
0.0
-0.350415774812632
0.0355078106298156
1.24284179089049
-2.20851022544965
0.648815648494492
1.26348366236896
-1.90492057934687
-0.0583838912453479
0.683753449477839
-0.625992171158385
2.20181368196902
-1.57801901320166
1.57809046696095
-1.89266663449331
1.2480125281503
-1.5528424492391
0.920205744496512
0.657921048886454
-0.308695093377873
0.928124370095669
-2.20839729299085
2.2082663247129
-0.927993401817725
0.928124370095669
-0.973350716235126
0.0452263461394571
0.593171950162249
-1.22493270040973
1.55967073918951
-0.927909988942026
0.0
-2.8505784710385
3.15328477052147
-0.302706299482969
0.0
0.0
0.0
-1.25449118405661
