0.61999518824431
0.00329499893775076
0.00630700147285749
0.00681466408077397
0.291032407842902
-0.911800063606844
0.0561511258296031
-0.000156899291831372
-0.319260849421085
0.918578347464502
0.628609953279548
-0.00394274888834726
0.924820514914445
0.600801231138503
0.0176329731677316
-0.620665789968889
-0.0277060544285129
0.348112775926413
-0.0157321372929046
-0.622488065902393
2.68451331280652
0.629141243005391
-0.302390522005795
0.0354149409975244
0.290016432583181
0.0170910378025588
-0.683740152896179
1.28287170845916
-0.618317534374447
0.293312577541122
-0.272373290943337
0.980622386465055
-0.638626594501313
0.615678639261982
-2.14519413506166
1.32200534446849
-0.927552111678047
0.63194112446023
-0.0142997277590878
-0.612158573833154
-0.269794226348205
0.605532137173467
0.653516043422887
-0.610163456233707
-0.00703388081140693
0.321516161672423
-0.000880573561794494
0.0460243603303665
0.0166167499704703
-0.0168026898808435
-0.669887099905832
-0.000719923949808677
0.340010807920888
0.308147571805958
0.338285709073777
-0.959971218212884
-1.25423279557975
0.61808596061497
-0.628236539989888
-0.633231182196683
0.0
-1.2786736991866
0.31156494682878
0.00144019236900452
0.00193145503667814
0.000160661161659936
-0.586711938834669
1.24402995215908
0.618528693870776
-0.618257685311736
-0.364098073299939
0.0234814473268881
-0.633305708414269
-0.630834315110008
-0.622784510065355
0.309581688804065
-0.315781745402977
-0.0113982763800119
0.294826032371431
-1.5710464322642
0.292601523796724
-0.587914755882338
0.626634206379763
-0.0207328322493145
0.317813237364713
0.964647833251458
-1.55607726989673
-0.608525534629785
-0.920317442238728
1.63428785795372
-0.950534408475881
-0.0199391492441037
0.634523571440618
0.274645333691082
-0.00724388935301781
1.28237617675105
1.2838080672147
-0.634074818300265
-0.620625478185389
-0.642255847383136
0.630451911731249
0.924705397880236
-0.935747264727191
-0.333424753579326
0.0162577161446171
-0.00789981631430674
1.56474654200797
0.274684163388436
0.635051204070662
1.28178692077779
-0.635747921375506
0.652172807881716
-1.26497511749041
0.343465876713115
-0.338999323893565
1.82250929645972
-0.00387600037406467
0.619273142570198
0.610447746987157
-0.00631744451486912
-0.28807229493592
-0.664018942302064
0.324650721621178
1.25232961562189
-1.26153811390902
-0.288092986802134
0.00631328726006522
-0.308410681981758
-0.608235633989789
-0.322758108675864
-0.0388649680738927
-1.26222288201774
0.0121074511278079
-0.31072161816821
0.925909420344626
0.638310648492577
0.621421187332242
-0.931475464327682
0.638191258594811
1.57600836689332
-0.0161599717031398
0.619414505722244
-0.0258400717732783
-0.630310248990566
-3.76697787527436e-05
0.349338725139178
0.27443593944836
0.623386501394432
-1.57380297660919
0.00882875924752257
0.924684002751508
0.330456379664558
-0.623458491736388
-0.010328723519996
1.56806423442247
-0.000945432790315482
-0.0156595712417465
0.638483894932102
-1.27447520776199
0.281150120468622
-0.304688052422346
-0.320774160724916
0.00135500066558919
-0.611944066420421
-1.24947733365781
0.91342700643106
-0.641166701434767
-0.000708275087578215
0.297900259198267
1.54321186273176
-0.27444292163958
0.0138684497622804
0.3260957684903
0.295787948575411
0.0089180839755525
-0.30630525625954
0.308108596449962
0.606500336690214
1.27467004920945
-1.25470196230939
0.628821348675424
0.630009522587169
1.57212744221517
-1.2703248726672
0.00916399956527175
0.341718159107838
0.01777011938202
-1.5522730255003
0.618777450546221
-0.620110339771749
-0.32264514538528
-0.322114381597606
-0.268095778502459
-1.27719865647173
1.27559943276315
-1.26552106686168
0.00359066444802493
0.623412555479613
-1.27292740925494
-0.593165247403027
1.55338867751414
-0.000205274642153144
-0.286297979811657
0.299538353462687
-0.312622059196418
0.0122228574019954
-0.00414422243154256
0.917941528430992
-0.919264379121085
-0.627531661133403
0.954162023302771
1.27040377427783
-1.25504532433864
0.015750096997068
0.302706299482969
-0.348158037636455
0.0454517381534856
0.291339137172551
-0.316454786575163
1.28635021002789
-0.658077022830743
-0.910356731492504
0.0
-1.27628655024408
0.639104959573125
-0.030152059487923
-0.311797656342157
-0.0169577759561775
0.624941873661777
0.00197337593027928
0.6277948142215
-0.606739947223835
-0.312942428089036
0.905951760878127
-1.26420886287443
0.00456651514193421
0.00644665166897057
-0.016866154455894
-0.939514086840194
-0.636488212295926
0.634095923944162
-0.296011366732418
0.286117329027536
0.338512669308836
-0.0111454373565697
0.00635262594349471
-0.321540524932256
-0.635443645327578
1.26529244182269
-0.976532785717447
-0.00793396407185278
0.321210179992213
-0.0120780285424575
0.621099978129467
0.32345353692373
-0.311096180428645
0.279135894222019
0.298332717360732
0.0230975591642965
0.635831826378468
-0.324726590701483
-0.019272687583871
-0.0104650596885686
-3.70326547890255
-0.928832368387264
-0.0231431367198659
-0.603184388984772
-0.00778752194219492
0.0171023542915192
-0.275771328454058
0.00266197400714932
1.24631647442933
-0.29530788890285
-0.346688789361416
-1.31196461707507
-1.26381572250251
0.022309089509053
1.22002926773598
0.94080070101207
-0.640864617527338
0.309503716753346
-0.304566676214636
1.23931687649774
-0.60391264353008
0.594383752527842
0.293250259457134
-0.0185105516082438
-0.290144007861898
-0.327316936550827
-0.633877902410963
1.55844773624013
-0.272880755667006
-0.0140751742166441
0.895014916465516
-0.619439979985949
0.279054326800191
0.0166228250837771
0.326885690044378
0.633615115256496
0.948655791174198
-1.22735832997411
0.971407330259006
-0.907378357334581
0.63446772629956
-1.4611847894438
0.911646805130846
-0.61749974311524
0.61307003178645
-0.346049804067218
-0.291881404626938
-0.643885476023589
-0.899102850842226
0.895408293258809
-0.28971269327678
-0.307265623461784
0.321246607437435
0.595302743358086
0.317458607919841
0.910718801307594
0.349424502382849
0.62492130951704
0.349059989349619
-0.980048321934436
0.645040764249631
-0.662082747781088
0.649788974256636
-0.905740040470619
0.00743152139988674
0.62293253343658
0.300245591406093
-0.289855496379649
0.313520339434012
0.025504168482429
0.00222787011462381
0.628122123573098
-0.639812481478938
0.0256203632478759
-0.35076460183046
0.63198315535297
0.639624602438415
-0.649835340757274
0.0119473919918418
-0.314543248320049
-0.30689870501931
1.22790171623068
-0.349042424781369
-0.944106714503638
0.345111502659727
-0.3360877010495
0.298938671729854
-0.328777010299249
-0.317486488502398
0.00495187986688373
0.00266738305488574
0.0131723131706217
0.283252942909385
-0.599127303168789
-2.55469353571914
-0.629163024715544
-0.622537740151743
0.289332623510774
0.608797818840067
0.628778229813481
0.629287956755769
0.638331928546664
0.624487412850572
-0.308647929259728
0.984144812301977
0.639402355284439
0.919810454938714
-0.00705449652536508
-0.589748088486829
0.302742371262123
-0.0342984452606701
1.87472087443781
-2.84526634654342
-1.26944598881933
0.0162877776583622
1.25193214615063
-0.611901860365335
1.24599767800055
-1.55828647070944
-0.63322323327497
0.295798177603365
0.632050992216571
-0.0205018277423197
0.328755414154438
0.649582981356502
1.53797798398672
-0.294726195059188
-0.00733609561938034
0.0226715550952334
-1.25818840563107
-0.275186466656605
0.289531034635629
-0.919470694651764
0.298331237639209
0.0135298597707104
1.27079292289344
0.311042957633558
1.24140533706499
-1.26736044873619
0.0182893737855781
1.26422943824739
-0.00349243213731382
0.312725271618668
-0.0246861199001972
0.336630447731821
0.967414669992062
0.939708912318427
-0.638965513615988
1.56146542692366
-0.024147260715605
0.0047489928485807
-0.00384242665194664
1.56700009485762
-0.652370725035102
-0.00967468606421099
-0.633120598408021
-0.642819761302731
-0.0214123234314489
0.953444889830017
-1.26517416869371
0.016457106287882
0.611813180576429
0.310067306416235
-0.000168055323794558
0.979873573250483
-0.305779155249802
0.0192592229542109
-0.00452981623363782
0.614195900373179
-0.639436798675283
-0.00796516111789229
0.348440244268293
-0.705195476928971
0.956868999354846
-0.023568759559459
-0.302346322466056
0.0239952085410524
-0.913109186320278
1.24986544619845
-0.646836079398114
-0.00881659875269189
0.915879843780752
-0.626923034900704
-0.900001340963467
2.06636430574921
1.25749654680936
1.54244516738026
-0.294826032371431
-0.972384481872503
0.98158381255612
-0.980817035966418
0.00947802164923764
0.331044962706738
-0.3022450547557
-0.0293642926196464
-0.59665672110264
1.26251085963549
-0.00945986794788611
-0.629978524043656
2.09769923370431
0.597929283553679
-0.667639191923161
-0.630181149411138
0.934914827061943
-0.934690503827128
-0.320191785701348
-0.00367513021380014
-0.337469418662967
0.653042661411051
-0.0192287145170801
0.279785558352285
-0.293021538381761
0.331329427378462
0.612107818592301
0.623756793869402
0.349803629204328
-0.670695497290577
0.621347630396305
0.327992979406831
0.968903598404368
-0.344930730527184
-0.606199886116844
1.25643427804202
-0.0220685774862929
0.61415786805418
0.00157594314845675
0.0122376860572724
-0.314785566846703
0.971864573998874
0.290607426158454
-0.63098571462965
0.607022570791427
-1.27376778415967
-0.282157076014736
-0.642653631121195
0.0112145313543533
0.00187499507241276
-0.0167702381108393
0.332051637968004
0.906703541741114
-0.299647965170575
0.947512688037936
-0.274153205197168
0.67784232422108
-0.674241559310101
0.345609099945143
0.935481006916046
0.583049973916208
1.26051677254807
-0.605950269541293
1.27843587759701
-0.0241393775629554
0.308995291453801
-0.0191396598687356
0.295144459524293
-0.00816007918270903
1.28180480264543
-1.26095029391675
-0.0257568381972086
0.965517051128433
0.0248135571043231
0.296910227114212
0.0455656049480945
-0.0184951131585071
0.017482532939101
0.365303830978284
1.27095636030337
-0.339980282722457
-0.358611789001549
-0.306914203571987
0.00123831418406265
0.652903908596377
-0.950903173703724
0.649369874163149
-2.83479157822024
-0.0165816358398526
1.56540772587032
0.0200032697963728
-0.325859226802282
1.54877407872454
0.61746928439587
-0.638870534212393
-0.296582820599109
0.601985663308738
-1.85426452609662
1.24949678338631
0.621565283307651
0.978371634853972
-0.282447706846236
0.00170901795274144
-0.610747810816901
-0.322524914203128
-0.334304429424146
0.921828105781941
-0.618570053018158
-0.918634992988933
0.634164144572777
0.296744310048421
-0.613086180280113
1.55263740662313
0.00339614487390376
-1.95834597996105
1.61631920577696
-0.629544745152123
-0.020897681726834
-0.618858237218937
-0.887552210412771
0.590162050423453
0.657264918729915
0.0168215213465228
-0.33326035179114
