0.266750553939026
-0.766484854765812
-0.853014022640768
0.419417969586316
0.352586217186297
0.570611179558727
-1.34099179898037
-0.00242991695438011
0.467551392540823
0.881688432896744
-0.00293390946907314
-0.840966820727065
-0.486711555751013
-0.468960209492616
1.56028799000916
0.0894248545898169
-0.947327811259877
0.601768008907277
-0.359242906046085
0.359242906046085
-0.0
-0.0
-0.851390455289798
0.670684804969663
0.609019700398891
0.497906480775435
-0.678612131095569
-0.622609976919965
0.367676347938464
0.68043995114692
0.25637359114233
-0.930613268619301
0.92941465861876
-0.93561493228871
-0.867946132309361
0.452603136176053
-0.00263684626100702
0.85361912169595
-1.30366899853936
1.30366899853936
0.256134947762783
-1.14312438687883
0.0351917232961729
1.10428720081559
-0.252489484995713
-0.0
0.253718580545527
-1.06465315810887
1.30053592125391
-0.489601343690573
0.500216458482887
-1.3054664579692
0.868382381115802
-0.183981362910498
0.120848981281011
-0.852406891911752
0.852406891911752
-0.638274868331195
0.638274868331195
0.76647502665571
-1.11914506663985
0.412332738287171
0.00611039428639285
-0.919392214285378
0.85361912169595
-0.357287657523717
-0.446530007667329
0.205733978091292
1.09745492924379
-0.244437613162532
-1.06870018988648
-0.243546917520777
1.05731347842576
0.489601343690573
-0.829853113056881
0.340251769366308
-0.0
0.056587273841623
0.436414365949323
-1.379991078907
0.0378554618748515
1.33873532093177
-0.489601343690573
-0.353562677126146
0.598363348971432
0.00768881315042626
-0.00377491421085791
0.00500400976067207
-0.590210594930751
0.831027078561252
-0.494535064176028
-0.180705650320134
0.430693476813672
0.243527416136603
-1.79746814805596
0.958303385038283
-0.00215844159189761
0.347807961979431
-0.0
0.50164994870713
-0.012048605016557
-0.489601343690573
-0.593617230418733
0.842331801203588
0.252340437472424
0.887323987960633
-1.30371913215613
0.700776740642788
0.602942391513341
-0.0
-0.0
-0.0
-0.0
-0.887323987960633
1.38547600136471
-0.498152013404079
-0.351297561511444
0.843264491617382
-0.92556298316039
-0.370127180742384
0.207062662566794
-0.25574632068171
1.09720756375704
-1.09434701779181
1.10079235968001
-0.251246013733491
-1.30350178602614
1.55722036657166
-1.10632807595065
1.34470631627975
0.00382471391753782
-0.239786587029384
-0.646454147718141
0.390319199955358
0.500216458482887
-0.500216458482887
0.521507137782278
-0.0294103169076493
-0.492096820874629
-0.435639279301634
-0.417374743339134
0.853014022640768
0.489601343690573
-0.435639279301634
-0.0539620643889386
-0.0
0.493387074343432
-0.245961193045462
-0.681021934352423
-0.420224319189726
0.853820372244178
-0.0
0.500096123913223
0.00107813907439409
-1.13834322740265
1.13004181487352
-0.854325175818916
0.861668783843322
-0.500216458482887
-0.637168964415038
-0.200899411243502
1.08286904750383
-1.54833591274643
1.12038544659523
0.00864441765573747
0.424493203143722
-0.249987826493538
-0.596229019771651
0.238205645964677
0.610512858802687
-0.252489484995713
-0.0
-0.594028193320441
0.846517678316154
-1.09425048288629
0.841760997890578
0.256134947762783
-1.31108937551729
1.09886141670457
-1.46636136709776
1.13001480850135
0.489668427653038
-0.903878879434912
-0.244800671845286
0.766553626109211
-0.510418678346428
-1.10752540305258
-1.20004158992745
-0.16120128549053
-0.237926108112555
0.832723446657536
-0.0
0.491576302914685
-0.237857722369158
0.267788557236751
-0.276706465936992
-1.5481518342901
-0.000334548844583858
1.80244908682065
-0.856913390902873
0.35815001537162
0.500096123913223
0.846981371065009
-0.433596053054452
0.678873477182731
-0.501412371891062
0.253718580545527
0.00121504843597348
-0.846594767662774
1.09307351057234
-1.55648375647038
1.05507138457932
-1.30421970532507
0.95779634471576
-0.540900627351319
0.0413131211509448
0.0640664124867405
-0.267972533536032
1.04991698785898
-0.851186480537297
-0.452248377164242
0.954206591237877
0.349228266463662
-0.0
0.489601343690573
-0.489601343690573
-0.631689705766206
0.631689705766206
-1.05545513953536
1.05545513953536
0.498005050965493
0.875518838710164
-0.069604361933168
-0.596239195837693
0.171055059432037
0.926000233144534
-0.0071728401487201
-0.421233041391994
0.0671192083732984
-0.987004457076604
1.3397015866484
-0.00209495607943302
-0.419006389878832
0.416510912694776
-0.489601343690573
-0.360123951680808
-0.447264220441954
0.873635888629691
-0.424745295148292
0.358497578641363
-0.595415396695671
0.595415396695671
0.49778350148937
-1.2060864816605
0.0234369716325736
0.372431732850142
0.234493441814557
-0.597798051941157
-0.469965695634434
1.11850194345449
-0.295642371461986
0.295642371461986
-0.0416843245644017
-0.617121402857846
0.414005055576961
0.0314074276449524
0.0217909397235541
-0.928032587079485
1.32314389581672
-0.983210297866258
0.252489484995713
0.249279053328787
-0.92037654642703
-0.311668491769694
0.977531649897049
0.607200330785116
-0.394116588657568
-0.909251315937987
0.452590065133681
1.09820372075985
-0.247425881297971
0.497290156840999
-1.3411885744048
1.33455763645966
-0.236940638350331
-1.10367635692875
0.84995777638322
0.489601343690573
-0.914785480096229
0.915183417856946
-0.88478434997894
0.889066092962856
-0.675387592493945
0.437241515821522
0.85361912169595
0.499492399514351
-0.850930923506758
0.842360575113472
-1.2960114294767
1.06122432611842
-0.188923969215378
-0.88106330974409
0.922975249398477
-0.41510604251483
-0.709397337227674
0.885547090484432
-0.19283472496304
0.432830783691644
0.00141327928926363
-0.49389882301358
0.256134947762783
-0.835139813874792
0.835139813874793
-1.55951959295909
0.966755524353642
-0.551195532686321
0.934052772839476
-0.500456719785024
-0.80299204245667
0.450387307937743
-0.288430677113869
1.1399206388461
-1.80237028348054
0.871955581122547
-0.401193971512844
-0.4707783393686
0.952794167494915
0.415599399808252
0.436876757047469
-0.00361652492042005
0.00170303199099369
-1.38701183630365
-0.416244593338792
1.79907217462861
-0.832803546431717
-0.0558303068501973
0.883753779130481
-0.845801998000307
0.845801998000307
-0.437697571811526
-0.0610658037197271
0.256134947762783
0.265372190019495
-0.266573508800778
-0.00494580248796237
-0.00256194519556707
-0.247425881297971
0.501768538324499
-0.0121671946339268
-0.832909484252239
0.83343973762549
-1.30272552603032
0.463830296952686
-0.00875467870102619
0.357518310714838
-0.163872238333055
0.230446975718013
-1.79686640507496
1.55459717617831
-0.843117779810644
0.657168106383589
-0.338200533826466
0.834247219405244
-1.3005415322078
0.450190803258479
0.354304043370543
-0.0
0.0626243014226018
-0.866083506137065
0.455032654992592
-0.248533776323421
0.654964303333816
0.440270590112929
-1.80189341842057
1.30361885101912
-0.330836450848973
-0.0943476855566835
0.672610017703627
-0.247425881297971
-0.349532032390097
0.349532032390097
0.490922051121065
-0.490922051121065
-0.397889686867545
0.397889686867545
-0.0
0.492743904923028
-0.492743904923028
-0.0
-0.591408932568085
0.846342561549586
-0.2549336289815
-0.186924708516779
0.186924708516779
0.493258751357487
-0.000257111566541121
-0.414370249523083
-0.929409229729738
1.3499063518636
-0.499128512401726
-1.30360213208804
-0.0
-0.0
-0.364017778005377
0.861801279494747
0.261018844811747
0.844429629111092
-0.252549771689105
-1.29720908677858
1.30350178602614
-0.607163715981038
0.353445135435511
-1.04881891786546
0.694599929853616
0.601644869309815
-1.1000353767031
0.00849871892212458
0.898735245388306
-1.35822660099335
1.35756419647698
-0.907581186084888
1.34636302661898
-1.09021716785328
1.0873400638897
-0.489866800959445
0.490659218895858
0.0113461025575834
-0.00772429701823584
-0.885851010357866
0.890211369953496
-0.251215502732866
-0.60095156645061
0.847552061368021
-1.7973775386602
0.470627715787282
1.32232479034811
-0.425144499078984
-0.0644568446115885
0.0684461778423837
0.176354494002903
-0.42299366374348
0.669638766151978
-0.00184443056321181
-1.53703508551548
1.53730054278435
-0.839527830486038
-0.00377491421085791
-0.184297363499938
-0.0644172072849166
-0.351149052899704
-0.281575237104928
1.1223256336952
-0.908209351793103
1.09397559416963
-0.852696834140909
0.354790353365474
-0.359899392876283
0.359899392876283
0.0601623380588883
0.246727895269323
-0.36076692912074
0.36076692912074
-0.356141632985107
0.846140914436396
-0.000397937760716969
0.00480677649312089
-0.928004173238145
0.931133168382682
-0.680352019688068
0.182814904359837
-0.88698943911605
0.533093115419751
0.353896323696298
0.0628252033672701
-0.895548650024806
0.476999580857767
0.846645916920834
-0.490922051121065
0.252489484995713
-1.13947892411176
-0.41639520608026
1.5481853170416
-0.244800671845286
0.2549336289815
0.234667714709072
-1.07006119370022
0.580459850009647
-0.359326096007991
-0.689409273549871
0.246883532238856
1.05798678508179
-1.10526892500398
0.421809891612575
-0.169735173287725
-0.246843898092469
0.185651452808096
-0.604904550911095
0.680244045929547
-0.851288929295542
-0.178192991898194
0.00458748681509742
0.173605505083096
-0.678758547986174
0.423463095918238
0.247425881297971
0.00543382664046121
-0.00673832866265328
-1.33503282760406
1.33371212017357
0.00105787520528551
-0.668417474003543
-0.666776492493149
0.844534747600835
-0.351297561511444
0.175903034129535
0.229356591770847
0.439039575402007
-0.430326443968279
-0.0626751958226667
0.493387074343432
-0.840789557327792
0.347402482984359
-0.590392195937473
1.08891144832829
-0.685443960907592
-1.11679442363935
0.948987978273032
0.168560982126617
0.683707287084712
-0.852421604500574
0.00610183127602764
0.847111146392517
-0.00952716871115371
-1.09100397248683
-0.450702519915067
0.219381702053791
0.832723446657536
-0.0862131263547394
0.0862131263547394
-0.812577188365743
0.812577188365743
0.247425881297971
0.00870906646481233
0.247831315546113
0.251521530541695
0.606975229862844
-0.849384221354027
0.433192580468753
-0.685418138133712
0.490980698747438
1.12327735716457
0.252489484995713
-0.252489484995713
-0.0
-0.0
-0.0
0.48999928145129
-0.236280700905763
-0.253718580545527
0.496171689215693
0.000994772927294018
-0.497166462142987
0.843356584974665
0.513828168211411
-0.272674396616966
0.00705318275741859
-0.42696551671892
-0.425783159381814
0.847345798184119
-0.918312119870227
0.0853055615229434
-0.0814854290874235
-1.06315140192452
1.3096888896804
-0.24284987250787
-0.614052951268941
0.00689091411753376
0.84182975186048
-0.431230466639086
0.194118607944226
-0.839614377562431
1.0863748391118
0.000725706441994539
-0.499975652987076
0.252489484995713
-0.605767948424776
0.847304839644445
-0.494026376215381
-0.177810894599165
-1.12600846311089
1.80523172960112
-0.00944544178512382
0.00932645399324229
-0.430935863435309
-0.0703575206638715
-0.850982275434942
0.918956977594767
-0.408471595674103
0.594215474059806
-0.687314633599978
0.433596053054452
-0.584763957439233
0.228992765024159
0.00169946565229956
0.00807803784470131
-0.0896455903835612
0.927736100176263
-0.8285331901698
-0.505109490439253
0.899617728280305
-0.401193971512844
0.837403127402169
-0.15301962396786
-0.341261400467345
-0.601960029102973
0.411443607406389
-0.0644172072849166
-0.175592677141296
-0.258003375913156
0.248647643777022
0.0159025783260649
0.426854673731332
-0.00584031022978633
-0.85702967956243
0.861439713768677
-0.425304199186286
0.17096885867704
-0.246121379275779
0.500216458482887
-1.27944135462936
-0.602106357462607
0.602093200407835
0.00010521087543304
-0.451476988336316
-0.640379719609135
0.919991776792751
-0.430160077773866
0.601919798051133
-0.430527131368319
0.66139716790167
-0.489716906563009
0.513551437911063
-1.3464046371226
0.416312531188384
0.00765068633769878
0.898639883153095
-0.839868159510446
0.17856485719466
-0.244920183665086
0.416473584513231
-0.329127909990372
-0.108332730385331
0.927162545869019
-0.661187901851232
-0.245032313260395
0.258802155984198
0.647382047921909
0.0140487315496141
0.00988782650866473
-0.440484575570694
-0.402350089795271
0.84286616205729
-0.254747612727162
-0.265939055172801
-0.336124846396354
7.27157104599033e-05
0.343104849548458
-0.171642289037855
0.244797226607353
0.430576781333555
-1.09167528155919
0.171380538992367
-0.0
0.489674425266105
-0.661222696897025
8.11057094013257e-05
0.595731645761617
-0.00770145617632749
-0.587836277653518
0.856557023789419
-0.701360553652927
0.677575540461503
-0.832906496129033
-0.261015109323814
0.505870604255832
-0.0734030413657738
0.244958094114223
0.171560215504088
-0.343202958420067
0.846878128229654
-0.675317458847442
-0.171584499395369
0.825787254683797
-0.899123489914343
0.661498756608248
-0.59521778882087
0.609194694903476
0.25459076292656
-0.513503401953644
-0.0
0.0522742646774153
0.020888326143425
0.179444402158427
0.237054399050065
-0.489661392029333
-0.587909997449612
0.587909997449612
0.503659383297507
-0.234968665570491
0.234956824147927
-1.09170294357605
1.1015542991708
-0.685156186942274
0.171657289472581
-0.171455989137579
-0.016477467708866
-0.220956524839008
-0.171508228780068
1.10796868780666
-0.289769905905998
0.00710516275604446
-0.244905734191189
0.0871542292687086
-0.936249681675271
1.35278246056209
-0.437459698538608
0.00692882262236076
-0.668175781166965
0.839940383553604
-0.171747496130671
-0.0731732384952454
-0.832821888153031
-0.000118506143595545
0.661275453244327
0.244964609752864
0.416357220879635
-0.4896568895802
-0.343042318184997
-0.489875722405559
0.832918040590556
-0.848961263809707
0.505882335529689
0.83280033475122
-1.31496035721993
0.465871078845661
0.440253271519813
-6.21853330809501e-05
6.08169727982271e-05
-0.489774012941914
0.0733759246477048
-0.0970586337699699
0.440274146984045
-0.343205447229978
-0.513412521085551
0.85661796831553
-0.588031545421542
0.588031545421542
-0.0
0.24490553680294
5.2393716517608e-05
-0.58818555728706
0.171557804674829
0.661400484355272
-0.481301007263183
0.0647480444451124
-0.416405187493766
0.351657143048653
-0.59645826345994
0.2447836806638
0.35167458279614
0.0646809239797281
0.171794957823898
-0.588084732876714
0.171542934787352
0.244780035221373
0.000101395479051308
-0.41644473125477
-0.489768903280976
0.244964988191364
0.588003476930378
-0.416540415401251
0.0733544164930191
0.863024762029796
-1.11539689042632
0.661098357152212
-0.661232935483901
1.09165063275762
-0.941199664105644
0.437540280808137
-0.0
-0.432662174218634
0.691509044248291
-0.25114541385333
-0.350932504052206
-0.0733096201472731
0.424242124199479
-0.856644820646871
0.432402696447391
0.914011202209802
0.00621778925927741
-1.33653928633308
0.489687666789009
-0.25177870554538
0.594942001643522
-0.848925463359387
0.0159940102135835
0.920077789256152
-0.430394230548401
0.000108973536345762
0.430294465639836
-0.675097608748189
0.237670126938365
0.609131964156123
-0.867763647601346
-0.231003932913454
0.51068230223105
-0.258780307545776
-0.00692727344978756
0.668113427601937
-0.661222266574926
-0.260971043374552
0.260946132740356
0.416416645418618
0.171649936383451
0.00770145617632748
-0.00770145617632749
0.0732092334444905
-0.0655077772681628
-0.595797103006259
0.000121348074041867
0.416353781198437
0.661296916373591
-0.661364008180279
-0.416340344919628
0.416430379291373
0.171597574992395
-0.853874133975291
0.27982231123516
-0.258893041966121
0.389190868201669
1.29505075142935
-0.493387074343432
0.246121379275779
0.243479964414794
-0.669984808250942
0.674154581155053
-0.247649737318904
-0.0
-1.13311081839183
0.29507408345407
0.657391339259649
0.424390817361775
-1.79358593311557
0.706456438970326
1.09651263973089
-0.00925066509379157
-1.34057245354676
0.850573172095466
-0.0
-0.803232032583292
0.803232032583292
-0.595208859153037
1.0849430143299
-0.847229618361316
-0.07814381611718
0.690572908283134
-0.193994617859924
-0.448967289628425
-0.464175782650133
0.852204061156983
-0.0
-0.347882463849048
0.600371948844761
-0.601650285200117
0.405166090840525
-1.10597242138
0.69712613096181
-0.702297183319966
1.5447395267926
-0.489601343690573
-0.852406891911752
0.503311612285373
-0.954306104620988
0.671878413024019
0.631522971223349
0.0964213961832277
-0.483555789904204
-0.0464616593334752
0.768767421555924
-1.22249535646211
1.40149610852946
-0.204383952083158
-0.00654720224534585
1.08563494132656
0.22607417123861
-1.77427622733126
1.05860071240208
0.252489484995713
-1.55585738959127
1.30336790459556
0.0680538956526778
0.00609400805104225
-0.00715812645759897
-1.37049156327226
0.459391009543137
0.410514723428548
0.446118224916152
-0.341872216138467
-0.507261761102731
0.506011874274235
-0.501835624005496
0.0200538877084053
-0.0235518230114555
-0.931745933627579
0.431529475144692
-0.0
-0.35938619982518
0.35938619982518
-0.123128615727574
-1.18057380676732
0.704990659845166
0.851201247645442
-0.0
0.00244414398578764
-0.00621905819664555
-0.848513655538784
0.599799084753929
-1.3040196423149
1.3040196423149
1.20992832578803
-2.04400288905987
-1.34860977945201
1.10464860330157
0.510556087720549
-0.245085502894448
-0.265470584826101
-1.10109267473524
0.497649432885509
0.347308294086951
-0.184638333786398
0.439571962767898
-0.2549336289815
-0.0
0.253718580545527
-0.253718580545527
0.499492399514351
0.266923639393805
-1.36469846099303
0.598282422084875
-0.423018558439267
-0.172005588962453
0.59502414740172
0.489601343690573
-0.489601343690573
-0.0
-1.0525566435749
1.0525566435749
-0.887323987960633
0.711603562874476
0.175720425086157
0.2549336289815
-0.2549336289815
-0.807156601816453
0.807156601816453
-1.30335116244482
2.00730975100858
-1.05866943435316
0.851132102211125
-0.496421256421722
-0.0
-0.188795381209165
0.678794662660455
0.0100968424619329
-1.80366481350091
2.06987649921525
-1.61585415557409
0.00973086878450244
0.485200644636816
0.167140158746531
-0.406758651269856
-0.454234430217338
0.661936485836058
0.637777283163299
-0.843417473808962
0.592171460075472
-0.0
-0.0
-1.30350178602614
1.30350178602614
0.0673557520686095
0.188779195694174
-0.43894985212262
-0.704174534756212
1.38768587846363
-0.434196368488805
-0.407334705717785
-0.546154804257035
0.88698943911605
-0.887156790908576
0.501531226661349
0.454963133106133
0.697048963897726
-0.943847638048301
-0.17170798490929
0.349169090200958
-0.0
-0.848306407838255
1.33790775152883
-0.23711185869486
-1.09252216770807
0.404393403410728
0.435639279301634
-0.0
-0.852609495405124
0.852609495405124
-0.0
-0.802227121259751
0.802227121259751
-0.345559510769519
-0.487163935888017
0.651616878598797
0.181106568058739
-0.88698943911605
0.88698943911605
0.80195382960589
-0.317240200028923
0.317240200028923
-0.84495772697246
0.415518721340775
0.929655464114571
-0.935855737784521
0.0498948602841209
0.385744419017513
0.244800671845286
0.255535985159108
0.000598962603674998
-1.31201435001143
1.31189482714224
-0.00564857631965473
-0.495167520419223
-0.363286049849257
-0.940399661440145
0.470962264631865
0.401193971512844
0.684018960140405
0.237509796455577
0.00389954156229053
-0.49389882301358
0.766317653207123
0.416645866399816
0.963622603210049
0.168334859543813
0.00891790870024042
-1.10693452794085
1.3455720746935
-1.29437861310865
0.366383206508842
0.936932663400815
1.04968280370184
0.070174413339045
-0.0701744133390452
-0.388637538517763
-0.456742180709038
1.34217423143607
-0.496794512209264
-0.177461105291669
-0.664943775530592
-0.0106091418185069
1.37452116042305
-0.414112898879882
0.501701209054118
-0.498763375531253
0.498152013404079
-0.860778944087348
0.617560559664768
-0.2549336289815
-0.425184136405656
0.495167217757336
-0.428719372997727
-0.692259279625478
1.54902488924254
-0.498029317971017
0.248714570784855
-0.248714570784855
0.498152013404079
-0.832600892660163
-0.0949901263756009
0.920623240809049
0.428297232752161
-1.80319482200925
1.3037024224949
-0.0
-0.0
0.500576647131016
-1.07985735851978
0.83421434037026
-0.2549336289815
0.491706671515875
-0.431531607975644
-0.060175063540231
0.499975652987076
-0.443044147324661
-0.411537655908597
0.420119298464081
0.432023967110331
-0.251415736052452
-0.246121379275779
-0.83806837565854
0.83806837565854
-0.427324085628623
0.427324085628623
-0.180283461411201
-0.0407935741411775
0.0382621311925414
-0.168038371395229
0.0160363098729652
-0.252489484995713
-0.837188453732801
-0.0139980268044965
0.0427092961038285
-0.0431170157780735
0.907921851015847
0.442313733226532
-0.498641384030836
-0.392074449886696
-0.445554500041817
0.837628949928514
0.499975652987076
-0.434169465317289
-0.918010248826769
1.35205910655206
-0.244921416413573
-0.188451099821018
0.427925591023211
0.00226211897699829
-0.496670239160692
-0.0
-0.435639279301634
0.0911360429298011
0.344503236371833
-0.0
0.491315085139665
-0.241327258646127
0.243399247849895
0.0080252975476298
-0.501412371891062
-1.30340138424737
1.80325642964244
-0.678895035544052
0.672298741506467
-1.33630523048357
-0.352266701803616
0.851516648348697
-0.499249946545081
-0.34340030787675
0.34340030787675
-0.805589533048103
1.06172448081089
-1.05830988862397
0.802174940861183
0.498396980288838
-0.498396980288838
-0.0
-0.355567502510677
0.856622510767955
-1.35224148879458
-0.205023206569239
0.454643828694229
1.10117927738304
0.000241626424343683
-1.09752692013934
-0.706247652998218
0.969781703246006
-0.506328488157304
0.840466312653787
-0.0
-0.0
-0.848927439698564
0.915056698721429
0.423472084667707
0.00158289148679193
0.253718580545527
-0.253718580545527
0.500935619608069
-0.936574898909703
-0.00252143630540329
-0.499128512401726
0.492872850458481
-1.33993075898299
0.338739298613181
-0.09394886578145
0.680080978669867
-1.35257764976142
0.852001002630402
0.491836880449418
0.00993165787508137
-0.0105843031471348
-0.00158289148679192
-1.29259621601077
1.29325862052714
-0.490263748206941
0.2549336289815
-0.855035420680151
-0.287054999209925
-0.0
1.38689109173536
-0.851195359642269
0.351461058815482
0.0110950956570034
-0.00205505531673962
0.00109291679595014
-1.54701747481302
1.81365003142478
-1.11311971816881
0.169291755438589
0.177461105291669
-0.597296296024834
0.597296296024834
0.2549336289815
-0.888371839344549
0.556505865908913
0.598734393884459
-0.521802049430324
0.244800671845286
-0.244800671845286
0.49778350148937
-0.49778350148937
-0.435639279301634
0.0192775559728661
0.916216768723841
-0.499855045395073
0.497413707791509
-1.13332448496659
1.13756072588221
-0.50164994870713
0.071137641499332
-0.398970782861882
0.57907915509604
0.00247256681203598
-0.687314633599978
-0.410302364509346
0.674849228920925
-0.437144051755106
0.251826335823769
-0.447622107782095
1.29185581331575
0.000132480491845083
0.0010539425191714
-0.238563738974748
-1.09596243507165
1.00341521465059
0.0861791147011255
-0.181661561893883
0.434790129163185
-0.245531365999554
-0.584415503920231
-0.207321730027046
1.0395498800631
-1.80499955162171
1.30346832496036
-0.184393265568143
0.184393265568143
-0.352503722583931
-0.490969227492002
0.487436079321126
-0.252489484995713
-1.05006737481865
1.10607266545477
-0.908209351793103
1.34924668451957
-0.247054796869053
0.00614712126924527
-0.256134947762783
0.491836880449418
-1.3452545273625
1.10713622745861
-1.10592264170251
0.678598556073886
-0.847683235714577
0.033766065167806
0.466876726656771
0.843212133105693
-0.68701029667204
0.682935428330977
0.078868437369297
0.173621047626416
-0.637975194100389
0.0409847019172409
0.344501007187435
-0.80738027680214
0.388772268699609
-0.177631187735162
0.162643142783241
0.499233040052747
-0.952960974958928
1.38559855536209
-0.498274567401453
0.491315085139665
-0.0649373678293822
-0.841545859734424
0.662041528195573
0.179504331538851
0.246121379275779
-0.58868863219735
0.342567252921571
-0.385102443307486
-0.249397510812851
0.202970478975645
0.684018960140405
-0.252489484995713
-0.0
0.498763375531253
0.00169334425377062
-0.500456719785024
0.493515242630141
-0.493515242630141
-0.88698943911605
0.0335717922029685
1.10713622745861
-0.84771239126259
-0.211044066695637
1.29463922110327
0.00118937253924005
-0.490790716229813
-0.333363151502679
0.589498099265462
-0.493130273298409
-0.427324085628623
0.247819754089772
-1.09893325142158
1.35314852915019
-1.35152313754169
1.18188453886812
-0.867912686716198
0.603343887408236
-0.0661292590228652
-0.172390456647123
-0.263248822654511
0.010455142895978
0.921480682454194
-1.55238917898791
-0.0
-1.30360213208804
0.906046684870041
0.397555447218003
-0.350707618531221
0.852594614339785
-0.690682377017729
0.435639279301634
0.251246013733491
0.515140519023142
-1.11518454125791
0.426734653628497
-0.9196976430178
0.489636735076678
0.3521242628139
-1.30356868958769
0.255917681986293
1.10501336809071
-0.0573623604893118
-0.343052189711825
0.599187137474609
-1.55963673378892
1.55221635681099
-0.175514924973506
0.417064102395592
-1.5463898329268
1.05612608471986
-0.327158344739986
1.54737238187678
-0.85814490017796
-0.239183408147365
1.09888563482131
-0.501412371891062
0.496296546048538
-0.496296546048538
-0.188213398003663
-0.659677800469797
0.0405030263506985
0.807388172122762
0.500696439347576
-0.246977858802049
-0.253718580545527
-0.0
-0.497906480775435
0.252489484995713
-0.859486528970303
0.675169529244638
0.428622026939217
-0.496794512209264
-0.0
-0.338963380353864
0.338963380353864
-0.0
-0.841114814002495
1.33282148551837
-0.491706671515875
-0.435639279301634
0.507535710091721
-0.42411269019732
-0.493794607402456
-0.457407254939326
1.30341812174901
0.249987826493538
0.00250165850217471
-1.10038068346917
1.34255305524764
-0.494661856774179
-0.0
0.244800671845286
-0.840216068540958
0.595415396695671
-0.0
0.50164994870713
-0.926834085112786
0.926239144662935
-0.00216978104397754
-0.247639213479811
-0.251246013733491
-1.05726326592053
1.11122533030947
0.444679319641898
-1.33136483068837
0.832723446657536
-0.0
0.500576647131016
-0.500576647131016
-0.585139464932801
0.585139464932801
-0.433596053054452
0.930141873732894
-0.496545820678442
0.246121379275779
0.254215277728616
0.000956727094786307
-1.54852634093195
0.200802545521841
0.520235639138107
-0.274130465270628
-0.183409238236584
-1.11764840380376
1.30470310480742
-1.10833900891977
0.852204061156983
-0.887156790908576
1.37675813459915
-0.921130818835265
0.431529475144692
-0.0
-0.0
-1.05734694568459
1.55111806227927
0.00240057262100984
-0.496171689215693
0.256134947762783
1.79296924828613
-0.489601343690573
-0.807429627652651
0.00291347061858513
0.804516157034066
0.500336657004394
-0.859147566360331
0.848412253046509
-0.489601343690573
0.2549336289815
-0.856094507159761
0.601160878178261
-1.30395290542582
5.00688356839688e-05
1.30390283659013
-0.0
0.747018648159836
-0.747018648159836
-0.120750721064197
0.612587601513615
-0.491836880449418
-0.927058386455409
0.427324085628623
-0.807337959617533
0.807337959617533
-0.0
-0.84684898464348
-0.0406420459146378
0.945601649019541
0.442944389795856
-0.501055008257279
-0.0
0.0645127948207952
-0.00306751807137173
-0.900825558517458
0.839380281768035
0.766366857438551
-0.69880708892118
0.179866112780599
-0.884427493920483
0.211817476216856
0.425184136405656
0.496171689215693
-0.24368220421998
-0.252489484995713
-1.30400296040162
1.79609978127624
0.00919656322455189
-0.501293384099181
-0.184103593846721
0.184103593846721
-0.0305850866612131
-0.779329508033506
0.00237508417379527
0.867073730764881
1.38611795151778
-1.54637820983525
1.04724969743353
-0.176897179163488
-1.12657114579688
0.700455726994945
0.248098693649436
0.856682442640483
-1.80537067041254
0.949757426836749
-0.0797513478031569
0.932115305445265
-0.92153781083008
0.423018558439267
-0.632390358979133
0.696028404253664
-0.499277324576165
-0.377305844741943
-0.490757298451319
1.79785619906219
-0.240435196021767
-0.685248055690219
0.687664422907475
-0.432730793925975
0.430314426708719
-0.0187226582600647
0.48299397069266
0.600975489698367
-0.251246013733491
-0.607606220066466
-0.696062778472897
1.80508137043042
-0.0118110282004897
-1.33264782281666
0.843046479126083
0.710144544488393
-0.0592767974040294
0.0646785143470009
0.433962869683836
-0.848348588433815
0.413524859140036
-0.662136236081774
0.0609397594852128
0.86823422452533
-0.255510443854165
-0.0753449588116601
-0.353715041193994
-0.473566520548091
0.221077035552379
-0.388470186725237
-0.915432649864896
1.30390283659013
-0.0
0.244800671845286
-0.638917260502855
0.848513655538784
0.195567602032846
0.24238430462803
-1.55982065905218
1.55493172502289
-0.686885293035125
-0.451350159814415
1.38684448451112
-0.251140474610218
-0.422320075867951
0.173605505083096
1.55624435313474
-0.245170894788006
-0.252489484995713
-0.0
-0.602373107962459
-0.236280700905763
0.00121504843597348
-1.55846886988265
1.30353524090115
-0.346052647013829
0.346052647013829
-0.0
-0.343026607343611
-0.0155792951134631
-0.490940443489448
0.50064045082609
-0.504914477123745
1.34669322270266
-0.00327150676790845
-0.919040349322257
0.685573953394467
-0.256134947762783
-0.589812731983354
-0.00177412015472423
-0.222330318408693
1.30614372369003
0.00243530363092173
0.00627376283389061
-0.62169604146626
0.616556658367205
-0.495796236509015
-0.88698943911605
-0.000167351792526042
0.887156790908576
-0.0
-0.0
0.500696439347576
-0.00641541491237035
-0.238146076672423
0.244920060494496
-1.80475743075217
1.3037024224949
0.0625127341024452
-0.176341112028222
-0.535262450846253
1.38596537199147
-0.498641384030836
-0.0
-0.0
-1.30381935771006
1.80331175722441
-1.80306108910204
1.30356868958769
-1.05507138457932
0.253357573876634
0.861248030946645
-1.36345374798645
-0.416361723328768
0.671295352310268
0.511502076145903
1.05883489655922
0.2549336289815
-1.55918665663209
0.450835380737513
0.515861720674768
0.337555926238313
-0.802544869168513
-0.0451383665460642
-0.456219600875556
0.641976029613771
0.510241747789961
-2.06982828765797
0.917206045010157
-0.000407235016585858
-0.500504008796921
-0.160510918637033
1.04766770954561
-0.0
-0.0
0.489601343690573
0.927958258022497
-0.00462042937723291
-0.85988271578942
-0.690142191944022
1.10408685335684
0.235882763145046
1.57992964336144
-0.616592362216567
-0.161591673299538
0.0854111830632444
0.498274567401453
0.00301881669772811
-0.889292015142947
0.882533695219794
-0.245820493391173
-0.669541301188887
0.420826730404032
-1.3040530015252
0.949968536258381
-1.34261536633134
1.35335067964516
-0.00329403364180322
-0.240907675599808
-0.433084468398755
-1.14028018978464
0.458770536792344
0.435639279301634
-0.609950556268493
-0.949619249195829
1.79514152921741
-0.925302724570327
0.68358387954799
-1.06224143094156
0.454736913063351
-0.0740127837600209
0.431529475144692
0.498519252390813
-1.13179011096134
1.1293175441493
-1.38337067353941
0.49658845347378
0.390735534486854
0.0591297437511661
-0.0591297437511661
0.0941830521536554
-0.981339843062231
-0.499249946545081
-0.345133626837656
1.37692533165121
-0.838676232402704
-0.291157148976029
0.640232037688161
-0.435639279301634
0.925240622992207
-0.881464573168188
0.881862510928904
-1.79401892376619
0.951288115197821
0.496542465569293
0.881035317865318
-0.887710982475167
0.814002648703171
0.494914989229353
0.00800669211697218
-0.00903514590190762
-0.00301345911464937
-0.489601343690573
1.13344536723641
-0.177024491246229
-0.238146076672423
0.419037015136411
-0.597776853773633
-0.0452213232823626
1.34392458054479
-0.491315085139665
0.489601343690573
-0.23711185869486
-0.607162373981976
0.853922835531345
-0.00964860285450855
-0.880671039928819
0.603964573991827
-0.0
0.498029317971017
-1.34529590926412
1.3372658727444
-0.48999928145129
0.2549336289815
-0.2549336289815
0.256134947762783
-0.607345775313004
0.351210827550221
0.489734155176862
0.914594861353951
-1.13113986073276
0.888278128602933
-1.31109019739779
1.30340138424737
-0.841775618584422
-0.0730098615118068
-0.179921665053667
1.10399102867262
-1.80226987240961
0.703484104045887
0.354048496614545
-0.887156790908576
1.3816918550846
-0.249734392330741
-0.642188767270763
-0.453389744036398
-1.09582784550842
1.09405587814075
-0.49389882301358
0.249987826493538
-1.0524346042624
1.30121015330011
-0.247517361797763
-0.608319314750998
-0.491025621314428
0.0338809083124495
-0.0223076768494794
0.900466753142744
0.427504711980006
-1.0892228125418
0.423969702030775
-0.170928283261098
-0.958966802976553
0.66779164531981
0.635910777175085
0.500096123913223
-0.43318343944425
0.425184136405656
-0.71827479931776
0.421043891506443
-0.852762578877598
0.858004549500742
-0.0
-0.0
0.247425881297971
-1.05160248032298
-0.253120143448224
1.69118140460731
-1.68133512598229
1.04745046384821
0.499006939397114
0.842080456022984
-0.236677154743479
0.235882763145046
-0.235882763145046
0.00121504843597348
0.246001990626569
-1.31224018298081
-0.150614385978681
-1.08406238976537
1.08779314381736
-0.253718580545527
0.489601343690573
-0.244800671845286
0.257086323963277
-0.241718845022337
-0.598414376215409
0.841813624065304
-1.34538807697383
0.416361723328768
1.20201597485438
-0.512658115007217
-0.178686258468296
0.422628057706487
-0.437744080674626
-0.660953906505754
-0.702464178629474
0.953393597053933
-0.0353500234824971
-0.211838083570133
1.08689763971541
-0.489601343690573
0.247425881297971
-0.835348656110221
0.58792277481225
-0.0
-1.058771802116
-0.0491758495062709
1.10550350763648
-0.189609511906534
-0.421205533354168
0.00778581118598626
0.350539749079003
-0.349616631072007
-0.706526177217708
0.212244390725918
0.503402092486354
0.412266264977001
-0.0140221448577593
0.440158685733637
-1.30387552613303
0.216196656425632
0.845714235764133
0.00382013243551996
0.00124347126222181
0.23711185869486
-0.234667714709072
0.245762810366076
-0.500696439347576
-0.593130404097953
0.841844974882808
0.418608008102531
-1.55988749460974
1.30375254684696
0.2549336289815
-0.684372634613185
0.429439005631684
0.850510331185356
-0.491184235177365
-0.416361723328768
-1.55893658938312
-1.07672192623458
-0.378445608196988
-0.0657379147154089
0.499006939397114
-1.22970903906324
-0.00056820770999071
1.80125974879836
-0.243571576295472
0.00121504843597348
-0.842329862438468
-0.71603862424457
0.450512871646231
1.35131896634415
0.254954477680533
-0.246240634006116
0.234667714709072
-1.79355424911639
1.13490371678294
0.615099512289897
-0.610757055947156
-1.79971466779755
1.55713670229454
-0.595693640812174
-0.251546321547329
0.839642761089755
-1.54970679088677
1.303585411611
0.0616975083765088
-0.666475688235521
0.85089955913479
-0.176476591432854
0.177781093455046
-0.84684898464348
1.10047811160279
-0.0096092340034945
-1.34486342116687
0.676821800749889
0.422717225438971
-0.489601343690573
-1.31320071191797
1.30408057548508
-0.673497001670792
0.6780923879718
-1.09177466012568
0.849326879482461
-0.00311432874166358
-1.32763843588689
-0.0055642420647806
1.0944226364851
-0.0100135684870044
0.246105173867478
-0.850456439178977
0.00282033708800146
0.610343177929218
-0.2549336289815
-0.342295913189343
0.000495067627748334
-0.847673486458674
0.605193407648666
-0.2549336289815
-0.184881482269597
-0.656879515620982
0.498274567401453
-0.24578508240574
-0.592804778813676
-0.963102827931051
0.66251877983059
-0.244931844694682
-0.246121379275779
0.497042623362591
-0.497042623362591
-0.358567943004152
0.358567943004152
-0.416361723328768
0.416361723328768
-0.0
0.252489484995713
-1.09230496215773
0.83981547716202
-0.802652228221486
1.29304796351049
-0.839478908467268
0.415823777128205
0.423126197009502
-1.08571101143982
-0.250795608611827
0.000724058968536189
-1.30451421487822
1.06043270415811
0.234128800444158
-0.667724853498609
-1.1260072196687
0.709123992071174
1.09076558931091
-0.496421256421722
0.499249946545081
-0.499249946545081
0.492096820874629
-0.240850807141138
0.247882498668236
-0.499128512401726
-0.435639279301634
0.933422780791005
0.00170889802498055
-0.676441920150323
0.176949520635972
-1.04750062064172
1.2936219999175
0.248919950528096
-0.642682620495396
0.811731809138268
-0.847266591293106
1.0985126050266
0.00368761524800946
0.892917791029634
-0.250492889585674
-1.05066494076442
0.48521753196838
-1.80419915271746
1.79761827143438
-1.38050468174619
0.94506130766193
0.19686176043562
0.244073310415614
-1.8025756289848
1.12284425474086
0.234686499235768
-0.905963067019341
1.3537695409549
-1.56100418916855
0.00537072345069883
-0.249703762194339
1.80110580491592
-0.353237627099149
0.174197636950169
0.67853238966333
-1.80346199147171
1.8023665722462
-1.33381263944038
1.0841302299364
-0.588050943098958
0.591825857309816
0.513857693482866
-1.19994323153303
-0.167806575741808
0.672540270295591
-0.873190115287098
0.867706578585312
-0.0656541047975467
0.490263748206941
-0.416652214227494
-0.0736115339794465
-0.337172230143489
-0.00886612351881512
-0.260044328218899
-0.241284710666435
-0.248714570784855
0.494914989229353
-0.248793609953575
0.243479964414794
-0.233466395927789
-0.605842152165762
0.419639440915327
0.423711020077809
-1.79726210760928
1.80383530950201
-1.1009429208825
0.247473717650845
0.852259684145883
-0.244073310415614
-0.853459458026746
0.851015314040959
0.249397510812851
-0.0117553987447393
0.031375540718454
-0.946691274187934
1.12634155201672
0.432394734273169
-0.2549336289815
0.244800671845286
0.25637359114233
-0.501174262987617
-0.841545859734424
1.34043108694773
-0.498885227213301
-0.35403997912442
0.855571205785769
-1.35332894248123
1.34139905951045
-1.09608945981992
1.10622241695613
-0.679238632365638
0.238106453457983
-0.0586021219191321
0.247425881297971
-1.05710816130014
1.06581722776495
-1.05934722651712
0.860538276820952
-0.0715224656483672
-0.501055008257279
-0.572568826773909
1.06401460102769
-0.00157897329433992
-0.489866800959445
-0.0
-0.0
0.244800671845286
-0.244800671845286
-0.35017510380249
0.840834322698348
-0.427779245806679
0.00241636721725641
0.00715164987044379
-0.880613948594485
1.30826208233083
-1.55735938983375
1.12967348111869
0.000427550953090104
0.419777036653968
0.831722178681856
-1.32255067869593
1.08419534873885
-0.842832865871569
1.25768599038836
-1.30437400658148
1.13992481703832
-0.852799001606833
0.351149052899704
0.494408120183693
-0.891963567401697
-0.453017724877463
-0.453028959992578
1.7942613509839
-0.234524271133075
-1.06686914824523
0.810734200482443
0.493130273298409
0.00887504815503238
-0.502005321453442
-0.0
-0.433596053054452
-0.869972636533235
0.451567686957284
1.34160234632097
0.276814695217583
0.204697074510382
1.34769149198803
-0.435374439679366
0.433309994600558
-0.498152013404079
-0.394026517610167
-0.493130273298409
0.249987826493538
0.637168964415038
0.499734300826787
-0.499734300826787
-0.601778776024231
0.205281204011514
0.396497572012717
0.252489484995713
-0.441284866204878
-0.165050738664705
-0.949856302621024
1.79823748667092
-0.416598419048807
0.166864026718065
-0.244800671845286
-0.846010866809689
0.846010866809689
-0.0
-0.0
-1.04751733648171
1.54821377582929
-0.249450425614085
-0.608911261336024
-0.236922579690194
1.09659314874617
-1.31150382913064
-0.493919614071815
0.86777884244738
0.500780043317634
0.182285117281971
-1.09697222724449
0.849546345946522
-0.0
0.500816096738878
-0.254694717463099
0.246880260515167
-0.00326748461408414
-0.489734155176862
-0.852406891911752
-0.202714593872855
0.416846617453412
-0.418954914837844
1.30594435395389
-0.426175676076523
0.677316150686742
-0.594758379291079
0.24423282364116
1.1168727341285
-0.264934806587516
-1.34826135653454
-0.202036744085078
1.04888572872856
-0.177810894599165
0.177810894599165
-0.356108921591359
-0.0754205535533328
0.933298013469191
-1.0392121155146
1.03498069251834
-0.658965209675498
-0.439197614012705
0.849340279144828
0.247581975263683
-1.38328598516459
1.37685624007549
-1.30330237720969
0.0112941026478912
1.05338748733585
-1.13823545284954
0.88698943911605
-0.58818793853799
-0.217334608915661
1.30416393148449
-0.00551111073242726
-1.38045426125904
1.38669523010467
-0.430596628857492
0.421356983777284
-0.000530253373251449
-0.829371216996783
0.833540989900893
-1.38076055571073
0.489099752248504
0.898346406652569
-1.54902487682966
0.450487763385369
0.660838094646471
-0.062757700987204
-0.88698943911605
0.00122870415407715
0.84995777638322
-1.3037024224949
1.79886994291412
-0.495167520419223
-1.12033186753763
0.608947843312006
-0.2549336289815
0.496794512209265
-0.432097134506504
-0.414112898879882
0.349415521177122
-0.809277591105708
-0.0373622279864939
0.665437112739358
0.239274574898725
-0.0580718685458807
-0.0
-0.0
-0.0
-1.30361885101912
1.30361885101912
0.499855045395073
-0.246136464849546
-0.253718580545527
-0.0
-0.423018558439267
0.423018558439267
-0.0
-0.0
-0.595866054867619
-0.707602270092745
0.952914212510511
-0.536435326666197
1.40849657689833
0.244869557770466
-0.272733438962586
-0.412962356556334
0.41917414536125
-0.499855045395073
-1.303585411611
0.867946132309361
0.435639279301634
0.521507137782278
-0.521507137782278
0.501055008257279
-0.00401238489468772
0.269569914226303
-2.0702481059934
1.226306777861
0.0773287905435054
-0.802666512479975
-0.500684649964843
0.671128000517742
0.202784156295391
0.501849220829848
-0.503939690342856
-0.376167841082261
0.372058036925319
0.435639279301634
-0.0860597134331735
0.581353274864134
0.00100298461757751
0.270021107158585
-0.766317653207123
-0.837848796276467
1.10277476685498
-0.256134947762783
-0.851390455289798
1.34892757061803
-0.497537115328231
0.76660272127561
-0.76660272127561
-0.167108149858506
0.419597634854218
-0.252489484995713
-0.0
0.500336657004394
-0.00292294921288581
0.0240934299907695
-1.82500892380841
0.464776267552583
0.409286512841869
-0.457884982328949
1.40902782437617
-1.40886062732411
0.887156790908576
-0.806724002028079
0.806724002028079
-0.0
-0.537350250236773
-0.766819460083444
1.30416971032022
-0.782065415461593
1.54845194821823
-0.266170074273745
0.266130719995691
-9.84084611696674e-06
-2.07045703912113
0.908967142822038
-0.439146212444117
0.834298771110748
-0.852406891911752
0.852406891911752
0.766307809627565
-2.07004364990095
0.000150428662394387
2.070030948484
-0.887716923102501
0.121271386229499
0.252489484995713
-0.252489484995713
0.521507137782278
-0.521507137782278
0.496421256421722
0.00185331097973066
0.0232325703808255
-0.521507137782278
-0.0
0.766425872472511
-1.59914931913005
1.33026056198577
-1.80103890135437
0.4707783393686
0.832723446657536
-0.887156790908576
0.0378165117637477
0.849340279144828
0.521605532588884
-1.82499017778519
1.5546306589298
-1.09892924944807
-0.000415686617358364
1.34225269889923
-1.33783958552468
0.843685808957391
0.249987826493538
-1.10239471840529
0.852406891911752
-1.30365228424449
1.55978723200728
0.234918276207678
0.00373527436836315
-0.157732822003049
-0.727256550052894
-0.913167030878437
2.07013738005732
-0.244869303660889
-0.521900171800878
0.492356127298173
-0.492356127298173
-0.803302055754456
0.803302055754456
0.498274567401453
-1.38543135831003
0.887156790908576
-1.29101306903945
1.29101306903945
-0.813174863778029
1.06810849275953
-0.2549336289815
-0.0
0.0573623604893118
0.437552628740042
-0.433017153202757
-1.1173696420995
1.78729112988548
-1.08615898218185
0.594974747004486
0.069966071212376
-0.069966071212376
-1.30351851423734
0.183296175908509
0.250424441402663
-0.438158723764695
0.44182936156914
-0.248970444749396
0.248488287093296
-1.31356992236224
0.378196342233817
-0.417374743339134
0.51593846648617
-0.505543443815142
1.09755262895124
-1.34624396247671
0.850573172095466
0.50164994870713
-0.587320028171245
-0.451799119666795
1.03326543563993
-1.38312022446965
0.887323987960633
-0.433596053054452
-0.453393386061598
1.38672373994284
-0.499734300826787
-0.0
-0.0
-0.0
-0.0
0.76649468196746
-0.514005196971747
-0.183774798387789
0.186218942373576
-1.55833501322887
1.37804320559182
-0.0746418213444518
-0.433596053054452
-0.413670538238655
0.258089443791607
0.92015040578876
-0.503363714934383
0.051817056439229
-0.721617107620773
1.08831188710445
-0.677650854420471
0.933060701806041
-1.3885206657774
0.88698943911605
-0.597681425965073
0.424280576859011
0.234486176766592
0.440683210663969
-1.3132364659201
-0.492134204492444
1.79737324868273
-0.846437807914714
-0.233588469326414
1.08598946147323
-1.33824103693981
1.09344036509453
-0.00494580248796237
0.240407908795468
-0.490395735289006
-0.809227448220814
-0.0413457238746524
0.850573172095466
-0.585225455898931
-0.718593901811127
1.79342070140063
-1.32919935408084
0.839598010390268
-1.05901868586477
1.55729325326622
-0.894712373989109
0.365852719926444
-0.364567472005418
0.645140385160169
-0.249987826493538
-0.58149400216573
0.236210406852152
0.600217224295078
0.236512145272284
-0.844684027514876
0.413285456796797
-0.457274485886883
0.895133763126612
-0.439701800743266
0.440680547181132
-0.433496062194233
-0.0653891650190683
0.500336657004394
-0.500336657004395
-0.838725518473554
1.32832686216413
-1.30378595536418
0.814184611673604
-0.633772450012591
1.13565944582115
-0.250640982075073
-0.190433946604249
-0.0608120671292417
0.499855045395073
-0.0102537017045004
-0.653275722811603
-0.686898792974436
-0.005880701556656
-1.12679664935302
0.635743425382559
0.244800671845286
0.2549336289815
-0.249746474333249
-0.249987826493538
0.849784340185975
-1.35443521843483
0.253854770007971
-0.287893567298153
0.951994292671573
0.190597255296059
0.246716319725629
-0.00349793530305026
-1.55692003114648
1.1397734286106
-0.435217925984485
0.599013186961573
0.244800671845286
-0.489601343690573
-0.0
-1.04870193942301
1.55035188813014
-1.10013542931859
1.09440701540362
-0.495921534792167
-0.85361912169595
1.35491250579513
-0.936932663400815
1.20221254619807
-0.766573266896436
-0.435639279301634
0.260244751919725
-0.254044478249776
0.851186480537297
-0.0
0.491836880449418
-0.491836880449418
-0.0
0.0614452767494234
-0.907456143559112
-0.00537958848010876
0.267635041694655
-0.267878605560515
-0.0
-0.585297565359565
0.585297565359565
-0.357621410404066
-0.495392612236701
0.853014022640768
0.498641384030836
-0.498641384030836
-0.320683370046389
-0.0230628691233674
-0.0196664397804388
-0.4777021350523
0.668420162592551
-0.258834823734748
0.431529475144692
-0.847475033505142
0.920367406359406
-0.412466601729279
-0.0940218241794377
0.95510319083673
-0.0263396173630553
-0.847093674187971
0.351926153768749
-0.0
-0.176595846163192
-0.16482265070999
0.341418496873182
0.490131597063824
-0.841245104876395
-0.952321349888967
0.884826849599008
0.418608008102531
-0.887156790908576
0.887156790908576
-0.0
0.256134947762783
-0.343220087765865
-0.76328313280823
0.850368272811312
0.251246013733491
-0.420295202376364
0.935475061115384
-0.274980098218726
-0.831800496962731
-0.061472164646254
-0.600120010409412
0.600120010409412
0.261957983014676
-0.711874102219873
2.42354429915783
-1.12000905825668
0.49691864016376
-1.80047060618159
1.30355196601783
-1.30393621735429
0.702605330105824
1.09948290065254
-1.80173742501507
1.37020794987038
-0.0666225382593874
1.22801968166231
-1.22801968166231
-0.341184350759562
0.834057201218043
-0.237939221476981
-0.166825845620417
0.412468863769933
-0.500576647131016
0.2549336289815
-1.10734052089325
0.500274253756738
-0.450462350734498
0.446759368682932
-0.693830444444204
1.04966606465078
0.499128512401726
-1.80269720198941
1.30356868958769
0.489601343690573
-0.23711185869486
-0.640973576156716
0.878085434851576
-0.489601343690573
-0.83981547716202
0.83981547716202
0.501412371891062
-1.315446596605
0.639199624081024
0.67660313895741
-0.437458110603516
-0.951801458279101
0.499341179046656
0.877751195202034
-0.41737177230472
0.181489009159674
-1.10202498838378
0.499422848478451
-0.954701852251191
1.55101129290897
-0.175621454524867
0.426224891197914
-0.498029317971017
0.490131597063824
-0.237642112068111
0.00364546276707056
-0.00614712126924528
-0.603351958163904
0.600790012968337
-1.05307723751014
-0.039095004752686
-0.459072996745204
0.471095911052522
1.22673224063365
-2.27421614388999
1.04748390325634
0.256134947762783
0.245870373690658
-0.00964919415526828
-0.492356127298173
-0.433596053054452
0.433596053054452
-0.0
-0.0
0.498152013404079
-0.00298449298485653
0.00224618737228581
0.0015932316056052
-0.848203343094753
0.349196403697639
1.16302202357523
-0.663287722748444
-0.499734300826787
0.252489484995713
-1.55657583957808
1.37745870830132
0.42851464208961
-0.691404895834419
-0.864029514381754
1.30848104338911
-0.0
0.24284987250787
-0.00161181227367787
-0.497973946220129
1.79716752687463
-1.79693336437916
0.954000179536217
-0.462882878877076
0.457646549708047
0.845707495352288
-1.79447134571948
0.252489484995713
0.61939916160861
-0.417810804000136
0.0359700901825156
1.31513872728681
-0.253053967539645
-1.08853004794687
-0.0101329571362139
-1.08930041005813
1.09991552485044
-0.436957435288755
-0.420525699280377
-0.233248308070844
0.590514984157088
-0.435639279301634
0.0857461828635179
-0.953759187806377
1.30365228424449
0.490263748206941
-0.42179627306319
-0.667139753374398
1.09102840552882
-1.07141401228915
0.579057884990978
-0.00240000216204843
-0.499249946545081
-0.27423272651769
0.884545295130262
-0.0
-0.0
-0.602257236679226
-0.200070286359294
1.04975340433649
0.454351079026041
0.849133977241198
0.489601343690573
-0.235882763145046
-0.188826799268497
-0.0015241211815504
-0.950524451004055
0.887156790908576
-0.8064022274447
-0.497133013456447
1.55602472589686
0.514142682501094
-0.766632167496806
-0.0
-0.0
0.735827674190026
-0.240031437681011
-1.34759395232889
-0.451687340447362
0.416495617151189
-0.416428682632965
0.254632618574385
1.04878550317463
-0.357467032804801
0.357467032804802
-1.3036857112894
1.18291534943798
0.887255216617235
-0.766484854765812
0.500576647131016
-1.38790063509165
0.035119926803651
0.852204061156983
-0.834522701292825
1.60101738326028
-0.251246013733491
-0.0
-0.0
-0.581697078606016
1.08334702731315
0.621836057117518
-1.93282753420482
-0.0233819182773619
1.08396946039103
-1.0658477119022
1.58111603181477
-0.766514333646064
-0.435639279301634
-0.101709094355306
0.793483321419723
-1.14329173867136
0.887156790908576
-1.30388614389694
1.22130588267695
-0.453886443415642
1.30281388311421
-0.2448400406963
-1.32719792044338
0.8056907826611
-0.435639279301634
0.688128764297347
0.00364546276707056
-1.10547522690761
-0.454061105102539
0.458443657274908
-0.0425333035856583
0.887491030558118
-0.435639279301634
0.435639279301634
-0.846430411310932
0.0434939612028488
0.802936450108083
-0.0
-0.0
-0.0
0.0663660421518074
-0.0663660421518074
0.521605532588884
-0.852511191578473
0.852609495405124
-1.40869327553158
0.88698943911605
-0.88698943911605
0.88698943911605
-0.887156790908576
-0.416328265358663
2.06995025390423
-1.20006125069144
0.930762515197438
-1.30356556416904
0.481266420716134
-0.97833564365044
0.451061433048612
0.852406891911752
-0.0
-0.317992477801384
-0.107191658604272
-0.111594310580227
0.536778446985883
0.766435705127403
-0.0431170911778056
0.466533983448131
0.758657146740554
-0.773690346792951
0.00142783053493607
-0.00183371981628591
0.516929559994804
-0.00209378458800823
-0.0119133388577381
0.349484455362694
-0.0
0.501293384099181
-0.501293384099181
0.766317653207123
-1.61791185341866
-0.425184136405656
0.850368272811312
-0.0
-0.420826730404032
0.420826730404032
0.252489484995713
-0.373407248657394
-0.930679105924972
0.871719397077729
-0.245306663896731
-0.42538903568981
0.940649229539658
-0.0900760574441917
-0.0
-0.0
-1.3040530015252
0.466204205248733
1.08909481000996
0.248729639253585
-0.499975652987076
-0.0
-0.339271297961595
-0.511710977473348
0.850982275434943
-0.0
0.494026376215381
-0.494026376215381
-0.0851531450208044
0.586803093727934
-0.000953509359553582
-0.500696439347576
0.253718580545527
-0.00891790870024043
-0.244800671845286
0.33284948381855
-0.755868042257816
0.346131625021522
0.571040709985038
-0.494153776567294
-0.0
-0.351849020420499
0.351849020420499
-1.30371913215613
0.453555991072905
0.850163141083224
-0.0
-0.843898417563798
0.843898417563798
-0.0
-0.435639279301634
1.65002406558365
-1.21438478628202
-0.782063465950479
-0.52175589175958
1.55995430547284
-1.0590520820416
1.29795846408269
-1.38219812071245
1.14329173867136
-0.676961678166816
0.942333868186311
-1.37391402969403
0.416767612610118
-0.421282397001106
0.465798086016824
0.71995171476739
0.510477589826111
0.120376901527155
-0.8453797192268
-0.042278199759331
1.3040196423149
-0.0
0.2549336289815
-0.2549336289815
-0.0
-0.0
-0.0
-0.0
-0.88698943911605
1.38203076891992
-0.686825715795713
-0.662654955030158
-0.0
-0.0
-0.0736923451841262
-0.0305850866612131
0.604493890328227
-1.34003193564491
0.410376471530336
0.929535129544907
-1.38708556302927
0.88698943911605
-0.0
-0.851390455289798
0.851390455289798
0.521507137782278
-0.521507137782278
0.493643256590157
-0.614335077053984
-1.18265934198099
1.79851868286404
-1.38265855097734
1.38649796995523
-0.499006939397114
-0.0
-0.807571668086541
0.807571668086541
-0.0873158639833564
0.583986103144048
-0.496670239160692
0.244800671845286
-0.244800671845286
-0.0
0.468381431013519
0.940311844518066
-1.36560225397933
0.843898417563798
0.501055008257279
-0.501055008257279
0.256134947762783
-0.0
-0.0
-0.433596053054452
0.934412149793329
-0.500816096738878
0.766396369050385
-0.678288585689302
0.00196827408310866
-0.513094615883458
0.423018558439267
-0.603964573991827
1.10549580065318
-0.501531226661349
-1.30348505626724
0.494414918257627
0.455706485550459
0.874969185048037
-0.948929618217507
-0.00831519367301126
0.435639279301634
-1.30345159210523
1.35741365649416
-0.410455491212968
0.855743373369111
-1.09570677285338
1.08645610775959
-0.48999928145129
-0.887156790908576
0.2549336289815
0.696555272890074
-0.917951232658948
0.220180911332901
-0.169587274593979
1.05427149869052
-0.251246013733491
-0.814602151432012
1.3143364522588
-1.09417252515947
0.0104293484600015
0.837727456418208
0.247931368161603
-0.848513655538784
0.346863706831655
0.00446552584572553
0.349022156775151
0.246121379275779
-0.597748793301745
-0.952208642543495
0.917303337238436
0.885051971721838
-0.000858872607094741
0.00303605956385772
-0.932225914492268
0.921130818835265
-0.834189929164559
-0.289183864538605
0.272452770434738
0.180614029257719
0.180705650320134
0.489601343690573
-0.912619902129839
0.925023879892708
-0.0122711662765797
0.00480090899916585
-0.243289050442537
-0.251246013733491
0.49389882301358
0.356842333425075
-0.180705650320134
-0.86777884244738
1.54428072927653
-0.433299335438325
-0.0624969010706895
0.315489173015144
-0.315489173015144
0.256134947762783
-0.377151126095852
-0.477266243751807
0.250616764364141
0.846307041751571
-0.247395370297346
-0.427324085628623
-0.427427664097836
0.603505735992969
0.493130273298409
0.00428343449309949
-0.00754690683206412
-0.489866800959445
-0.0
-0.70843508338709
0.423674597556482
-0.178273332680014
-0.0100135684870044
-1.0806440805686
1.09065764905561
0.0661382477723348
0.424520971123523
-0.243233337597887
-1.10023775344377
0.210623104875035
-0.661212616976604
-0.912542263758356
0.853014022640768
0.500096123913223
-1.55107496387787
-0.241110343703054
-0.165809738995282
0.157770963316561
1.60482438932015
-0.688017519761712
-0.0783001334454107
-0.803576313030757
1.29317765672133
0.0069444769878696
-0.23596445936272
-0.261311898072601
1.34272012272204
-0.00506360369774178
-0.683065160599605
0.00736085018185371
0.711981837449609
1.0920435719231
-0.500456719785024
-0.397359433494294
1.03124409562837
-0.389083990288788
0.00132070743049241
-1.08571938966605
1.33195413768844
-1.32732585872947
0.181202706352844
0.489601343690573
-0.23711185869486
-0.00506360369774178
0.251215502732866
-0.498641384030836
-0.592999029478415
0.159402976423963
-0.252489484995713
-0.0
-0.587124892566718
1.35359009020371
-0.766465197636987
0.766514333646064
-0.245007195863786
-1.36348301816863
0.49107091847067
0.844803784929266
-0.242652809280089
-0.186200682757106
0.43529132602801
-0.500336657004395
-0.0
-0.120652101483588
0.886979597358954
-1.61792169608691
0.851594200211542
-0.0
0.498274567401453
0.268239766244612
-0.515268319912574
-1.09704674269394
0.0031817289907123
0.84261899996974
-0.846220760737977
1.303585411611
0.766337337632461
-0.26433201617902
-0.582457937046537
-1.22289854685172
2.06972785799756
-1.60684300820653
0.840466312653787
-0.0
0.2549336289815
-0.2549336289815
-1.30353524090115
0.708687913228988
0.165408322040475
0.429439005631684
-0.85361912169595
0.85361912169595
-0.0
-0.330899754129474
0.330899754129474
0.500576647131016
-0.500576647131016
-0.852406891911752
-0.451061433048612
0.455993291455222
1.34550435147616
-0.848793913521834
0.846811281129594
-0.931685964880411
0.494535064176028
0.0047148823690535
-0.063610667243447
-1.04748390325634
-0.256101508354659
1.80173742501507
-1.09836488231779
-0.240901945088786
0.244660538586101
1.09667073389928
-1.80376842450072
1.30355196601783
-0.0
-0.344712126416225
0.589512798261511
-0.0
0.249987826493538
-1.0530190740847
1.56942761664155
-0.264865142389036
0.264865142389036
-0.766396369050385
-0.0
-0.851390455289798
1.34655797570902
-0.495167520419223
0.766396369050385
-1.11610357345336
0.349707204402978
0.495167520419223
-1.27744813172728
-0.521304800302942
1.3606485774524
0.199071781921377
0.23622117953539
-0.492356127298173
-0.851797715819877
0.670256067168723
0.434031133646867
-0.183043263414096
0.696881274293749
-1.12521914515698
0.27298926563068
1.09230496215773
0.248803899103468
-0.828201507049081
-0.521605532588884
0.0407409834075028
0.807772672131281
-0.347817216191208
0.347817216191208
-0.425184136405656
-0.87831764962048
1.30350178602614
0.0674774642524218
-1.20225181689053
0.435639279301634
-0.0
-0.34219588794067
0.40145712902579
0.441913021902496
-0.853801968770379
0.352627705782762
-0.59583395903153
0.651972061153941
-0.0561381021224101
-0.0
-0.0
0.766357018413886
-0.766357018413886
-0.0
0.247425881297971
-0.597047000676796
0.603339699924352
-1.05643282416538
0.802714243619849
-0.0
0.521605532588884
-0.269116047593171
-1.10630985723989
0.67189967348807
0.682617138103683
-1.28270975777781
0.695937804717979
0.178242040669456
-0.945785648653149
0.420023068641498
0.433596053054452
0.49541945319339
-0.00267554827036194
-0.492743904923028
-0.633605407415107
0.693007457917348
-0.657776898164723
-0.288781943246094
1.38579817493941
1.07723099631159
-0.592456115497926
0.842190507828667
0.00263139796695897
-0.680360249718497
0.244348586214963
0.440381412032005
-1.09316862260174
0.408438624354771
0.435807111351618
0.0614452767494234
-0.236839804131332
0.175394527381909
0.253718580545527
-1.06800338075189
-0.232964897227163
0.19606321689623
0.465371304408864
-0.251353788286605
0.637168964415038
-1.05871784239206
1.12278216912132
0.429194424628221
-0.845360552054678
0.841703144387763
-0.435639279301634
-0.0539620643889386
0.256134947762783
-0.256134947762783
-0.603083145035022
-0.229640301622514
0.242847527610631
-0.461153110194726
0.702837586474671
0.849603814658022
-0.253986490593092
-0.634439667426945
0.454491250381396
0.024374594723883
0.882514687321752
-1.08302973890932
-1.33588576584718
0.59381888624725
-0.0298439440729156
0.883444311652961
0.719841543914185
-0.96112030394291
0.236091605380474
-0.492226553143257
0.495167520419223
-0.88512143564911
0.886996538592478
-0.252241951517305
0.198379834057079
-0.739604748747797
1.14192306809755
-0.00881224970572148
-0.42847141859674
-0.203632488599998
0.16490549236858
-0.210452439592313
0.431529475144692
-0.35268350208788
0.850467003577251
-0.931379554543822
0.095468971159396
0.830353635038313
-0.878854101756314
0.877942633752723
-0.491315085139665
-0.0
-0.850163141083224
1.6073061625045
-0.689196884528523
-0.65740153575265
1.09027149559877
-0.500816096738878
-1.05136326889117
0.852417802914667
-0.686463104126192
0.926570804948567
-0.238906382041092
0.244678399743311
-0.851550146372381
0.411887439145792
0.194984307483278
-0.00122909554981418
-0.602427403172624
0.851587866884041
-0.887156790908576
-0.91794474990378
1.12484207726146
-0.413514764699244
-0.258448892552454
1.35126961144304
-1.10398287119312
1.09794828861973
-0.494661856774179
0.490922051121065
-0.490922051121065
0.917469098221555
-0.00560233876153726
-0.873286605328929
0.813623907025894
-0.637168964415038
0.207729958783353
0.429439005631684
-0.338795742483169
0.500456719785024
-0.428940214048263
0.920308715280265
-0.497290156840999
0.492485543724316
-0.492485543724316
0.256134947762783
0.241278760028725
0.268943310622377
-0.272458195400305
-0.537388502944068
-0.266754665946088
-0.044370486648628
0.848513655538784
-0.0
-0.0
-0.0
-0.537354160073072
0.602291527902454
0.185050458664156
-0.647710470763599
0.466649888910393
-0.243761845273243
0.17483460063291
-0.537628407726724
-0.359189285807975
-0.155404617692175
0.704188880204779
-0.53929055693854
0.507409219201192
0.34459178342921
0.501293384099181
-0.245158436336398
-0.256134947762783
0.501531226661349
-1.80491587185766
1.80503459390344
-0.158144349023039
-0.343505599684091
0.521507137782278
-0.603505735992969
-0.45547712774284
1.30385242150627
-1.65336613466879
0.292376722151027
0.245988174900232
0.848841000547678
-1.33293990514042
0.00614712126924527
-0.256134947762783
-0.0872962141208204
-0.800027773839813
1.40883112574291
-0.022257191237197
-0.620000533019487
0.120750586474406
-0.593787036996513
0.660269566156995
-0.766465197636987
-0.812942913192186
-0.0361910640490121
0.415537924186746
0.688529682035952
-0.2549336289815
-0.887156790908576
0.811550785625961
-0.773114660695399
0.415124612923561
-0.0
-0.0847999477806646
0.0847999477806646
-0.0
-0.280139210931177
0.595844210480375
0.244800671845286
-0.244800671845286
0.521605532588884
-0.0253089865403456
-0.931625599057915
-0.10759450360601
0.194444261353313
-0.0825948885212746
-0.166589034991385
0.225956321218685
0.365816850178355
-0.834969731431299
1.60127754105886
0.912441080716427
0.435876326403068
-1.03890420056697
0.10757819912672
-0.107841466932232
-0.315935474831411
1.34951249344387
0.00416017373648604
-0.679496709934004
-0.137006756697163
-0.537169200549185
1.10570543239104
0.248326611743165
-0.500816096738878
1.34819154725338
-0.922597844197165
0.924797555376386
-0.499613418970729
0.49778350148937
-0.49778350148937
-0.353966000850246
0.353966000850246
-0.425184136405656
0.425184136405656
-0.591077237828188
0.591077237828188
-0.0
0.0623900386693829
0.192543590312117
-1.10365429495951
0.461827350775186
0.386893315202827
0.0942814469602609
0.155706379533277
-0.249987826493538
-0.812863904243112
0.377224624941477
0.113886576754411
0.321752702547223
-0.120927618910249
0.642434756692527
-0.521507137782278
-0.431529475144692
-0.421080020260432
0.919566434211707
-0.906989621518945
-0.00868798326565119
1.10365429495951
-0.584204330661097
0.329270701679597
0.496794512209265
-0.496794512209264
-0.853417646913081
-1.09551522953082
0.839380281768035
-0.63750320406458
0.410791132009298
-0.867795578399905
1.82494199548382
-0.521507137782278
-0.077344791454587
-0.77587115594074
0.853215947395327
-0.0
-0.595662768057094
1.11716990583937
-0.521507137782278
-0.0
0.33073741625111
-0.677829664587361
-0.23774423348197
1.08384342121533
-0.499006939397114
-0.357998193719691
-0.17924493234716
0.537243126066852
0.501174262987617
0.265310591778196
-1.16420749903587
-0.453055195191814
0.916167004480943
0.176595846163192
0.248714570784855
-0.412204675906001
0.416361723328768
0.929535129544907
-0.253974744637444
0.253492039694951
-0.843133072579689
0.84043829377272
-0.00365988880627321
-1.32889696265887
1.33427959533222
0.00300856467629321
-0.857843725803248
0.414265645641999
0.195646711999646
0.00121504843597348
0.00373075405198889
0.245894838425203
-0.442681913308315
0.199203442100368
-0.845897520197613
1.08404359687004
-0.248159645159427
0.241964331853011
0.187474673778673
0.489601343690573
-1.07613239081315
-0.22773705884947
1.30386944966262
-1.35365095133753
0.852001002630402
-1.38828282321523
0.0803895650424662
1.30824982278071
-1.35405684061888
1.35031337268719
-0.931502533829887
-0.417386222380491
0.512496997757122
-0.508989755827322
0.922569837893276
-0.672270012929204
0.201985347738433
0.648908441348164
-0.606589939231966
0.852967482599662
-0.687570797691896
-0.158149176383672
0.345623850162345
-0.0
-0.0
0.499734300826787
-0.2549336289815
-0.587417079233968
0.834713228263311
-0.436421015036598
-0.491315085139665
0.254914844454805
0.4281503161448
-0.586669851233821
0.839340093849073
-0.852022883534949
-0.501692362074223
1.10733770224148
-0.670495941836183
-0.172711593463054
0.847087639859291
-0.489601343690573
-0.849546345946522
1.35107757260787
-0.00276785113009538
0.00307813469865058
0.833830536448104
-0.238581613648641
0.234667714709072
-1.5405467163964
1.5405467163964
-0.673704937537294
0.434091420340259
0.245682963887709
-0.835126825962592
0.589443862074884
-0.613400505443733
-0.0701833741042567
0.433596053054452
-0.0
0.00265995697843436
0.234774857813137
0.351387964418105
0.0569755235035878
-0.898736521394166
-0.00613020058288133
0.250114160185441
0.851495618833546
-0.253718580545527
-0.0
0.249987826493538
-0.685627105795172
0.686885293035125
-0.426966438819648
0.175720425086157
-0.852811872145798
0.915387508307039
-0.496171689215693
-0.419215819091347
0.852811872145798
0.501293384099181
-0.00790630975574827
-1.32611052100097
-0.017439694425688
0.670658809544373
-0.167747068042125
-0.490377550347538
0.50177532334027
0.83716629949513
-1.37675813459915
0.887156790908576
0.253718580545527
0.245166646667775
-1.34781266691187
0.215322032283457
0.633605407415107
-0.0
-0.597059258916348
0.176232528512316
1.1873607120969
-1.56945111597168
0.802917134278816
-0.853820372244178
0.256761113327829
-0.25207471832485
1.61545163044832
-1.20195693250876
-0.256134947762783
-0.0
-0.853820372244178
0.601210194964402
-0.0
-1.30393621735429
1.79577309780371
-0.570623695620334
-0.337574908157852
0.416361723328768
0.521507137782278
9.83948066055511e-05
-0.948929618217507
0.427324085628623
0.253718580545527
-0.687314633599978
1.20006125069144
-0.944223452744672
0.944203791980687
-1.18946409531227
0.423018558439267
-1.30335116244482
1.80428678205289
-1.80493858000968
1.30400296040162
-0.8453797192268
0.8453797192268
-0.0
-0.0
-0.0
0.499975652987076
-0.499975652987076
-0.120662108941116
0.618568589716551
-0.241771533012652
-0.341585485104082
0.0854505373412983
-0.0
-0.0
-0.803092351408346
0.453414858254864
-0.537311945962567
1.14192306809755
0.498152013404079
-0.498152013404079
-0.179504331538851
0.179504331538851
-1.30376925187713
0.766713002723993
1.03272703953438
-0.495670790381247
-0.429439005631684
0.0744612679665712
-0.483528998447912
0.838506736113025
0.253718580545527
-0.253718580545527
-0.0
0.174231676551675
-0.174231676551675
-0.887156790908576
1.21817911717148
-0.76461837931736
0.00415704742276744
0.770621726664579
-0.687558960998287
1.11290039808875
-0.000108119215201355
-1.1297308758672
1.30366899853936
0.501768538324499
-0.00688456621370937
0.351245484316268
-0.0
-0.385102443307486
-0.42038675295884
-0.047524826374441
0.432187292236735
0.668252611702003
-1.13458267220655
1.38773343803959
-0.500576647131016
-0.850982275434942
-0.332937928638416
0.499613418970729
-0.933209472025181
0.0720397816197885
0.361556271434663
-0.707986699019267
0.95175779192244
-1.36808611907438
1.30381935771006
-1.30361885101912
1.30361885101912
0.495293561430961
-0.242804076435248
0.248206954351863
-0.00540287791661543
-0.00371725851627584
0.217562698876254
-1.29798735394646
1.07911210036246
-1.33960402735177
1.3443816089487
-0.495041329803875
-0.498029317971017
0.498641384030836
-0.00197114487014459
-0.242951658615165
-0.253718580545527
0.0683311062244849
0.184158378771228
-0.846824544802947
-0.216202699087824
0.874269721737457
0.429783279787743
-0.493515242630141
-0.808442278842429
1.3084179318295
-0.251019730041932
-0.682310623839307
0.679717432330231
0.0100135684870044
0.468946744650443
0.841000383263897
-0.251246013733491
0.809869402566169
-1.05733021282945
0.699762388833287
0.611286404541687
-0.605189852849209
0.853358268112246
-0.248168415263037
-0.253718580545527
-0.342724165206246
0.84461116101481
-0.00760597137335775
-0.429763814001121
-0.418873793474238
-0.949128473227086
1.30348505626724
-0.0
0.0764738410750846
-0.424443591908945
-0.85327986932885
0.611418986101086
-0.856903562643337
0.601969933661836
-0.88698943911605
-0.416378465479506
1.80322294999063
-1.31218932445505
0.461185226160276
0.606082681881204
0.245162494931722
-0.000241078518149457
-0.499855045395073
-0.843472950075933
-0.0438510378847
1.14345893572342
-1.30966563550659
1.05353068774381
0.253718580545527
1.12534476907313
0.842309051724062
-1.33498106291737
1.33825256968528
-0.00327150676790845
-0.42740116023601
-0.253718580545527
-0.0
-0.846743921031208
0.603379086099366
0.88698943911605
0.500935619608069
-1.1051825131436
0.252465121677717
-1.05380902702741
0.45414846186943
-0.453167819750083
1.30189731561258
-0.450589512101569
1.10380198049396
-0.0565355440093723
-1.04729990993876
0.685694642597359
0.860976509485429
-1.38669523010467
1.14225761694213
-0.2549336289815
0.489601343690573
0.0098910558237784
-0.435518259845256
-0.0639741396690953
-0.38880473556982
-0.661128968129146
0.460517762424938
0.495670790381247
-0.00292688545821878
-0.244029334138173
0.0025314429486361
-0.251246013733491
-0.358502657683728
0.358502657683728
-0.162473060339748
-0.200137153614087
0.003495014326647
0.359115199627188
0.0586417451335715
-0.654872926115872
0.661122962259331
-0.0648917812770299
-0.813850248414654
1.06998519617744
0.241155209078216
-0.436862361513239
-0.914248167571938
0.592921238546675
0.0635626341592616
-0.875357748669523
0.811795114510261
0.499006939397114
-0.499006939397114
-0.348935165694222
-0.504683956001727
0.506059772981817
0.843230139095379
-1.30891639684077
0.0313493530222678
1.2717630543967
-1.79361934780641
1.79917200004035
-0.0015206301798095
0.00619730089964236
-0.000361823086435958
-1.34989744191001
1.34558259427661
-0.49541945319339
-0.0
-0.599093291600272
0.17387489191328
0.179039990148979
0.492226553143257
-0.240980539409766
-0.251246013733491
-1.05383153121652
1.1140087275877
1.54447218451671
-1.12410129781091
-0.420170120291118
-0.243382250089774
0.251381553128368
-0.500096123913223
0.489601343690573
0.00669520235796546
-0.496296546048538
-1.303585411611
1.80404213139602
-0.500456719785024
-1.30356868958769
0.416411898679111
0.0517411317570328
0.228319441908391
-0.266703437270837
0.0845346200314531
0.351104659270181
-0.389619675580345
0.890913059679526
-0.850076115605742
0.84544177307064
-0.490659218895858
0.244800671845286
-0.188000989610732
-0.0567996822345541
1.55511546339611
0.244299182326063
-1.34550297244277
1.34896471578033
-0.499006939397114
-0.351412325459639
0.852108764807215
-1.55414347055558
1.55497825786935
0.000474094792092633
-1.80545691355867
0.494645123919041
-0.000635480558797412
1.30397701292101
-1.29984590838557
1.30009934254837
-0.494788498338824
-0.804117958050475
-0.0497024141937029
0.666895663727398
0.433046087792558
0.00259319150907594
-0.416799500242621
-0.680221478380488
0.00805678017015488
-0.463419370871263
0.872139523394671
0.932703738132308
0.265163074644845
-0.766337337632461
-0.887156790908576
0.887156790908576
0.521605532588884
-0.94678966899454
0.425184136405656
0.489866800959445
0.276568904167959
-1.20207498442904
-0.417172592844164
0.419215819091347
0.433596053054452
-1.30438625557993
1.55810483612546
-0.253718580545527
-0.0
-0.845800728960452
-0.0413560619481233
0.887156790908576
-0.851186480537297
1.34773230121574
-0.496545820678442
0.521703836415535
-0.0204104523163541
-0.501293384099181
-0.77746316502596
0.923465381847066
-0.494026376215381
-0.604981010613781
0.604981010613781
0.521605532588884
-1.37502317950196
0.437055923584313
0.416361723328768
0.499371242144033
-1.38863938782318
0.455459963971358
0.517397333625336
-0.623239812158195
0.537371953677551
-0.34262878901805
-0.0140504219641387
1.12329174857108
-0.510477589826111
-0.256134947762783
0.497042623362591
-0.497042623362591
0.497290156840999
-0.437242953305293
-0.902880069407274
-0.00753540693974344
0.51241426370923
0.585379890400053
0.51912774481124
-0.766553626109211
0.495921534792167
-0.495921534792167
0.0592612410851207
-0.906944476799698
2.06634517082797
-1.21866193511339
-0.853417646913081
0.0105847810415122
0.842832865871569
-0.0
-0.347785046369944
-0.497594672856857
0.8453797192268
-0.0
0.76649468196746
-0.701557314138078
-0.421539324780355
1.12309663891843
-0.51156105298596
-0.684372634613185
-0.457884982328949
0.000334548844583839
1.18303313977146
-1.61162914341515
-0.0076517684326648
0.852609495405124
-0.0
-0.431529475144692
0.95303661292697
-0.948831223410901
0.928974034335752
-1.35547032095131
0.678985771611267
0.50998635190378
-1.22214119038692
0.0335717922029685
0.508791180940245
0.838525288986416
-0.49389882301358
-0.0
-0.0
-0.849546345946522
0.849546345946522
0.501412371891062
-0.501412371891062
-0.0799129511104127
-0.345271185295244
0.425184136405656
0.766533981692867
-0.766533981692867
0.521605532588884
-0.521605532588884
-0.887156790908576
1.22002593549111
-0.332869144582535
-0.0737248730847976
0.159592731565441
-0.435958191080391
0.414277781034665
-0.378220127147416
-0.768410083685733
0.498029317971017
0.703947298963079
-1.18716406803649
0.420826730404032
0.521605532588884
-1.32920994767539
0.807506111259854
0.497537115328231
-0.584710700151179
-0.76216669432188
0.0086575408530953
0.840682738291733
-0.0
0.521703836415535
-0.7104992176247
0.683330445385193
-0.242045579180315
-1.09425048288629
0.841760997890578
0.252489484995713
-0.252489484995713
-0.850163141083224
0.422839055454601
-0.424676917001779
0.499078320282029
0.17221703202824
0.180705650320134
-0.0
-0.595621698599301
0.660177658948929
-0.424835075421505
0.615212744053377
-0.792102069783528
0.537168440802028
-0.835860489877517
1.08710650361101
0.246414366050228
0.268794987925755
-2.05745171008512
0.458272895718108
-0.0107495034183973
1.33621685499896
-0.492743904923028
0.493387074343432
-0.493387074343432
0.246121379275779
-1.096284520359
-0.0638899780486976
-0.843046479126083
0.843046479126083
-1.04729990993876
0.509933039257008
1.03722191607682
-1.09429326972776
-0.708963159914684
1.36024764867005
-0.492485543724316
-0.346024788878387
0.352225062548336
-0.00620027366994983
0.435639279301634
0.766347178478578
-0.766347178478578
0.0755123029419199
0.420283933567095
-0.664845425151888
0.169049188642873
-0.174505376650184
-0.673801031188071
1.34246018440555
-0.494153776567294
0.500576647131016
-0.245643018149516
-0.791778483834078
0.186463579085515
0.595181947612349
-1.08869908940908
-0.00502902213476568
0.0162039930410275
-0.01784972543793
1.100560998589
-0.249987826493538
-0.782379006114659
-0.104777784793917
0.766524370206412
-0.227785110923398
0.348417531625562
-1.30336790459556
0.49228917419219
1.30959798279418
-0.244800671845286
0.267886952043357
-1.825224383608
0.957749751426339
0.867572936008316
-1.82522235065288
1.63436408970152
-1.63478179281847
0.466527381389556
0.0550447765962586
-0.058534845833542
-0.0681724852700476
-0.0679985431694678
0.562152319736762
-0.153010417097584
-0.34114335946971
-0.537357120435391
1.30376332486956
-0.27250738142059
-0.675440471664734
-0.183547618664017
-0.938897009634024
1.3039862769492
-0.359276618613343
0.41729018128345
-0.0674589552028272
0.500216458482887
-0.500216458482887
0.501055008257279
-1.35244546354708
0.851390455289798
-0.0
0.256134947762783
-0.64600158183036
0.389866634067577
-0.0
-0.0
-0.0
-0.172390456647123
-0.678387382814752
0.850777839461875
0.498274567401453
-0.163397838111975
-0.262727767309522
-0.0721489619799563
0.256134947762783
-0.646621499510667
-0.146924468685547
0.537411020433431
-0.0
0.2549336289815
-0.2549336289815
0.521507137782278
-0.521507137782278
-0.431529475144692
1.19791600790132
-0.832477811917362
-1.23766126768623
-0.000417163473256462
1.30416971032022
-0.353279721813981
-0.950589727848635
1.80287638905973
0.267438597475888
-1.8252135546154
0.171444029781767
0.000334548844583839
0.0341775669702512
0.852811872145798
-0.887156790908576
0.533036709029798
0.181920698756107
-0.88698943911605
0.957465285424799
0.184457782672751
-0.605495009960488
-0.536428058137062
1.38672373994284
-1.5488036322469
1.54660644674835
-1.09419768655827
0.852795518992825
0.238018828804511
-1.08163328130736
0.587479504740063
-0.0
-0.805611576495484
0.268012696773657
1.03611813211264
-0.932115305445265
0.0440996419295945
-0.243941799238192
0.0382571906553377
-0.291975771200864
0.28066867477923
-0.280501322986704
0.88698943911605
0.497660379783718
-0.00478752932523724
-0.00300604949903655
-0.426620853047777
0.427807276058794
-1.30194020719138
1.0621329969544
-0.49541945319339
-0.354298508076601
0.849969298457848
0.00514530635763108
-1.30349932814993
1.29860476620322
-0.666172042216323
0.66038210448798
-1.3357219436865
0.414060871477988
0.431529475144692
-0.805416676183607
0.44139889817823
-0.93955091158231
0.25233904242727
-0.252606409409044
1.31635822843116
-0.818022561785787
0.703258098509654
0.500576647131016
-0.00939241195365181
-0.476616513857644
1.33209468880157
-0.431912286941205
-0.668619833381088
1.10137733666115
0.246200418444499
-1.30913300324884
1.30381935771006
-0.925240622992207
0.010455142895978
0.680117765387156
0.236381456158165
-0.914333643578932
-0.230691456143289
0.438070194597157
0.397122638156605
-0.392708414680844
0.466558592039838
-0.412969419830961
-0.0120547543349424
1.11751133443937
-0.271422348403108
-0.244927162735816
0.240275921713403
-0.23901773447345
0.00368761524800946
-0.180539997293085
0.424003348600423
-1.80198239189983
1.80487879571018
-1.38845017500776
0.470795067579808
0.907414947299229
-0.848376897968173
0.353715041193994
-0.342042352838724
-0.470489834801811
0.665147497272282
-0.910079341966964
1.548909806589
-1.29735865118841
-0.498090083466992
1.79866481717579
-0.928257909828631
-0.204678815276743
1.13519350849496
-1.5458711550792
1.29894034140897
0.00250165850217471
-0.252489484995713
0.492743904923028
-0.492743904923028
-1.13379612483178
1.1341680747655
-0.497166462142987
0.499975652987076
-0.93561493228871
0.501886995808563
-0.409066982191564
0.162535804273433
0.681099558150079
-0.256015424893591
0.0113342759174968
-0.0024163672172564
-0.498885227213301
-0.3871811379215
0.631981809766786
0.00262520945268448
-0.247425881297971
-0.0
-1.30340138424737
0.704895219799341
0.598506164448026
-0.0
-0.397388095425477
0.00193797603277624
0.644164690177555
0.245311805430527
-0.71510341176776
-0.833977645539894
1.05505468109227
0.253718580545527
-0.599844987086561
0.594840977325889
-0.587273199132148
-0.428218902323706
0.179504331538851
-0.362758428017223
0.861765367414337
-0.249019112903576
-0.430693476813672
-0.621536206481832
0.67513652675774
-1.54937504892516
1.55243206174848
-0.499975652987076
0.246121379275779
0.24584555083016
-1.34027333794419
1.34194966442841
-0.839025434462344
-0.252496065292112
0.413484977596155
0.42919393741343
-1.05888503944411
0.0109669856816988
1.29841094334809
-1.08666654766721
0.591372986236249
-0.601565858412308
0.85405534340802
-0.688128764297347
0.684353850086489
-0.248714570784855
0.501174262987617
-0.430750345272342
-1.36866424490199
1.55708648514108
-1.14137649953166
2.08971674800711
-1.20205882902098
-0.0
0.501174262987617
-0.411000539790568
0.500737511624181
0.416270823372187
-0.070368515904166
-0.632223161927075
-0.2549336289815
1.14209041989008
0.238709627608657
0.00364690025084143
0.00122909554981417
-1.34661817472275
0.848098922331935
-0.345968603232894
-0.243548228792708
0.589516832025602
-0.0
-0.597484173933167
0.85361912169595
0.233466395927789
-0.240886772905718
-1.55253392849491
0.52637823289799
1.0989152661921
-1.05802804204498
1.05928622928493
-0.676430150139147
-0.622216156732708
-0.255950869306454
1.30335116244482
-0.84495772697246
0.519406956230225
0.572976652040205
-1.09531707977143
1.34050600127868
-1.34112845834401
0.246543721876948
1.10373847198634
-0.501768538324499
-0.847683235714577
0.847683235714577
0.766504508260821
-1.61850551089122
-0.196550424655336
0.612912147984104
0.925240622992207
-1.33686793498368
0.847266591293106
0.2549336289815
0.244194883420226
-0.242993564638943
0.500935619608069
-1.38792505872412
1.14312438687883
-0.256134947762783
-0.0
0.501768538324499
-0.501768538324499
0.347709645104592
-1.18882445910709
1.33951179429133
-0.849742036789778
-0.498407121680577
-0.454284144507817
1.64951740191286
-0.345481079223532
-0.0
-0.0
-0.853014022640768
1.34780252097959
0.852811872145798
-0.88698943911605
-0.416462152989177
0.980001002915045
-0.27298736551267
0.596437954702851
0.521507137782278
-0.521507137782278
-0.429439005631684
0.429439005631684
0.256134947762783
-0.256134947762783
-0.0
-0.349381129252204
0.349381129252204
-0.423018558439267
0.423018558439267
-0.0
-0.0
-1.30348505626724
2.0699797382347
-1.19381876759608
0.683459033391406
0.265372190019495
-1.40883112574291
0.039225065628698
-0.455335935369603
0.948090799703716
0.60906263854335
0.51274661709146
-0.766465197636987
-0.435639279301634
0.435639279301634
-0.849133977241198
1.61578577102216
-0.24475162198008
-0.0322988281103055
0.0319057940917055
0.723069216213399
-0.989642725014177
-0.375389086404682
-0.661474250889081
0.350400233167571
0.431529475144692
-0.0
-0.435639279301634
0.934646218698748
0.022696897018421
-0.0223325942715024
-0.499371242144033
0.2549336289815
-0.2549336289815
-0.0
0.766543804354763
-1.20013985740921
-0.0657575493770853
1.18266953295633
-1.61168752885436
0.8453797192268
-0.0
0.252489484995713
0.513828168211411
-1.15273044519216
0.265563810704022
0.120848981281011
-0.0
-0.0
-0.0
-0.0
-0.0
-0.0
0.501174262987617
-1.55584433739907
1.05467007441146
-0.0238467579985598
-0.916268387886249
0.418608008102531
-1.30381935771006
0.498596456292116
0.624498466571113
0.679487810378083
-0.165776342656157
-0.258424122695156
-0.0745629101799406
0.766671416442688
-0.429763243595794
0.429929890153922
-0.766838063000816
0.766504508260821
-1.13248840103666
0.365983892775839
-0.832723446657536
0.501314956605652
-0.263615657349836
0.59502414740172
-0.809026737517845
1.30936339452224
-0.00366641784370266
-1.38399422712133
1.65389725485707
-0.703205606800957
-0.418642416913048
0.355274756817568
0.493643256590157
0.00401712319356085
-0.242726750802218
-0.2549336289815
-0.183149794305922
0.683726441436938
-1.3104519047782
0.809875257647186
-0.0
-0.802724000744894
-0.500894850274225
0.766203831537452
0.110090933853044
1.19402492927479
-0.516713017152627
-0.249987826493538
-0.0
-0.0
-0.803816385241983
1.30558492356648
0.500336657004394
-1.09780991993465
-0.705995062030112
1.55718690550589
-1.14137649953166
0.0452530381638707
0.842404880822261
-0.429439005631684
1.19585504453984
-0.766416038908156
-1.04863506060619
1.55052205641475
-0.246953366827063
-0.620583282107798
0.244849880631607
-0.469815214811567
0.590614987306257
0.521605532588884
-1.82535807943584
0.870156493792509
0.433596053054452
0.521703836415535
-0.521703836415535
-0.0
-1.30390283659013
0.460856357464049
1.09798010810758
-0.2549336289815
0.500935619608069
-1.33878441588454
-0.012929043185408
0.506929346896423
0.836075045708709
-1.08055276449126
0.838314037841539
-0.68358387954799
0.433596053054452
-0.843472950075933
1.33788107025963
-0.497166462142987
-0.807655736916118
-0.0431221025457566
0.678387382814752
0.673564719634739
-0.934770316042068
-0.40248644249726
-0.467536355467408
1.5597537987819
-1.10360998126792
0.847475033505142
0.76649468196746
-0.76649468196746
-0.852811872145798
1.61912952535292
-0.766317653207123
-0.0
0.0628799730891788
-1.36676611698612
1.79624227119511
-0.421155165848189
-0.42483679356646
0.492485543724316
-0.0609560685796245
0.253718580545527
-0.253718580545527
-0.0
0.499734300826787
-0.499734300826787
0.256134947762783
-0.641998354572178
0.385863406809395
0.252489484995713
-1.08923636683895
1.16763176066496
-0.330884878821723
0.521507137782278
-0.0255856029901114
-1.34933918170525
-0.0339063410475524
0.53453321153787
0.352790776422763
-0.350393078873578
0.0241074129890019
-0.51569021450178
1.60836241314299
-0.692655610127976
-0.0737309226286561
-0.174705351128254
-0.244623659459831
-0.946887972821191
-0.4167917439807
-0.00736439875847136
-0.00184620139246908
0.42816792209803
-0.415925478005191
0.0258694630732801
1.30594742382966
-0.492872850458481
-0.420826730404032
0.420826730404032
0.76640620443417
-0.76640620443417
-0.843685808957391
0.307006560414039
-0.312248191155211
0.848927439698564
-0.0
-0.176595846163192
-0.675608214993791
0.930954041042215
-0.0787499798852328
0.332829819418059
-0.0803403344223466
-0.848964032638054
1.3628905865505
-0.935465227551029
-0.253969369796394
0.236848386682786
0.439888752302008
-0.253718580545527
0.489601343690573
0.00818215779879786
-0.49778350148937
0.0652963403064352
-0.0652963403064352
-0.353240724133644
-0.930536414541806
0.431529475144692
-0.88698943911605
0.88698943911605
-0.337429885226576
0.00564205817710886
-0.520213175580935
1.34854682330884
-0.496545820678442
0.76647502665571
-0.76647502665571
-0.356392250816061
-0.0772038022383912
-0.404691635667865
1.33778008823667
-0.499492399514351
-1.30381935771006
0.464439075942024
0.245425901244075
0.667585721381062
0.428367360769044
-0.00484495350703725
-0.491576302914685
0.501531226661349
-0.501531226661349
0.252489484995713
-0.252489484995713
-0.0
-0.0
-0.597138461053723
-0.706262923193644
0.454887728708583
0.268382158997631
-0.306857942574896
0.52774834915389
0.880846622551043
-1.36571630907188
0.919851058395994
-0.925698058296214
0.729364432431024
0.366714723227975
-0.605962093370225
-0.177231241815533
0.537071955909979
-0.840898905202016
-0.0067843305125608
0.00700049742284444
1.08939730907659
0.252578813314326
-0.76647502665571
-0.0
-0.58594243999931
-0.216626108458123
-0.0849224821006852
1.38316182093936
-1.79952354426813
1.30385275388689
0.681021934352423
-0.247425881297971
-0.568211420772285
1.0687880679033
0.265819721919369
-0.267511141837084
-0.498885227213301
-0.0
-1.30360213208804
1.30360213208804
-0.0
-0.0
-0.36116372115134
0.36116372115134
-0.427324085628623
0.928498348616239
-0.501174262987617
0.521605532588884
-9.83948066055564e-05
-1.36197345043606
0.840466312653787
-0.0759868324729337
0.570140609040227
-0.843363465509422
0.349209688942128
-1.30343485770154
1.30343485770154
0.500336657004394
-1.80368781944921
-0.000150623581318644
1.23561905382354
-0.297570222290448
-0.486344761326836
0.314395530661807
0.53740218515807
-0.330707899176944
-0.435639279301634
-0.153325509280664
0.843898417563798
-1.55860262752086
1.80412571832439
-0.500456719785024
0.766376695552744
-0.000245748297087164
-1.15563200762208
0.389294669989616
-0.0
-0.181541648651154
-1.1224279433062
1.56010453972014
-0.173368158689825
-0.930033380366065
-0.880078815514353
-0.446939963241504
1.29511298466415
0.0124039777628689
0.264391047596943
-0.244790836461501
-1.30378595536418
1.1268364347282
-0.676870851608206
1.10875400122568
-0.2549336289815
-0.0
-1.30353524090115
1.12038544659523
0.704755326894805
-9.83948066055564e-05
-0.595872222866888
0.0743650850846095
0.570238165862569
-0.321523595077714
0.248575586056144
-0.497290156840999
-0.0
-1.30353524090115
1.36941947354796
-0.953041023555392
0.53534174011784
0.605533631336263
-0.253718580545527
-0.809010001565321
0.809010001565321
-0.0
0.491706671515875
0.242801606478554
-0.667152771416849
-0.00258277133157418
0.427194194859932
-0.927606209407573
0.930554268530988
-1.33710549705802
0.842190507828667
0.489601343690573
-0.0
-0.844366567806148
0.354765224115575
-0.334326466368698
0.334326466368698
-0.631522971223349
0.59795383792883
0.489601343690573
0.0118110282004897
-0.000118987791881532
-1.09966592307434
1.09730033665897
-0.887156790908576
-0.453222392243872
1.3455663378007
-0.239854869357324
-0.859266934377412
1.10394672436664
-0.935252698272364
-0.205396132331163
-1.10285255778672
-0.243463351307338
0.433596053054452
-0.18257632301252
-0.410197367733666
0.598992748942832
0.237939221476981
0.00889568786601831
0.264706488331211
-0.276873682965138
-0.233466395927789
-0.00742037697792848
-0.248714570784855
-0.0
-0.0539620643889386
-0.0
0.247425881297971
-0.247425881297971
0.498519252390813
-0.192399644370625
-0.420765781920804
-0.0688355617697685
-0.244800671845286
0.490131597063824
-0.41536665401372
-0.074764943050104
0.256134947762783
-0.197747850849036
-0.910793988825499
0.852406891911752
0.489601343690573
0.0042974793230075
-0.427521817382837
-0.0663770056307435
-0.0
0.493387074343432
-0.924916549488125
-0.166963315294538
0.848480616932768
-1.09174882438412
1.09547957843611
0.23850797259773
-0.838263420754065
-0.137527894334862
0.48356476194567
0.500935619608069
-1.09825609927495
0.597320479666883
-0.81430149289956
1.31618848870812
-0.000831987551284482
-0.891169175803263
0.390114167545984
0.489601343690573
-0.499492399514351
0.500576647131016
1.33579958493532
0.00928343303393344
-0.246618076458868
0.235882763145046
-0.671142992341727
0.181541648651154
-0.585532683672286
-0.362217698248986
0.141781336563683
0.86797581397969
-0.909690004336677
1.10261686469608
-0.00621905819664555
0.00500400976067207
-0.861931931341008
1.10363280398887
-0.246704882408535
-0.676038656413477
0.918639170768288
-0.851244136604146
0.359929051464482
-0.256134947762783
-1.30341812174901
1.7948638960028
-0.918769859882407
0.0718810523664852
-0.531713757646438
1.38481717069229
-0.24767255329018
0.249383415650495
-1.34642915066854
0.250380984141497
1.09713364416804
-0.500456719785024
0.747018648159836
-0.747018648159836
0.256134947762783
-0.689731000817235
0.433596053054452
0.062757700987204
-0.415342472309146
-0.250726132106109
0.253270558049605
-0.444498838199792
0.808644381485526
-1.30375254684696
1.80360759224203
-1.30238775074737
-0.0482451341095801
0.0442251694487319
1.05397855131111
-0.784580488845528
0.17150495442126
-0.437208557444225
0.802858210570522
0.249987826493538
-1.05970176616609
1.30981006358578
-0.243961176150439
-0.60485254533548
0.598705424066235
0.00373075405198889
0.241322749258348
-0.431188209591158
-0.063853120212717
-0.425184136405656
-0.15773103088931
0.166553443966198
-0.470962264631865
1.38071106230407
-0.242141060609942
-0.60346491363718
0.841820243594262
0.00327150676790846
-0.24162683672499
-0.43028600388247
0.671654792954201
-1.54622910839973
0.857566455517489
-1.33375178695756
0.839598010390268
-0.352387583659673
0.00260042821223113
0.605922103210225
-0.256134947762783
0.247425881297971
-1.5509778473158
1.30355196601783
0.499734300826787
-0.249746474333249
-0.598943727413788
0.850487127581599
-0.0
-1.3885206657774
1.37659078280662
-1.34037918315245
0.415138560160241
0.257828384702469
0.668074642806106
1.30371913215613
-1.80392206861539
0.17001473352477
0.444451529007356
0.244921416413573
-1.80352404393444
1.80376512245259
-0.847989624283149
-0.539430487590707
0.0512414924089216
0.5930139289291
-1.29945400565599
1.12434284058074
-0.503285559824494
-0.0
-0.0
-0.0
-1.05156351652949
0.984784944058761
-0.783589700340587
-0.0
-0.0
0.499006939397114
0.00108918451610864
-1.3872529148218
0.887156790908576
-0.431529475144692
1.19793567957886
-0.76640620443417
-0.536969660064552
0.10544018491986
-0.204213950237867
-0.196980021274977
-0.838725518473554
0.838725518473554
0.253718580545527
-0.253718580545527
0.49389882301358
-0.49389882301358
0.2549336289815
0.00120131878128291
-0.256134947762783
-0.0
-0.0
-0.0
0.498519252390813
0.26802455196395
-0.244938271765879
-0.521605532588884
-0.0
0.498029317971017
-0.498029317971017
-0.351435232417508
0.351435232417508
-0.852609495405124
1.35161643480224
-0.250292368612259
-1.09261298834865
0.94487373659009
-0.528299404654915
0.427324085628623
-0.0
-1.04748390325634
1.04748390325634
0.256134947762783
-0.855228239363055
0.267985255870008
-0.206201932070615
0.416549545942688
0.887294403551058
-0.766533981692867
-1.30343485770154
1.30343485770154
-0.187474673778673
1.61854139878944
-0.685277072227931
-0.0810602654045311
-0.844110776483
-0.04287866263305
-0.120662108941116
-0.766327330174934
0.952643543913596
-0.89905437170472
0.896524363136793
-0.0631240962296194
-0.0
-0.352249445928391
0.420962453700786
0.431863639358621
-0.251862076346162
-1.55228326037254
1.55228326037254
1.05028437985609
-0.181202706352844
0.67159844164185
-0.000794391598433186
-0.853215947395327
0.613602430198292
-0.428253239052077
0.416985760597669
-1.0913013556036
-0.693890826933874
0.233466395927789
0.00378573065285987
-0.493387074343432
-0.250898848185875
-1.29626533431147
1.30126934407215
0.235882763145046
-0.489601343690573
1.53832234425943
-0.490922051121065
-0.843472950075933
-0.00954107256483436
0.682773678587778
0.170240344052989
-0.0
0.2549336289815
0.242972851793935
0.00170693819529389
-0.00294317981003755
-0.496670239160692
-0.0
-0.35557974620868
-0.531577044699895
0.887156790908576
0.501768538324499
-0.937407817626133
-0.411627311991472
0.502583311413882
0.344683279879224
-0.0
0.521507137782278
-0.946691274187934
1.19160017531381
-0.265122654808975
-0.501293384099181
-0.0
-0.429439005631684
0.429439005631684
-0.0
-0.849752178181516
0.252692919265169
0.00426676698056757
-0.00649233785201508
-0.197597930322939
0.195146047347473
0.852204061156983
-0.435639279301634
0.00620027366994983
0.429439005631684
-0.0
-0.0
-0.595181019707711
0.233334952544602
-0.0647147709356095
-0.343710155970315
0.836840429268724
-1.34267661924493
1.10568129370931
-1.10526892500398
1.09525535651698
0.0100135684870044
0.241031514380204
0.269161033732379
-1.61873438778712
1.61871470153932
-0.766307809627565
-0.425184136405656
-0.426002344131641
0.432578472434766
-0.18798177534198
1.37307463821032
-0.766484854765812
-0.182523413783337
0.252818708978439
0.184638333786398
0.243829746549753
-0.440913654331921
-0.945006512107908
0.0390578685766402
-0.00410980415694224
0.435639279301634
0.0637640862862686
-0.911655284759729
0.00314483750860583
1.10088130872764
