-0.619917446431228
-0.0217113241223318
1.55379111882679
-0.00936124222931197
-0.629086542117248
0.295810763968118
0.295105850062499
-0.00292645105192138
-0.925505291589573
0.364330012308836
0.284155418782141
-0.969784757794847
-1.27536188500207
-0.931983527775053
-0.319940649608132
1.25588559311025
-0.622204307425325
0.949980182807224
0.327151518226989
-1.26369306294984
0.355790533127459
-0.284271508057806
-0.313412982445223
0.93349348869584
-0.63616377686391
-2.23956615653985
0.0
0.34412667809695
-0.355805279014183
0.0140093086915237
-0.954347413194805
0.0206953845365836
0.0160837928979557
-0.00986847139734068
-0.657646849865323
0.359171867582876
0.64500725387016
-1.56829047847428
-0.296425256080007
-0.643075275420648
0.330215320806779
0.307605635535302
-0.623647326807215
0.640576662146152
0.0306614010097861
-0.0300568147538872
1.58721689078132
-0.00516754491714474
1.32691485179666
-0.350094960689362
1.55813759152671
0.019264974693512
-0.0057494424286551
1.24799214851133
-0.331743015563001
1.29015900880911
-0.36212500643336
1.27814500910879
0.925997511884591
-0.643625513314661
0.355708424156638
-1.27209992522294
-0.294876081712271
0.281496195353474
0.336076133641328
0.94225897878281
-1.25805910943877
0.634545529414747
0.0138690610064426
0.640846812273622
-0.29285118872912
0.631760750247485
-0.00326168226808908
-0.904620697528505
-1.57698489595125
0.334091097929952
0.653459641109327
-0.0555307123892245
1.25509556254552
-1.242434618825
0.947396117838689
-0.644617040590885
-0.315354177621999
0.0215038553334978
0.00917323849769745
0.00542098073535449
1.25495734991226
-0.306964818549058
-0.316913258501862
0.638666461140034
-0.926426156787693
0.32726538743809
-0.92826576514008
0.000298126703088554
0.641514821732846
0.00665659903653685
0.00854063923256936
-0.630261465088373
1.25897582928887
0.650132465602994
0.942532068796594
-0.643327808054702
-0.336144024780147
-0.313491029768502
0.0209497688471085
0.293436079184036
-0.915201928122009
-0.0177296991665981
-0.596377935977362
0.584959424922295
0.621071221127633
0.61786039875749
-1.2697217018148
0.0179149313930779
0.0172406560681377
-0.607384641457138
-0.619879242788567
-0.597046029789389
0.0138503716436694
0.30777233289626
-0.021283612881239
-0.27536108714255
0.91203036484529
-0.638496905592214
-0.622982573068626
1.25040246747041
0.320271877191652
0.654243184934212
0.326308443667293
-0.333150450462968
0.0191908359220226
0.624010922889352
0.948950896577197
0.332635802047701
-0.00326701877560824
-0.920307544388129
0.277730259002758
0.323762875646803
-0.296847247479566
0.6072089045707
0.0147330632630634
-1.27092710304847
-0.00202983718799738
0.00950578756663018
-2.30003260575631
2.9086332149134
-0.589637940740668
0.306937179842802
-0.649393483332744
0.625719004728603
0.00729052973730143
0.61240588677767
-0.618354680642443
-0.653635606613867
-0.316804918857289
-0.306925812330088
-0.632354674461114
0.953690174809922
-1.5550951152288
0.0111198371015587
0.340277770524916
-0.950585986023799
0.339642810078635
-0.0181672837278894
0.0486604816507811
-0.663581156713105
-0.00847141537612244
-0.60052105091494
-1.24660076200984
-0.017380367091331
-1.27514709571926
0.0269718680369756
0.622595762435852
-0.302484532239476
-0.623860523590324
0.296836710869536
0.622795671465154
-0.617304087791202
0.306753511428562
0.000666278641689719
-0.015624099770459
0.337822776552727
-0.622775265169557
0.623036500336829
-0.00558653097371258
-0.00789595107200144
1.515398990875
-1.23499435311377
-0.614108179634887
0.0135185359712467
-0.00554277906674808
0.650280106452772
1.85746276158264
0.0206845367504143
0.612319809016147
-0.924467496939619
0.919506331499029
-1.55059421852022
0.302337821423041
1.24668642821273
-0.643916841908583
-0.92064230173632
0.955367042074769
0.631914267076938
0.00687282903959101
-0.622704188669994
1.87879378354936
-0.314383520755719
-0.934661922641728
0.639565312650573
-0.898803114835539
0.0022496994506888
0.646153293973515
0.35157687489756
0.631189152958908
-0.629628699271107
-0.0112631842431067
0.60962616526645
-0.305392326172581
-0.00867074129028256
0.288446594964316
0.649596470437491
0.299084320060323
0.614442085109822
0.334763896878901
-0.979954978066023
0.0136886782773721
0.289251276903286
-0.576756997144076
0.33956958921074
0.299123924708827
-0.921162372078253
0.956868999354846
1.27579812688288
-0.978012675260815
-0.31295273872553
0.959193439641284
-0.926564244956775
0.607866987600118
0.338258188184126
-0.939418349091394
0.0037625118718953
0.0148895691701747
-0.347556364737492
1.19752765665445
-0.941008549796469
-0.0274638473772314
0.00695468894423659
-0.0120953756175172
0.657264918729915
0.0454517381534856
-0.645015948609118
-0.632862992460257
-1.26960519720677
-0.313400442309131
0.328263935560882
-0.609727993544161
0.599868647539632
0.916446007825322
0.00542898286548531
-1.2581394372368
0.0338702474813498
-0.296425256080007
-0.0159330378111948
0.331025282010618
0.645721817659952
-1.7549590147455
-0.932173954146076
-0.290619174727879
1.24835099913408
-0.614875836341789
0.53410910688919
-1.15864000702691
-0.594765569715705
0.0202632077688719
0.0146554557052857
0.00778144508087917
0.956038006200029
0.905824473140537
0.636433006276282
-0.613293656664151
0.297418675365567
0.936952126889019
-0.293637680746052
0.303497941206273
0.00352673647351451
-0.624611153700207
0.932725929731424
0.290950557849997
0.0309788667124393
0.599585685746906
0.58034472941089
0.000245623038408195
0.620018781822022
-0.61791087121595
-0.296594455668284
-0.29721208130329
0.930725062545731
-0.301710644574132
0.300734221420867
0.294813262787555
-0.597979385057043
0.336262367556161
0.290857997013284
-1.82474547999715
0.275246919344747
0.637525817339247
-0.624249818648686
0.679160046596748
0.632842355392516
-0.292813934968943
-0.6234931052537
1.26384192164884
0.953449262054193
-0.293440005403345
0.943176071313365
0.0100169993123283
-0.299055088361584
1.26179062864927
-1.27074764598036
0.0150451635152588
0.280874505088645
-0.909213101651813
0.964455790907432
0.30502759503029
-0.63845406218831
0.626791611609957
-0.302005311209565
0.300424254522823
-0.592790844230361
0.00848506285778729
0.616321324386036
-1.21397876883724
-0.966907241455097
-0.0080502320130791
0.0270367086586748
0.318850568371041
-0.323378248971984
-0.631673361894608
-0.00590099222106847
0.0127099810339728
-0.287860093442422
0.295355185998511
0.658591779715058
0.605425612534209
-0.605425612534209
0.0
0.0
0.0
0.0
-0.294826032371431
0.294826032371431
-0.000339111994991765
0.000339111994991757
0.0
0.0
-0.017413510506868
0.0174135105068681
0.0
0.0
0.0
0.0
0.0
0.0
-0.290144212677045
0.290144212677045
0.0
0.0
0.00597416398943739
-0.29766014183672
0.291685977847282
0.0
-0.00101606774903069
0.00117688707414479
0.000641275811769616
-0.000802095136883754
0.294826032371431
0.00396141572706805
-0.00396141572706804
0.0
0.0
0.0
0.0
0.0
0.0
0.0
0.00442869701329611
-0.00442869701329609
0.0
0.0
0.0
0.0
0.0
0.0
0.0
0.0
0.0
-0.00202834654799937
0.0020283465479994
0.0
0.0
0.0
-0.0116238786118946
0.0116238786118946
-1.27405069853426
0.636611657758463
-1.26323137382819
0.00577520747826992
0.0175959708121448
0.919954359458253
0.347412295556967
-0.34709318600182
-0.302079149896932
1.27132121424661
1.00955630185103
-0.615510647493628
-0.304899347687516
-0.00296679583289796
-0.619682785176164
0.00152068733469436
-1.27783282451776
1.64635050485495
0.621345270222229
-0.00169493098605914
0.0159080003912648
-0.296034386197619
0.660549589114583
-0.583313496785918
0.591539204906803
0.311810734569408
0.318450173654318
0.328632459364957
-0.68268313250244
-0.318096070491938
-0.614538402421005
-0.0125633849207475
-0.00153021058243727
-1.56396449282834
-0.00147321799293153
0.650182264302123
-0.3332034431911
0.315342231543103
0.00358627820729029
0.62512038714869
-0.00702115621687351
-0.621931641931513
0.637707530916024
0.00145327566165176
0.934348509317071
-0.618738277998155
-0.014819519657001
0.000632534368980803
0.32261718776555
0.619170630082563
0.617761091265357
-0.61326955840446
1.27863622544197
-0.309183225933556
0.955213693810047
0.304925888086236
-0.322729503757617
0.616676386053712
-0.38923856105084
-0.655305501753489
-2.50969497931066
0.0115041253059726
0.929420783511183
-0.970511880120296
-0.287192283332334
0.671974749509905
0.0232821036039122
-0.619279638631022
-0.911920157433204
1.28188917250577
0.957799021625597
-0.348264562275712
0.307588752413036
-0.614826565285064
0.350311392456689
0.296132341612313
0.633203619175663
-0.633229590202018
0.327049602887907
0.00780073448103632
-0.605412598965939
-0.00731168491702336
-0.293561915129021
0.657264918729915
-1.2675289413968
0.295805887384697
-0.599748121584458
0.309669790948543
-0.609307618447896
0.280229752006296
0.00493980532105651
0.622348757973417
-1.5492417949941
1.19617671077701
-0.600625090592836
0.619047086373819
-0.0247424495486229
-0.315648381159474
0.270363398960311
0.015327146583916
-0.303424813317735
-0.312348191857098
-0.29592386302517
0.00983036992139498
0.61307250700208
-0.293306134524885
-0.351114307027104
0.638381531653205
-1.27631667588702
-0.280894940818802
-0.308344626775788
-0.923349943092339
0.335615439787986
1.24121779989792
-0.623017493899192
0.939703610226584
-1.56815906866805
-0.291693699045446
0.593652607296898
-0.303106025043908
-1.66951404404146
0.291555103055485
0.633909202339978
-0.628481660230796
0.325090267210629
0.592850512160014
-1.21790822760498
0.907465460901437
-0.917899770821609
-0.321717211915499
0.945495579503628
-0.018436825792546
0.00432616075321839
-1.2261382130946
-0.612579725724248
-0.321755007036173
0.958332423758165
-0.317144647154337
-0.612050948874485
-0.0011117079761489
0.617887276462576
0.60423401018737
-1.33402980168471
0.5930879912134
-0.313028625728298
0.62578947396849
0.64476979467839
-0.317690534515802
-0.618401894305225
-0.0164743236392136
0.603090645394736
-0.347709395301972
-0.944983557441727
0.64863097090365
-1.25379029612552
-0.305951847055089
0.9242161489794
0.00207815393439452
0.930509466836446
-1.23751256354005
0.0180492464337043
0.637469338191149
0.000718268316965925
0.283893315285831
0.971920003047513
-0.313485881573937
-0.0106180881143391
-0.650930532666097
0.000241627851581692
0.655672528270555
0.0177938536462414
-0.315487764176247
-0.576180164948539
-1.26186572963719
0.963974016618522
-0.33359186679484
-0.01052103253319
-0.927690977287702
0.0129886735887315
0.0328571581784916
-0.318658891984344
-0.020097663780563
-0.290353780195741
0.656060971989764
-0.309577843838524
0.307410077408173
-0.00199638398593525
-0.303869688378444
0.622577201661653
0.657264918729915
0.277725425902392
-0.632529538970586
0.610164890766934
-0.0242232041522917
-0.296425256080007
-0.00392929457434971
-0.6063032027893
0.0234785666675017
-0.332946943692502
0.000286290042578449
-0.630933178946576
0.353111475060257
-0.0049641152126179
0.0023886958446042
-0.327489239202096
0.959249989449581
-0.00599336823163353
-1.25582350141418
0.0170304158236622
-0.302482323831519
-0.0118550175237564
-1.21663319212834
-0.298598694179564
0.303286737951231
0.983847666815172
0.272899194830779
-0.919042813081862
-0.630120662196769
0.00218731225718982
-0.922146994957481
-0.00954873623555677
-0.303851706073575
0.318758644104255
-3.7151480829763e-05
-0.317755351273091
-0.287066894056818
0.277533089276351
-0.618485356829229
-0.302706299482969
0.298024479788584
0.647829872879868
-0.335527056915343
0.014863282459888
0.31592449622273
-1.2557831723216
-0.288953568171959
0.0245449488052415
-0.311625001695616
-0.635227481128923
0.913914852210707
-0.900790816534319
-0.317329413868233
1.24055463523931
-0.624570427082054
-0.00160714590454407
0.305667413580625
-0.323728718226721
0.328976546009586
0.315542668801289
0.000296621904423639
-0.598135232709224
0.273153722934329
0.614007634505062
0.637158341051085
-0.000966803747915556
-0.0257501480368731
0.0216891044868368
0.616908177350382
-1.53902671110973
0.0055645580737201
-0.290478117435992
0.287943256725651
0.613318629368232
-0.289236596480723
0.908890482025847
0.640681960013787
0.280386416473826
0.322973907469269
1.26763200156339
-0.324502509965692
-0.292620743029069
1.31919061049652
-1.94901929063223
0.942594220871603
-0.942900030323448
0.0027658969887649
0.93510837385196
-0.00237123983426194
0.313144578885745
0.593812428363995
-0.283195041838681
-0.0188263926969589
-1.26589168840771
0.912636284289997
0.97266835659251
1.56976351924103
-0.32391458206028
0.595241959002632
-0.672015120114739
1.27462419143091
-0.309166089223103
-0.639859204591736
0.00202242238576309
-0.0229927094781631
0.640100316034201
0.00317931147941615
-0.637639412484333
0.306011370965636
-0.0228893588534299
0.0063343860638172
0.605599950302703
0.294773433545746
0.93925597782317
1.25088955140061
0.601948172584723
0.616288794382357
-0.618197632439276
0.313989548043118
-0.308133498069298
0.658280986478945
-0.0359196485076857
-0.623036609754022
0.62540422196936
-0.662024085047011
0.630765785969216
-2.25962215780948
0.0121591619373762
-0.322832105005261
-0.343875640030776
-1.56174897840827
0.304599666706932
1.87031974222233
-1.26823438711338
0.639411879974216
-0.628822703932938
0.330551174959826
0.298214837661874
-0.28137443311119
-0.639265135588748
-0.887067410136189
0.342651382184511
-0.299317866533441
0.0148765015542396
0.277823510242815
-0.937125015128695
0.615775511353466
-1.55887668053411
0.0109031415152628
0.279693976822494
0.620912879344487
-0.282869283992851
0.925168785423219
0.00583774299418284
1.26589168840771
0.590064648717297
-0.616197640972037
0.0340935774223279
0.631940142230416
-0.91647749594932
-0.348264562275712
-0.643760217504034
-0.289561581324767
0.304096200233452
-0.928446462990545
0.316096710687808
-0.608930681608099
0.601710910558957
-0.948104702606465
-0.577043465655454
0.589391606675629
-0.317979292240943
0.00550067435221632
1.57529542142571
0.023851056946603
-0.937643792634862
0.0350033752231733
-0.631649896946832
0.933549258476615
-0.222345323020568
-0.619891753106031
-0.326043152771114
1.28441733156324
-0.984885694519284
0.647414657970219
-0.939625238744954
0.28711499402114
0.632862277848052
-1.85414271175889
-0.325310874644132
-0.306075402970699
-0.332706988501831
0.941928596065442
-0.28836731218894
-1.26076926536969
-0.662079354718344
-0.645143993238668
1.27719866108646
-0.927032143411503
0.0262035675795109
-0.302904806985586
-0.0214313473555917
-0.296662657948179
-0.616529769710555
-0.00349313220486944
-0.607899086966412
1.25403486348387
-0.62682031696862
1.57252693185512
-0.636136063541995
-0.291004637820626
0.312493034034206
-0.00398438601846554
-0.637034638275136
0.622523620901389
-0.319611968932984
0.332216383412815
-0.0408972116541248
-0.305801588568543
-1.21711548481968
0.655053478877264
0.0385199009236066
-0.324391502578489
-1.26926372614556
-0.607785380884825
0.00137637321129341
0.0114077504941085
-0.607052717686294
1.24987762175955
-0.646520435951885
0.633884354041006
0.00563702552238348
-0.280119105954793
0.288741153883954
-0.590233735507532
-0.320430653715321
0.283438100887683
0.298598342726026
0.038428381556052
-0.957632985953483
0.276802461183045
0.651378810317871
-0.926319166870267
0.974837387707477
0.0057352650905698
-0.279304114402415
0.296578421895829
-0.0167959531720997
-0.0121012486557485
1.26814831009211
-0.550024453001113
0.00490012082124836
-0.34033839720859
0.00674705964362566
1.55495457475929
-0.309161555522428
-0.677068540215219
-0.0296052456013701
0.287240037682372
0.624219613022244
0.614068109344508
0.62480400840811
-0.603297238311515
1.24284196145612
-0.623388753492309
0.628812512061268
-1.56729932634115
0.619467618927281
-0.301507899147264
0.340230533062713
1.23347890452795
-0.930240449112199
-1.28429742670437
0.976174493615044
-0.325275844936364
0.30330977370902
-0.618061951334579
0.0188763896604453
-0.0373629740537663
0.0245815545757956
-0.0124240339198094
-0.0132012281131976
-0.00485971887907967
0.641614434955662
-0.340503178038732
0.00412294621116639
0.313252174935334
-0.628918111948332
1.26462094946768
0.32110376290077
-0.625905287330033
0.907262653960477
0.918448922079749
-0.644886458391434
0.627127617066722
-0.61090091324617
-0.318543530274903
-0.323362371867406
-0.289426461618387
-0.636403927076148
0.933637079952433
-0.593747859625068
1.26148497581365
0.0230467211766752
0.0355794095908074
0.345089565652839
-0.961872073317338
0.316106915341014
0.029317693385193
0.639682182420871
-0.643110558092024
-0.0161042976007807
-0.306364299837922
0.634451812419948
0.0194337904182623
0.657264918729915
0.263714193027339
-0.0211679326193254
0.0225528266542439
