-0.681103081057645
1.95709132916871
0.607296218489006
-0.298601125111133
-1.6623834499701
0.103572925702294
1.85625576414547
0.00172995910790417
-1.2555078346589
-0.617333461525008
0.00749124884436675
0.581407557977495
1.27068076799284
0.333872309584078
-1.58247878053263
-1.00323829972603
1.6230175964365
0.0342186032438405
-0.653466032549417
0.653466032549417
0.0
0.0
0.606140333255544
-0.946921114659493
0.0171874230815162
-1.27132121424661
0.930540432842663
-0.0086211127182687
0.659551645384366
-0.935207466707112
-0.654607236050083
1.58540046963392
-1.58234001876587
1.58675425188915
0.617927009419882
-0.322227027669551
0.00187728070177437
-0.607727013714254
0.928136269698489
-0.928136269698489
-0.653997899954306
1.28548263281633
-0.0250544538690164
-1.25112009734872
0.644689818355719
0.0
-0.647828108992912
0.317357102631618
-0.919644424528635
1.25011543088993
-1.27721935732631
0.932541177114534
-0.611134616946098
-0.369222599183007
1.32503539634088
0.606863976830518
-0.606863976830518
-0.00356647120864336
0.00356647120864336
-1.95706623472758
1.29358228485346
-0.287274968547452
-0.0193642532114539
1.57785018534729
-0.607727013714254
-0.655093212962834
0.307157914222718
0.308803955686638
-1.23592989522095
0.624130705608333
0.328737010152767
0.621733175844461
-0.299539653331131
-1.25011543088993
0.57326375295026
0.676851677939669
0.0
-0.946668714430302
-0.312128805835914
1.89028225312823
-0.0269508803320502
-1.8546492834199
1.25011543088993
-0.666478094058945
0.0414203786139809
-0.0196321029107551
0.00963861428505719
-0.0127769049222494
-0.0345874627696276
-0.580297292100251
1.26271286386279
-0.340780781403949
-0.297521468909551
-0.621806669202127
2.18844731435388
-1.60089920564019
0.000865093346959607
0.671695717454973
0.0
-1.28087953569887
0.0307641048089422
1.25011543088993
-0.0490239244212486
-0.586027279649414
-0.644309250346257
-0.631722912121472
0.928171961908785
-0.954520113190332
0.0263481512815465
0.0
0.0
0.0
0.0
0.631722912121472
-1.90367105301322
1.27194814089175
-0.651444469210098
-0.604711092327065
1.56485065491504
-0.657363879780371
0.304023641489558
0.651509121743457
-1.23192169227548
1.22988515043515
-1.24634225672303
0.641514821732846
0.928017224144405
-1.57584533313732
1.25483632769063
-1.86349543466428
-0.00976576953611324
0.612255085548359
0.017317955492692
0.636679944461614
-1.27721935732631
1.27721935732631
-1.33158155847075
0.0750943425041978
1.25648721596655
0.310149751262148
0.297146467226858
-0.607296218489006
-1.25011543088993
0.310149751262148
0.939965679627781
0.0
-1.2597816631569
0.628020912909412
0.940455843625359
0.299175198985575
-0.607870292363448
0.0
-1.27691210305843
-0.00275284843661957
1.27296657875639
-1.25177030543199
0.614009250417575
-0.632759929573225
1.27721935732631
-0.00669837273866163
0.603354162519263
-1.22171350522557
1.55309875750859
-1.2625811091572
-0.0106549474336511
-0.293107235786277
0.6383022503135
-0.0381620403586298
-0.618045626269599
0.0115178482725092
0.644689818355719
0.0
-0.0487313428111905
-0.595958475544529
1.24397453973452
-0.599284721378799
-0.653997899954306
0.947082965582133
-2.03879737262539
2.75841683692769
-1.70800041811363
-1.25028671860742
1.60085448154657
0.625057715444964
-1.95726692533219
1.30326902537788
1.26013823320985
2.26568603086027
-0.336008008353558
0.6201634271357
-0.592850512160014
0.0
-1.25515816010883
0.607330051115917
-0.683753449477839
0.706523843025786
1.55296770438699
0.000238179259453047
-2.20165732039128
0.617624843689967
0.655884308499834
-1.27691210305843
-0.621440224159202
0.308695093377873
-0.934970116318746
1.28027292289518
-0.647828108992912
-0.00310242367318562
0.604963463523807
-1.23430585375289
1.5734412549589
-0.293168332063724
0.92852834080117
-1.60298954068809
1.30618411200839
-0.0294125320135715
-1.00591044957757
0.683884429869578
-0.280284360399905
0.60599511513184
0.321974459950112
-1.59910056948505
0.671130994403099
0.0
-1.25011543088993
1.25011543088993
-0.0219185431574597
0.0219185431574597
0.293441543203804
-0.293441543203804
-1.27071124401201
-0.61825705413849
0.960653666275495
-0.0427077595350314
0.345414059018001
-1.58145673315624
0.0183146518463987
0.288677352198901
-0.877198921117645
2.45231013211983
-1.86017124706667
0.00534912118948565
0.286932453351146
-0.280560668274522
1.25011543088993
-0.650471536278365
0.311868574182507
-0.632732082606525
0.325016567633095
0.646318477069289
-0.043294256462943
0.043294256462943
-1.27100720713619
0.103752317586975
-0.0595250235990646
0.939689907141131
-0.823069523771545
-0.0804419602296583
1.49675132793864
-1.45224141214019
0.661254039420026
-0.661254039420026
0.106433975387772
0.715412155431341
-0.196788415374149
-0.847310786952791
0.711477622271871
0.835515355587404
-1.84436623056314
0.976499551774302
-0.644689818355719
-0.636492516166169
1.57920681431047
-0.415943298220693
-1.59824485456285
0.0184827081028094
-0.626983945308636
1.55490585368524
-0.322217721849959
-1.23746493677413
0.631760750247485
-1.26974753380068
1.87055397328776
-1.85362297840117
0.60498842992118
1.25294845845079
-0.60512034945788
-1.25011543088993
1.5528217303729
-1.55383779812193
0.624623471998085
-0.635556189083684
0.926069490746712
-0.31800317497646
-0.607727013714254
-1.27537059342664
0.607605118446647
-0.58572216221579
0.908245577791453
-0.308755840549973
-0.30448514542539
0.635861775505366
-1.5620486874002
0.284997257547835
0.95109503942258
-0.625957238398138
-0.302243451658284
-0.310546484962085
-0.00360857311858646
1.26108832809467
-0.653997899954306
0.599020303121409
-0.599020303121409
1.58193172666198
-1.60260887201105
1.30675440210022
-1.58652791789563
1.27783282451776
-0.350074183430849
-0.309758041519261
0.663006180774127
-1.27699423597531
2.2018255936834
-0.620781503059899
0.285626701687813
0.335166711984391
-1.60141132420216
-0.286911030866843
-0.320877203597293
0.0092341936301392
-0.00434840835033722
1.90790042681692
0.296341866360616
-2.19355849537557
0.583212925821447
0.0524705445440807
-0.623223014365533
0.595266866567517
-0.595266866567517
0.319167637937604
0.954341514252197
-0.653997899954306
-0.677583658516444
0.680651025804653
0.0126282823525972
0.00654150006601459
0.631760750247485
-1.28118233452189
0.0310669036319597
0.592494149269063
-0.593848062882098
0.926250875770516
-0.348239842825905
0.0159610505015364
0.657497261056817
-0.348264562275712
-0.608593947335868
2.18801890845765
-1.56942481067487
0.595697707008224
-0.9230887494125
-0.673556290936604
-0.593016246241207
0.920458709394919
-0.317348318264634
0.663462146047526
0.0
-0.954515499029623
0.605880573484575
-0.326821123739049
0.649683055217931
-0.924513036498555
-0.321975031533655
2.2003616296881
-0.928100567589729
-0.688634283804518
0.991340583287487
-0.934467049730455
0.631760750247485
-0.661084234938722
0.661084234938722
-1.25348763719579
1.25348763719579
-0.618273594184468
0.618273594184469
0.0
-1.2581394372368
1.2581394372368
0.0
-0.04388337886864
-0.607047153797457
0.650930532666097
-0.324901452808514
0.324901452808514
-1.25945401179945
0.000656491533234997
0.279082518880077
1.58541918791278
-1.88014565485905
1.27444146833241
0.928088664686201
0.0
0.0
-0.642388417175675
-0.628618789960518
-0.637086891952188
-0.617373074677148
0.644843750379515
0.911949865398979
-0.928017224144405
-0.00208741287470978
0.649915521867622
0.277265218553115
-0.936414305188762
0.0273883363881617
1.23876896894521
-0.0060505920493886
-1.54261464580791
1.86974568384578
-1.86805434431398
1.54769269334203
-1.86586645095105
1.21407288140122
-1.20672667594754
1.25079323178312
-1.25281653891409
-0.0289703818636963
0.0197227050532289
0.628577944766123
-0.639711396266966
0.641436916977917
-0.0183419828859852
-0.611311280803137
2.18932400287863
-0.335059476782012
-1.84296594304994
0.283353079093649
0.96676235179628
-0.969380690154799
0.344322974709835
0.289278411850993
-0.919045573334024
0.00470944603806748
1.52418238651264
-1.52486018740582
0.58886526061695
0.00963861428505719
-0.312357927336297
0.947409131406959
-0.672640881250462
0.653671000114145
-1.23114554975361
1.54813991067851
-1.22404288745876
0.607977786852083
0.663343427394528
-0.646540213278606
0.646540213278606
-0.944379912751054
-0.629978559254338
-0.64470283192399
0.64470283192399
-0.661012378193397
-0.590119120445562
0.00101606774903066
-0.0122733026457687
1.57108382691357
-1.57907319451596
0.942550707539621
0.327827393598461
0.631484732862019
-1.29523715153086
0.663752418668843
-0.958833848018923
1.55168436017894
-1.25530182747169
-0.591036321884108
1.25348763719579
-0.644689818355719
1.27617455121774
0.296449093845655
-1.55299154215264
0.625057715444964
-0.650930532666097
-0.599184898223832
1.19843694401934
0.0516784868705909
-0.645728621040723
0.922934358073115
-0.630068048586857
-0.30113558839984
1.25853175248428
-0.300304034046874
-0.346353740949366
0.626512373329239
0.328152499051352
-0.0273241903564083
-0.942275014542863
0.601406674701264
-0.335779303593972
-0.00781898691584551
0.343598290509817
0.934676663770204
-0.28282227615674
-0.631760750247485
-0.0138743706886443
0.017205199185308
1.85444526384412
-1.85107305753826
-0.00270110802416233
0.923762088149575
0.93031392011388
-0.601259469349364
-0.651444469210098
0.304670379727992
-0.593191590145676
-0.318831840638435
0.31189584011035
0.946901680155865
-1.2597816631569
0.58513370851006
0.674647954646838
-0.0468704823445773
-1.2260153420933
0.947984371629362
1.2530734147173
-1.58904031255996
0.337802693781558
-0.94731244426847
0.612168928498198
-0.022557455725599
-0.602423656279982
0.0243260374424791
1.21795351383197
0.318557084267136
0.306455344950835
-0.592850512160014
-1.34985717694426
1.34985717694426
-0.325230387063523
0.325230387063523
-0.631760750247485
-0.0222371497068208
-0.632049395778751
-0.636184764509882
0.013397832597999
0.62113337457129
-0.329278685744101
0.959622486717931
-1.2615790535728
-1.29886005563917
-0.644689818355719
0.644689818355719
0.0
0.0
0.0
-1.25113149863896
0.603303389646048
0.647828108992912
-1.26689171313074
-0.00253998687435739
1.26943170000509
-0.595920059908504
-1.3119745894998
0.696228626028653
-0.0180091266406088
0.303314272533653
0.312355052576653
-0.601873976829882
1.56581409449978
-1.01623369584308
1.00647962435771
0.314599933746876
-0.944092319150223
0.620076674470096
0.00505470079971283
-0.0240090955941587
-0.580230503429386
0.302654962730639
0.30277064980357
0.591043728152863
-1.22110543997558
-0.00185297044855939
1.276604500627
-0.644689818355719
-0.0217657270891539
-0.594958468491734
1.26141401393661
-0.340604298520711
1.26884761517664
-2.20851623955111
0.0241173613580162
-0.0238135458627453
0.305708121907577
0.974260985492331
0.60584973301248
-1.57017721543459
0.300359528889675
0.0161398445395238
0.956523202370785
-0.308695093377873
-0.0553269382744752
-0.594880529323446
-0.0115904476800734
0.00608858740950278
0.96585907913064
-1.5666369672287
0.580076822702465
1.27554194882706
-1.5420231759807
0.285626701687813
-0.604799296994644
-0.392220422274869
1.65428463799943
-0.0219909063331095
-0.274487692407753
0.947409131406959
-0.330596215934753
0.639291309312626
-0.627312557953217
-0.0289203294014458
-0.306971738121196
0.0149122587867211
0.621290771551331
-0.632551058891282
0.303012859782844
0.346390042984096
0.628429921750822
-1.27721935732631
1.73015710467609
0.00369928846583574
-0.00366569411931815
-0.000268638435272362
0.347234862546418
0.906935619386933
-1.58239770797047
0.33190824312387
-0.00341237865147775
0.332347103589589
-0.921835263538079
1.25041050142422
-1.2672770732152
1.86021996162378
-0.296390234145969
0.0243626919773036
-1.57141009465396
0.57224197545825
0.349559572722713
0.625198094950343
-0.296504894717259
-0.693182146091629
1.00462860017862
-1.56181865277992
0.921548098574032
0.625360836501674
-0.660890507684018
-0.885926478780259
-0.0358710945566814
0.0187440145655918
0.313657334459108
0.260632420353196
-0.574370176364155
0.606464639578971
0.640179684021692
-0.636514684310888
-0.000173313294486918
0.657531425629158
-0.328795705570359
-0.62492540686128
-0.332473876500825
1.25397493639633
0.328788622710618
0.0
-1.25017852076996
0.921509313912314
-0.000223554479081848
0.0566507379764074
-0.0243265468141595
-0.0324898668202825
-0.609652840062335
0.979966543527688
-0.963226408096637
0.593091327204684
0.666549189149236
-1.29176747595451
0.954066267434927
-0.625418491299854
0.328881754917082
-0.657326217296782
-0.628724382950363
0.957254894676788
-0.32851907289978
-0.613674315542518
1.56755766418714
-0.921971141626047
-0.0527142133217366
0.0170265131241497
-0.606064149754769
1.26715442140392
0.0
-0.939010003481976
-0.0147718259232188
0.352782905582513
-0.649269830492215
1.2502687543149
-0.0322439490049588
0.0322439490049588
-1.28601029201964
0.643944257674369
-0.643914022575424
1.25383962725977
-1.23500249029398
0.938385515494544
0.328757404460356
-0.32890071855483
0.041701794789071
0.608114270005671
-0.32873445303289
-1.29525324710036
0.657036857976072
0.0207095212824276
0.625325974634837
-0.989507146242085
1.62382310563896
-1.92039678688731
0.311370716574708
0.0210683147163738
0.900549927974138
-0.57227240751962
-0.32848591130286
0.953850187047698
0.592920596761638
8.43694604814228e-05
-0.921701668158421
-0.625146796298588
-0.296413759826555
1.25025725806144
-0.657542803444597
1.25053185513213
-0.592989051687533
0.6342204249446
-1.2917150671087
-0.592927349025699
1.86775351321679
-1.23331743930388
-0.313611570554905
0.0001118070305717
-1.43475596334157e-05
1.25041537460078
-0.954038205086587
0.970898912310369
-0.313449506649535
-0.657446924556829
1.26730894210872
-0.609862017551895
-0.0322585177570833
0.0322585177570833
0.0
-0.625325470636841
-0.000133778622841626
-0.0319075559581098
0.328683031380702
-0.921761850473154
1.27962253842464
-0.982897048050016
0.296343579290517
0.6865534687595
-0.0614053425539547
-0.62516465927265
0.686570001826605
-0.982913624835654
0.328411240084413
-0.0319535314188879
0.32860351514484
-0.625145981597786
-2.39327395016215e-05
0.296458615439811
1.25041173682029
-0.625303451897175
0.0322785008852502
0.296552474410553
-0.953945699240554
-0.669928417007059
1.27060262388829
-0.921467772394522
0.92145308981502
-1.25360313830552
1.59751344544822
-0.311503153428582
0.0
0.337839760431721
-0.998762101907447
0.685248888289885
-0.681696314292333
0.953922421740782
-0.272226107448449
0.60988113484522
-0.337655027396771
-1.52276981996814
-0.0598670201597374
1.87902548214135
-1.2503399604837
0.60425151564609
0.05314714856153
0.634194937112604
-0.0411963364682347
-1.58248559302211
0.332250807226997
-0.000113514552874275
-0.332160805370391
0.957068334188981
-0.645645487066399
0.0171317221291831
0.643464788032329
0.589591772452967
-1.26515776085614
0.660908870238635
-0.0210296290192794
-0.90064990614159
0.921594672588007
0.666490183391928
-0.666389524945897
-0.296602543776141
0.328735013857427
0.0243265468141595
-0.0243265468141595
-0.953942094151438
0.978268640965597
-0.0564383242912882
-0.000252204694928943
-0.29628143487965
-0.921661654592166
0.92170942004433
0.296271869033022
-0.296501756795545
0.328827539362067
0.607908567579492
-0.675928304767775
0.661027886081249
-0.323838363579085
-0.906131012077599
1.2597816631569
-0.628429921750822
-0.621685509139107
0.927764014927934
-0.938410835076428
0.632332329287602
0.0
1.25991465461284
-0.67950819441913
-0.90992395946963
-0.292845810756374
2.1789651936919
-0.967887804731447
-1.23503568735578
0.0236200315394811
1.8566899739412
-0.605558475302242
0.0
-0.349461408640874
0.349461408640874
-0.0434412991437064
-1.20701324374121
0.6019598319992
0.958644462147868
-0.961080283928245
-0.30308723781882
0.311180179727348
1.24955716392403
-0.606719573166457
0.0
-0.673422403505666
0.0287325851499465
-0.0300246292372179
-0.266705889919118
1.22174039672062
-0.950875522793352
0.963771352299589
-1.54333131960473
1.25011543088993
0.606863976830518
-1.28249903978257
1.60358080688751
-0.949982992359981
0.0220372484245262
-1.02912649372731
0.384314677347246
0.953506909757941
-1.95911410368221
2.28214192242581
-1.94457572664055
0.604747949926141
0.00239797971651791
-1.20726129743007
-0.57724271722925
2.13024617660967
-0.30288802849049
-0.644689818355719
1.57261172673232
-0.927921908376599
-0.972184442320998
0.00391727662863739
0.00260515172668534
1.89367923811008
-0.327059597496071
-0.292262533270461
-0.340668372198081
-0.67946504247274
1.28399889500271
-1.26179877125988
1.25882552471487
-0.0512042599487948
0.0601356547559165
1.58444316779851
-0.307223810472201
0.0
-0.651234789153845
0.651234789153845
-2.0858997405401
3.01405980614494
-0.96455453787981
-0.608295346080753
0.0
-0.00624071431037778
0.015879328595435
0.604092219667995
0.0309589844026674
0.928385907609787
-0.928385907609787
-3.08935032517878
3.68316275354277
1.88100432272642
-1.2580901196223
-1.30361987731313
0.625784984057158
0.677834893255977
1.25555850593926
-1.27759392985659
0.676033323871635
-0.31932219730609
-0.331608335360007
0.650930532666097
0.0
-0.647828108992912
0.647828108992912
-1.27537059342664
-0.681545025918848
1.91566251769473
0.0412531016507567
0.301164534312732
-0.346974717520949
0.0458101832082169
-1.25011543088993
1.25011543088993
0.0
0.286716605211414
-0.286716605211414
0.631722912121472
-0.973815502975509
0.342092590854037
-0.650930532666097
0.650930532666097
-0.339686929860779
0.339686929860779
0.927909988942026
-2.72535091840815
1.1342684030076
-0.604356414938268
1.2675289413968
0.0
-0.316362622067091
-0.934768876571868
-0.0257806044194686
2.20497695863544
-2.88470412949273
2.5614667089059
-0.006927810866633
-1.25489573255023
0.337261280053731
0.271149527384581
0.325600512257725
-0.924904961872419
0.00637492887021518
0.591461593174782
0.0500532285580648
0.0
0.0
0.928017224144405
-0.928017224144405
-0.966596469679096
0.312598569724789
0.326170506355845
0.95931212646048
-1.9099296413295
0.310227898786923
0.292452657960033
1.30724908458254
-0.631484732862019
0.631603877574838
-1.28057639874198
-0.307012256221464
-1.00085550291666
1.61153747372884
-0.320215140552074
0.665517947128507
0.0
0.603944671396242
-1.85406010228617
0.605425612534209
1.24274408015914
-0.287904510541275
-0.310149751262148
0.0
0.607008218697723
-0.607008218697723
0.0
-0.351719207559593
0.351719207559593
-0.672400515725896
1.26525102788591
-0.928845237137861
0.335994724977846
0.631484732862019
-0.631484732862019
0.352571085209878
-0.734804586474356
0.734804586474356
0.601560605984951
-0.295825087846076
-1.58295487546518
1.58736910858845
-0.958818796582489
0.648669045320341
-0.625057715444964
-0.652468548772923
-0.0015293511813835
0.949875878779887
-0.949570697053884
0.0144226982028517
1.26432773547042
-0.643885769079886
1.57203393728137
-0.335297656041465
-0.285626701687813
-0.95191362882792
-0.60644168028324
-0.00995682945571514
1.26108832809467
-1.95666440785552
-0.296627549369422
-1.60977711379074
0.353115520770937
-0.0227703935479472
1.25526808612669
-1.86458928883511
0.904845963888109
0.662453099075375
-1.59011885866206
-0.280117634942543
-0.969944078299721
0.969944078299721
-0.641281946863037
1.24314298671366
-1.87034302769161
1.26848198784099
-0.345302806576433
0.945045935037861
0.00755309002757876
-1.93887777695976
0.29482422427091
-1.27604921473689
1.2735091521898
-1.27194814089175
0.626379420874705
-0.00536181264905326
0.650930532666097
0.302706299482969
-1.26033928543645
0.307367959841544
0.933580521288319
-1.55495035372904
1.27163485855266
-0.635051204070662
0.635051204070662
-1.27194814089175
0.592537590953388
0.985146068077236
-1.55989259862508
-0.306714587471861
2.20353065903149
-0.928160065604843
0.0
0.0
-1.27813903900786
1.21890834944312
-0.591699843101358
0.650930532666097
-1.25549103460387
0.303423876943317
0.95206715766055
-1.276604500627
0.332819227414474
0.282597746608431
-0.300704161242854
-0.308486413291133
0.64194817938726
0.628429921750822
0.596655789780602
-0.596655789780602
0.304229818483094
-0.304229818483094
-0.334291011260646
0.898774375371053
-0.892310757708868
-0.338773223114638
-0.0118700853734984
0.644689818355719
0.596029336704938
0.00996577842690222
-0.94197151024289
0.942261782864207
-1.55229119802817
-0.327191856950387
1.2731976672254
-0.632198206303597
1.22854115060093
-0.596342944297328
-1.276604500627
0.32170835462149
1.56161571917197
-1.88301612240854
0.625366016575989
-0.309586934697694
-0.301871266171906
-0.00577594378793564
1.26816467732363
0.0
0.310149751262148
-0.980133694018321
0.669983942756173
0.0
-1.25449118405661
0.616188933743111
-0.621479412843398
-0.0204912597382814
1.28027292289518
0.927945743935455
-2.20424229317754
0.938830541358568
-0.921988003915932
1.85965392082176
-0.669413240768907
-0.605338289409534
1.27475153017844
-0.679471423962932
0.679471423962932
-0.343534290962935
-0.310463608991372
0.302022194372123
0.351975705582183
-1.27257362300417
1.27257362300417
0.0
-0.648404520330972
-0.630955934085947
1.88535556954876
-0.309643395986509
-0.330714241747942
-1.24131707383598
-0.000616952803490871
1.23460877350472
0.970002407612375
-1.61306651529768
1.28311486444602
-0.598362981023343
0.0
0.0
0.604386809849205
-1.57541939310895
-0.279082847630188
-0.00404164959627539
-0.647828108992912
0.647828108992912
-1.27905561539927
1.58920536666142
0.00643806736646306
1.27444146833241
-1.25846867817066
1.86152449089412
0.681914845596486
1.00656778144808
-0.934290890315703
1.88471404635002
-0.606575007342155
-1.25582350141418
-0.0253588331077078
0.0270252540356843
0.00404164959627537
0.900264095373245
-0.901955434905038
1.25180677042172
-0.650930532666097
0.610972716036634
0.671561694204302
0.0
-1.9075921256859
0.604892262886177
0.671095985224885
-0.0283294775775487
0.00524724124207516
-0.00279058088565936
1.5499480082169
-2.23074980276561
1.28278501071033
0.328702225373009
0.345302806576433
-0.0327408239627617
0.0327408239627617
-0.650930532666097
0.634706301248024
-1.34011349829891
0.0240031635048906
1.33233456621209
-0.625057715444964
0.625057715444964
-1.27100720713619
1.27100720713619
0.310149751262148
-0.0137244951821408
-1.57272180532209
1.27629654924209
-1.27006300056099
1.26015205640298
-1.27096859154086
1.28087953569887
-0.972403520868987
0.245502689847745
0.0853860092883956
-0.00631328726006521
0.956523202370785
0.292111346109206
-0.952098039958416
0.327257863938105
-0.636632763543337
0.308339321116844
-0.898466052823391
-0.000338266855844444
-0.00269106656561765
0.609132746848858
1.24519334981361
-2.54225946864407
1.31332601543535
-0.326922888204978
-0.319398720222641
0.626923421185529
-0.0770338763113815
-0.303191068438621
-0.252523344999064
2.2085698005597
-0.927993401817725
-0.331365070470699
0.331365070470699
-0.664288063328964
1.26479159478685
-1.26364044623063
0.644689818355719
0.280391427141475
-1.22181176465353
1.54813991067851
-1.87583507148561
0.63081324800565
-0.0156956496408063
0.653997899954306
-1.25582350141418
1.86340707683726
-1.25541168441599
1.25454768215937
-0.950317863676274
0.603501009200624
-0.925587306435708
-0.355011688880243
-0.589793727015409
0.951983748947919
-0.941579251783736
-0.9803202616518
0.33563044329608
-0.00525526571660783
-0.026327134460484
0.676272218532811
-0.33883876375979
0.636863243548373
-0.340732239323615
0.351402852912905
-1.27090298291076
1.59393080165436
-1.90398397421985
1.27226106209838
-1.25449118405661
0.967989287745714
0.599131555562977
-0.942979704255135
0.343848148692158
-0.628429921750822
-0.0364370387621733
0.664866960512995
-0.650000063102513
0.636794977608813
0.320428895965901
-0.95191362882792
0.644689818355719
0.0
-1.2735091521898
-0.00432367232796099
1.27783282451776
-1.26010891951563
1.26010891951563
0.631484732862019
-0.0239011574389411
-1.25541168441599
0.60128438617602
-0.298060325105322
-0.905511382967715
-0.00303686455019293
1.25315229544012
-0.685083564134462
0.0310856641801563
1.2591259644886
0.304229818483094
-0.648077967175253
1.23558222088106
-1.88467856334812
1.88352137934973
-2.25256003262458
0.617903198108798
0.0576291361241992
0.97103258325974
-0.346700714183003
0.656850465445151
-0.00744345177917851
-1.5699168137269
1.56347889765129
0.0
0.928088664686201
-1.54660021800129
0.618511553315091
-0.673394100057753
-0.608090695906779
0.965122173897441
-0.310149751262148
-0.641514821732846
-1.31532545857242
1.2865210093546
-0.303585800614198
1.57318979294367
-1.27167025335563
0.672385531976831
0.928064855577013
-0.653843219396933
-1.22286940518415
0.948647769004068
-0.670102194996343
0.0161042950420373
1.58201512409871
-1.56306842821507
-0.326758729241014
-0.289996837110046
1.54809896954518
-0.29629219912346
-0.713874607220824
-1.55042301938345
0.629830184904366
0.602399808502142
-1.2362063670596
1.28027292289518
-1.26721051424393
1.26721051424393
-0.321610998985337
0.925260065537545
-0.942252028648067
0.338602962095858
-1.27844490846748
0.630616799474566
0.647828108992912
0.0
1.27132121424661
-0.644689818355719
0.626062381903758
-0.953859804692053
-0.295994746696973
1.26848198784099
0.0
-0.675292243854911
0.675292243854911
0.0
0.598824676149452
-1.85431571075332
1.25549103460387
0.310149751262148
-1.27266815611503
0.295982862927073
1.26884592203371
0.325647279952246
-0.927957660060146
-0.6383022503135
-0.00638756804221943
1.24833888490793
-1.86668567418228
1.26303660763007
0.0
-0.625057715444964
0.581763458982022
0.043294256462943
0.0
-1.28087953569887
1.58358583518184
-1.58206675389989
0.00554017426562265
0.63230545841845
0.641514821732846
0.299503904956852
-1.23946958458463
-0.333231987597621
1.86604817938542
-0.592850512160014
0.0
-1.27813903900786
1.27813903900786
-0.0483468740583913
0.0483468740583912
0.308695093377873
-1.5765420888435
1.26784699546562
-0.628429921750822
-0.649096342467066
-0.00244284318202104
1.5538931158222
0.328685062893877
-1.3283349985993
0.699946454657671
-0.322460487943282
1.24423699777731
-0.931084591432614
1.26071747312076
-0.606719573166457
0.631603877574838
-1.88171930846477
1.55733924136213
-0.307223810472201
0.0
0.0
0.299563480066903
-1.56032573110533
-0.0061294620923118
1.26689171313074
-0.653997899954306
-2.17803733926653
1.25011543088993
-0.338342996560639
-0.007531539655202
0.345874536215842
-1.27752626421789
0.627074889207364
-0.599664055879406
1.25011543088993
-0.650930532666097
0.616279687763769
0.0346508449023284
0.928338394838253
-3.56460899445576e-05
-0.928302748748308
0.0
-1.90738761496811
1.90738761496811
-1.32559416268743
0.069770661273248
1.25582350141418
1.58021806659416
-0.304229818483094
-0.338638710470137
0.338638710470137
0.0
0.602907071108986
0.0289347655964741
-1.57863777793145
-0.332564513190925
1.27936045441692
0.0
-0.951593682931086
-0.00371675245693514
1.55290022578076
-0.597589790392739
-1.95679004265977
1.00135690490594
0.323672387506343
0.624943232796004
0.30952381693445
-0.302706299482969
-1.26689171313074
0.622201894775016
0.644689818355719
0.928374031060767
-2.18486124702732
-0.0234818914333558
1.27996910739991
-0.324536939775284
0.324536939775284
0.0780939212749641
-0.410708004111908
-0.00634122613739125
-0.611475562136396
-1.90592620119443
1.54837739508578
-0.273935926753367
-0.32726538743809
1.25525878925581
-0.951889471038578
-0.639131891413374
-0.618154373887662
2.20927099920809
-1.59570992582686
0.976316354518528
-1.58158091781575
1.57405035875061
-0.301164534312732
-0.0192076205446252
-0.93789630445359
1.26725367626036
-0.635118189588763
1.25312850393146
-2.18989937510667
0.613911200508912
0.955051919465113
-0.961221710426507
0.31029117776041
-0.304121386799015
0.914877278363742
-1.26002423061814
0.0256588967252755
0.641514821732846
-0.0181937386144463
0.946330008312935
-2.20840919259367
0.0301574920052503
1.85031533991224
-0.600199909022307
-0.211367759650351
0.949773584792782
-0.963565968720503
-0.3096316985049
0.597998259014028
-0.286168498971738
0.927010328265854
-0.994223484319355
-0.618385606791485
0.679679037522295
0.967287632505804
-0.651186150789594
1.20917318246613
-0.564483364110407
-0.641401091575857
1.56970384032416
-0.928302748748308
0.0
-0.625057715444964
-0.00192622986367176
-0.604092219667995
0.295265505540045
-0.61888792448357
1.58214606815579
-1.56966298993433
0.951664572994994
0.321334981599871
-1.90778128210411
0.641245345171424
0.291452913560845
0.343598290509817
-1.5735689476438
0.626003018025375
0.644689818355719
0.0
-0.0337878080185925
0.603303389646048
-0.00310242367318562
1.57897157472972
-0.928041042063624
-0.6588152158115
0.6588152158115
0.0
-0.673754268874899
0.018661753828208
1.25991995003688
-1.27371976315847
1.27676262053173
-1.8663389705341
0.00835324728072625
1.5558509490288
-0.959733418093181
0.653997899954306
-0.0495204069472723
0.00805341406191468
-0.280619304349726
-0.934732168457367
-0.00621814193762016
-0.0160190077692007
-0.046205902667874
0.0593284608474605
1.26593305721968
0.631484732862019
0.000119144712819361
-0.631603877574838
0.0
0.0
-1.27844490846748
0.016380692742919
0.608066315770252
-0.625362554462613
2.20752052002176
-0.928160065604843
-0.961798389629601
-0.312924471073064
1.28673997404857
-1.90492057934687
1.2731976672254
0.0
0.0
0.928243316655931
-2.20361391008257
2.20343544900366
-0.928064855577013
0.293168332063724
-0.646783290932727
-0.596815912241729
1.87874550298574
0.296425256080007
-0.947355788746104
-1.30603530109254
-0.303054753947852
-0.650930532666097
1.57948259701898
-0.320968488929806
-1.27906079873348
0.671477223310401
-0.351492989586263
0.954993998786887
0.324801739547684
-0.00496020096089551
-1.30281726269037
2.88479665164575
-1.57629376036648
0.00227074000953073
1.27764540893071
-0.357370350584884
-0.274233526989954
0.0
0.0
-1.25011543088993
-1.57862134257675
0.0117974963432014
0.561348606329385
0.99603192088875
-1.25324070795885
-0.602287321897017
-2.40048389417114
0.803544530626424
-0.385074515342385
1.35041000131227
-1.27226106209838
-0.00770804530153245
0.636440350678726
-0.619184107141608
0.627661659792128
0.934655284695593
-0.299604080624931
0.928409657421314
-1.57787001374814
1.85741164937893
-1.88482248270689
0.00841076589873756
0.615117598364843
0.315043599737461
1.27822044956914
-0.340281677483515
-0.310149751262148
-0.00120282522552445
1.58317030026178
-2.18346060968582
1.56418612798174
-0.946997343691373
0.311875921833902
-0.329207608251958
0.962857747203757
-0.307223810472201
-1.27288582443788
1.25654244830698
-1.25022916104692
1.89829544929928
-1.26764797594343
0.635925063821958
-0.94559272844189
0.94559272844189
-1.02735173998766
1.65895561756249
1.27475153017844
-0.675821830249472
-1.8818383430114
0.575558922455959
0.674756409716264
-0.000199901282294745
0.310149751262148
-1.56026518215208
0.617069748277714
-0.618085816026745
2.17951740624875
-1.58789438879262
-1.26875941514999
-0.622628347291608
0.640594530658485
0.322514252579375
-1.26368293916562
-0.0204437538720023
0.0230697392028708
0.0076943656060714
1.25011543088993
-1.26015283387229
-0.330927994490767
0.608066315770252
-0.287010649842163
-0.0322863455957328
0.945611180793581
-1.86149940275433
1.25449118405661
-1.25011543088993
0.605425612534209
-0.00870758574205457
-0.621354126080667
0.0246360992885118
0.680903426033844
0.0256204169919413
0.0
-1.27163485855266
1.87483924123262
-1.85433588131892
1.25113149863896
-0.650930532666097
0.650930532666097
-0.653997899954306
-0.0166114855408532
0.67060938549516
-1.25045454288492
-1.55632269442156
1.25488214272336
-0.634775186685196
0.94757784684621
-0.927945743935455
0.584228573211616
0.968593157161282
-0.329887211190184
-1.24663936844408
2.20175410685897
-0.968034921986331
0.666356853059565
0.631603877574838
-1.89431674143763
0.637655148417826
0.0064270174170546
1.22433488455455
1.2421156419801
-1.23759121863466
1.26108832809467
-0.6383022503135
0.286959020040986
-0.922165921917287
0.631994330456954
-0.0186051600185221
1.26391693557201
-0.925669068054638
0.917429602446088
-1.5572404959723
-0.293141869167788
1.22720139466425
-0.299409753392638
-0.336761138532204
1.59195443979343
-0.938071009762852
0.00991094415800828
-1.27691210305843
0.323131186574845
-0.302706299482969
0.983014512592809
-0.292134874173646
0.614559949960484
-0.627944448284912
0.0
0.0
-0.631760750247485
0.284526426519331
0.646762062037479
-1.918046575625
1.89259769804339
-0.274078860727724
-1.2741310519273
-0.579007355829725
0.604315668445016
-0.602287321897017
0.602287321897017
-0.00310242367318562
-0.628125082733173
0.950514143368173
1.93458042543404
1.2321146786775
-1.24164053735691
0.647828108992912
-1.25011543088993
0.625057715444964
-0.656427080519567
0.617188784290367
-0.0371537989705972
-0.5843256138728
1.86635667049905
-0.296425256080007
-2.26696491390682
1.30898705365176
-0.326684948850424
-0.296179778537758
0.323091769925299
0.917523837918191
0.95809445268201
-1.5824985579047
0.00538966788033201
0.616350841917197
-1.21737460692717
1.25011543088993
-0.631760750247485
0.599553546962535
0.03220720328495
0.0
0.303232425228579
0.954994325926525
-1.25198603684473
-0.318046254820009
0.305813526702929
0.00274845833093118
0.654174088141868
-0.668611995546168
0.964916100875695
0.304502334157552
-1.26808897693354
-0.294912893999277
0.0125635195509825
-0.321689302351862
0.928509758329632
0.282696396208682
-0.592775118418406
-0.00975407148536097
-0.00317499662287303
-0.605425612534209
0.599184898223832
-0.62751437580138
1.27844490846748
-0.0449210378839255
-0.590130166186737
-0.298024479788584
1.58219365117352
-0.928195751219213
-0.650930532666097
0.956666050804972
-0.305735518138875
-0.608428459445481
1.2541570804862
0.296425256080007
1.57930456372686
1.20601785558476
-0.654739341335238
0.950781337712817
-1.2741310519273
0.739784622565319
0.00040453073974726
-2.19809780847589
0.621919424807772
-0.00310242367318562
0.601927099822637
0.976973007925412
-0.294597624063306
-1.90594557402281
-0.6513843190141
0.628734418828951
-0.599184898223832
2.17845382572818
-1.27962999530959
-0.00356241111546249
0.000470835542371829
2.19516817430408
-1.57578576905306
-0.0262242391503265
0.631672909895419
-0.586050483503003
1.55650668243285
-0.92807676068203
-0.95595446680918
0.930913289728151
-0.603388744669793
-0.344011219272025
0.340680390775361
0.602907071108986
-1.25050677527842
0.0245355774889226
1.86240845235107
-0.951290297616974
-0.284723199556925
1.25011543088993
0.952197041066797
-0.928910292708148
0.917479802378065
-0.929213355399972
1.22828396250687
-0.620190389342566
0.00795191938704767
1.85653345132563
0.00396141572706805
-1.25080982784139
0.0255679782034846
-0.628388543941628
0.602631221996181
-0.00757517097826339
0.0108318820084344
0.650930532666097
-0.675619974615464
-0.00126407267618408
0.5996663826674
0.0194660852274878
0.650930532666097
-0.326356110692789
0.925640832071588
-1.27226106209838
0.627571243742656
-0.0255183450017191
1.59816582341758
-0.908700755694635
0.625392643453755
0.628429921750822
-1.26911549831915
1.26911549831915
-0.649183104953146
0.649183104953146
0.296425256080007
-0.296425256080007
0.0
-0.644689818355719
1.24258944247927
-0.597899624123553
-0.350757031855542
-0.901386745582386
0.586794303044615
-0.303481696446701
-0.281962060943101
1.20556688564366
0.647984503578846
-0.0018487638996624
0.930294388750365
-0.307072931378365
-0.597808870467416
0.906503963845289
1.27329620839416
-0.967497229282282
-1.22802511393224
1.2675289413968
-1.27475153017844
1.27475153017844
-1.25648721596655
0.614972394233706
-0.632926646599562
1.27444146833241
0.310149751262148
-1.58115695839834
-0.00436338629045034
0.936416293209798
0.338954300216845
0.274114569438511
-0.902544491189332
-0.635575607015073
0.0235329546341692
0.327758645837168
0.60320438267996
-1.24471920441281
-0.00941571093325083
-0.645698165109398
0.639591844742088
0.282625358242337
-1.25770783109782
2.20535737698378
-2.18855419344098
1.89159365237765
-1.57437635327975
0.291961087751631
-0.6232005192612
2.20219590750431
-1.2573805415088
-0.610649993695993
1.54654068696994
-1.88775734186404
1.58452240214016
-0.0133752251463035
0.638100013105045
-2.1984429567151
-0.666934144847646
0.329468136964127
-0.937904585543124
2.20372086810185
-2.20092389767937
1.86734083339373
-1.22981841446023
-0.0318799469262211
0.0222413326411638
-1.31204997735958
2.26543488909318
-0.340857010435829
-0.940241603811031
0.61968405077496
-0.617099886043733
0.96981935613776
-1.25180677042172
0.276980973505546
0.974825796916176
-0.681489880220433
0.0130557212269337
0.646723810409135
0.616080294568297
0.635051204070662
-1.26368293916562
0.635253017414794
-0.621685509139107
0.596117530935623
-0.0212015082570677
-0.294126311924181
-0.291110061691314
2.1885363494166
-2.20531992491603
1.23996951610436
-0.619773664495564
-0.617107546209789
0.6232005192612
0.616720502020592
-0.610479787710214
-0.636794977608813
0.0300154514615678
-0.080112213967786
1.63428785795372
-1.27353423352069
-0.305627726089664
0.650930532666097
-0.625057715444964
-0.654607236050083
1.27966495149505
0.599131555562977
-1.87295183571427
1.2738202801513
-0.656934772626245
-0.623641626115733
1.88700667773498
-1.85654570988293
1.22869372783683
-1.25456654505796
0.932140099418903
-0.600397385338605
0.944245534030763
-0.631760750247485
0.29827664601526
-0.320513795722081
0.304301345135033
-0.59509598899864
0.981040857709991
1.27936045441692
0.679028542223241
-1.93385341915124
0.00403164514488127
1.25079323178312
0.0
0.0
-0.625057715444964
0.625057715444964
-0.670233803284244
-0.582582735629848
0.290080465738363
-0.00616979096139469
-0.00684341368853455
0.638855034687233
-0.940017859920004
1.57641600801528
-1.27126233458482
0.0149580324885548
-0.301009399356588
-0.57325658682719
1.84312676237506
-1.23452615321797
0.600047828847489
-1.6593061401137
1.69720666179041
-1.27731306449023
0.608238654448409
0.672640881250462
-1.2623887335357
0.643877180220607
1.22407002861733
0.322530189383959
-2.18090520360029
0.598818638959785
0.323384236801598
0.330613663152708
-1.2591259644886
-0.0226609562891827
1.28178692077779
0.0
0.308695093377873
0.61936976219914
-0.321489848234858
-1.85669043823208
-0.706800188455562
0.316909943046917
-1.88057213870052
0.320890659740621
-0.315619443306065
1.27194814089175
-0.627522086913766
1.2591259644886
-0.6383022503135
0.00669837273866181
-1.27598824811106
1.27598824811106
-0.864546215567129
0.243333554227876
0.621212661339253
-0.644689818355719
0.328327196288628
-0.350138311424986
1.59466099909692
-2.19087292946763
0.288807792297921
0.348847356119905
0.625057715444964
0.602310380107901
-0.602310380107901
0.0
0.0
0.274126470141363
-1.55257137860884
0.636930086734631
-0.00539622647712242
0.603027610613299
-1.23790348318112
0.948171981371633
1.2615725994663
-0.617807908797998
-1.27109061811358
0.329180116603947
1.23658818523767
-0.604827434990186
0.0
-1.27875043367327
0.650320511922446
-0.630367598515394
0.00834297738129484
1.25045454288492
0.606863976830518
-0.313659975631582
-0.29677047240758
0.303046538399848
-0.934531271261867
0.289748397494229
-0.930993742665653
-0.0345476726127735
-0.637435418892509
-1.28475670421002
0.676466872820125
1.88317999400417
-0.325594287119153
-0.277312783989833
-0.340604298520711
0.340604298520711
-0.655461806293811
0.962685616766012
-1.58840614499409
0.252520586012484
-0.241716352628678
0.915872824551992
0.324134799964936
-0.604680727449508
-0.632159310173272
1.89869524710595
-1.88227796464513
0.927631308226108
-0.0288376087609488
-0.289515289414891
1.27299955459487
-0.631484732862019
-0.0528892634904016
-0.291369727638757
-0.928938676096244
0.0140717027367976
1.89084887661008
-1.9067841503959
0.324549888009432
-0.300957994237966
0.00135391361303537
0.570033503445794
-0.580680323594289
1.89224698390044
-1.24975832704649
-0.659559230333293
1.55491951599607
-0.320721005655399
-0.918789557564928
0.962423871742019
0.631484732862019
-0.000874765673960125
-0.60512034945788
0.928160065604843
-2.19248780107526
1.26432773547042
1.29208747971233
0.013646395477093
0.650930532666097
-1.26848198784099
0.301105474885249
0.29482422427091
0.672552288684829
-0.334240565334219
0.936998722773608
-0.926958260707117
-0.618691517150001
0.942891620417728
0.0
0.0
0.0
0.928100567589729
-0.928100567589729
-1.27629654924209
0.628468440249175
0.647828108992912
0.0
0.301164534312732
-0.301164534312732
0.0
0.0
-0.0474228926121513
0.975416294429876
-1.60215336435014
1.30564469539443
-1.96306629133277
-0.625233604173923
0.696379380817804
0.287745539587726
-0.303606307002944
1.27629654924209
0.92807676068203
-0.617927009419882
-0.310149751262148
-1.33158155847075
1.33158155847075
-1.27936045441692
0.0102449560977693
-0.688301847657828
2.88552981536979
-2.28422231517984
1.35610984578702
-0.35096695071307
1.2788769396551
-0.947236644033285
0.325062173230134
-1.27749394776684
1.27898224010017
-0.645376228385138
0.648302169175085
-0.310149751262148
-1.34987581888479
0.085226258697733
-0.00256095405688124
-0.689453893611587
1.95666440785552
0.596499462071031
-1.2567560573937
0.653997899954306
0.606140333255544
-1.87651843439363
1.27037810113808
-1.95739228165706
1.95739228165706
-0.348224028367981
-0.296465789987739
0.644689818355719
0.0
-1.27752626421789
0.00746326365690177
-0.0615185579097648
2.25959878261516
-0.330893587017837
-0.291388118987694
0.325987393982597
-1.96380670776914
1.9636876732225
-0.631603877574838
-0.340452854186143
0.340452854186143
0.0
-1.02874629762425
1.95723904489872
-0.928492747274466
-0.403876151421561
-1.55296412888371
0.679620922978963
-0.679520438388999
2.51269604186551e-05
2.88517181265885
-1.55279591245613
1.21831081981697
-0.593972051264808
0.606863976830518
-0.606863976830518
-1.95663927391572
2.88482313102922
-0.000107096431476769
-2.88506769816443
0.632111308706909
1.32487962877549
-0.644689818355719
0.644689818355719
-1.33158155847075
1.33158155847075
-1.2675289413968
-0.00473212070157895
-0.0593204963723744
1.33158155847075
0.0
-1.95694072771314
2.54979123987316
-1.8632286132981
2.19839532528249
-0.335166711984391
-0.592850512160014
0.631603877574838
-0.02692315012533
-0.604680727449508
-1.33183279321028
2.25976661991796
-1.56944864844052
1.24501583093347
0.00029594462001539
-1.86553626332246
1.86239438406492
-0.600655074563102
-0.6383022503135
1.24516622714402
-0.606863976830518
0.928124370095669
-1.58212227004998
-0.599824665250271
-0.00953740055388724
-0.388020937392908
1.01347520605615
1.56582760547182
-2.88573996905564
0.625232955347469
1.33258510533158
-1.25714931170134
1.25714931170134
-0.34919022367146
0.34919022367146
-1.27226106209838
1.90386493967321
-0.631603877574838
0.896067763243417
-0.896067763243417
-0.324320300985555
-0.326610231680542
0.650930532666097
0.0
-0.948647769004068
-0.315035170161548
0.303454589289682
1.25368175868213
-2.1620320822743
1.21510207109279
0.0390550093934115
-0.965517715317589
0.965517715317589
0.928029133654845
0.330403926268102
-0.639417073714801
0.316582732791163
-0.325955094651846
0.635704535593459
-0.634473426378215
0.95335508193279
0.63278291744042
0.297146467226858
-1.28618531141367
1.27878466172719
-1.25082610146862
1.87117122674236
-0.605558475302242
-1.28087953569887
-0.0696176577237936
0.321962356032496
-0.237398219829515
1.89765596934116
-0.631722912121472
0.308695093377873
0.322789639484146
-1.90747298097308
1.27598824811106
0.0
0.0
0.0
0.0
-1.95711642129025
1.31242660293453
-0.313692210255986
0.307451495945608
1.57887627660155
-1.89747404600382
0.969528302068362
0.308695093377873
0.294509289302087
-0.653177288697723
-1.59729468869707
1.30056688053183
-0.978730172300469
1.92502139388018
-1.22802042914753
0.935653732223023
-1.58780020921418
1.912061131604
-0.631484732862019
-0.0371280118836411
-0.295028657738913
-0.618429316401245
-0.330596348498089
0.952996348066678
1.25627465114141
-2.18885091572462
0.594999512094053
0.625161270742299
-1.23538677990899
1.8729561249609
-1.24789840951594
0.0126282823525972
-0.613841527124428
1.25214377743793
-0.334276264142881
0.939834739445122
-0.605558475302242
-0.0505488998196014
0.978792216475532
-2.17835874754586
1.84786023135921
-0.597744800469279
0.303185601210966
-1.57544666330934
0.650280333599259
0.700074649774081
-0.702432689827126
-0.0139634817613382
0.6383022503135
-0.0576549556569782
-0.617396107550829
0.0241205305417099
-0.603894344261899
0.58677185735129
-0.283687668872289
0.331775754732734
-0.65135628053035
0.328090481833892
-0.330589547738577
0.312245162738696
0.9615751174126
-1.27752626421789
1.27752626421789
0.597123637126568
-1.8472390680165
0.928219536134386
0.321895894755543
-0.0159862722874515
-1.26549852367708
0.639969974231686
-0.312178818424978
0.953693640157824
-1.27629654924209
0.0261811183521577
0.897209378012415
0.958464528179755
0.015015391307995
1.24379247633375
0.0100300888708275
-0.625057715444964
-0.650930532666097
0.637685997797562
0.6383022503135
-0.611945315462018
1.88647744738752
-0.641055288494696
0.665288926310222
-1.59841540089463
0.315524216698755
-0.629949003032774
0.00893139480712166
1.5749552810238
-1.28066225678206
0.312089712343568
0.0405076888614792
-0.625057715444964
1.25011543088993
0.0
0.27718193672672
-1.55806147242559
1.23977099987242
-1.22514444967621
1.26625298550267
0.607727013714254
-1.88769612111416
1.59011885866206
-2.26746682607105
1.9573170748089
0.310149751262148
-0.656923840744253
0.65250960762098
-0.60599511513184
0.0
-1.25582350141418
1.25582350141418
0.0
-0.955310435388022
1.55762081549592
0.00382995314764352
-0.683361473127019
0.683983372864515
0.0
-0.0389102380874711
0.038910238087471
-0.658349481796606
1.26564570028561
-0.607296218489006
-1.2731976672254
1.2731976672254
-0.731991051074042
0.0549606485300849
0.0342111901430343
1.24164388855037
-0.940808195022202
0.649207329344951
-0.307223810472201
0.603352781374217
-1.57634232021743
0.297227938815866
0.984456693405219
-1.64027665184862
0.0672538230003346
0.600085346652971
0.664242388817444
0.0
-0.343706722193896
-0.330967276686717
0.674673998880614
-1.25146934450296
0.578364213933574
1.60107470565134
-0.629945095293369
-0.298024479788584
0.631603877574838
-0.631603877574838
0.0
-0.653997899954306
-0.695491852920561
1.95490235184081
-0.605412598965939
-0.641514821732846
0.29022322126151
-1.60564912724181
0.702115850785148
0.579844612886086
0.951573709794015
-0.0376815996579965
0.0376815996579964
-0.653694082856545
0.974008111205915
-3.78779750414568
2.85975646208205
-1.2687989278848
2.19685187725575
-0.928052949370946
0.928326513904922
-0.965146039897193
-1.23512861489948
2.20002490157378
-1.89280109110158
0.964724330419548
-3.13554358717777
3.13554358717777
-0.678854317629063
-0.579614360541592
0.607538145504558
-0.372458169603695
-0.254750336738069
1.27813903900786
-0.650930532666097
1.25779450949662
-1.27209954240132
0.313778258301856
-0.311822886152996
0.943385911136701
-0.280105717714762
-1.27444146833241
2.20250632390942
-0.928064855577013
-1.25011543088993
0.605425612534209
0.00240060313388235
-0.607826215668092
1.25011543088993
0.597899624123553
-0.597899624123553
-1.28027292289518
0.958269961398067
-0.0184570383755133
-0.940722334649263
0.31855621365315
1.5944679575742
-1.27436901105792
-0.60758825653747
0.282758729811913
0.319528592085104
1.25177278038915
-1.27709676846449
1.60122885775028
-1.55983751092952
-0.338450899601828
-0.30142320870335
1.27163485855266
-1.25146934450296
0.606779526147245
-0.00930808159858683
0.0156956496408063
-0.0260565637208452
0.0325980637868598
0.288723118193245
0.944447757773065
0.326833190937105
-0.335392804495916
-3.13225632108458
3.40635898872001
-0.274102667635422
-0.653997899954306
-0.627789020823481
0.0246376090764517
1.25714931170134
0.308695093377873
-0.308695093377873
0.0
0.0
-1.27194814089175
0.00762040542133368
-0.00573526509056977
-0.00406805136631194
0.618517200677858
0.655613851249439
-2.96958290019542
1.69359465208436
1.27598824811106
-0.644689818355719
1.57312322120789
-1.90264849283655
-0.307269705980149
0.963204625475858
0.608018962238798
-0.940669324416222
0.0
-0.620076674470096
0.00411549400545749
1.27204703735579
-2.1882332896113
2.18806657957577
-1.60314487945019
0.349035452435943
-0.339773809812618
-0.587896988437854
2.18178022526472
-0.644689818355719
0.0239559687677741
0.297456916977307
-0.928132847808067
-0.957730214163329
0.646131130451226
1.23295082819422
0.0258728172211329
1.2098708973201
-1.23697482375647
0.321083202040042
0.297996387144438
0.615909667787778
0.042230100354048
0.310149751262148
-0.984123743530216
1.60209836236374
-0.928124370095669
-1.25180677042172
0.286221074313985
0.941031512120662
-1.23259512771426
1.19775998274128
0.0593893289600604
0.00612800552043032
1.27475153017844
0.635031063481187
-0.625244018551641
0.0
0.0
-0.0220019027214968
-0.329645824629146
-0.280113022896843
-0.323471461002131
-0.604533852529969
-1.25011543088993
0.602287321897017
-0.312477021931684
-0.00367616974055349
1.59558517823999
-0.631603877574838
-0.34136684442808
1.2694078864917
-1.57273086041934
-1.31277764931946
1.95746746767518
0.0
0.0
-1.87881332809853
0.612880270878849
1.87236333621269
0.321575034539097
-0.296520580670081
0.296472927198127
-0.650716230817458
-0.277241429242688
-0.654259186503147
0.654259186503147
0.928148168201479
-2.25369218141219
-0.631547315957994
1.95709132916871
-1.27813903900786
1.90986195112933
-0.025003338955015
-0.606719573166457
0.594131476490152
-2.5512478977804
0.641514821732846
0.0
0.0
-0.0530608986033447
-1.22781863709553
-1.58775473250673
2.53514216264559
0.926342617720023
-1.23436533389286
0.319915868228606
-1.63556764507204
1.95716659857628
0.310149751262148
-1.33871625181555
0.3745686005991
1.28560177752914
-0.631603877574838
0.92829086452462
-2.28064385039072
0.321966395528132
-0.926353205377338
0.625158237244554
0.988798711031682
0.342782847439068
0.310149751262148
-0.954839569617867
-0.00930808159858683
1.25867862740381
0.323265016485946
-0.326385137950504
0.0302812307205097
-0.63184183670546
0.310149751262148
-0.310149751262148
0.602609071316169
-0.953163753770224
0.350554682454055
0.0
0.0
0.0
-0.971637169515639
0.971637169515639
-1.33183279321028
0.60675721626034
-0.607008218697723
1.96356852850968
-0.631484732862019
0.631484732862019
-0.631484732862019
0.631603877574838
0.296401435957261
-2.88504645149854
2.26573623134431
-1.57812679338297
0.927380112771933
-0.386771813798201
1.65681680284909
-0.321129424987207
-0.606863976830518
0.0
-0.734087992741004
1.03679429222397
-1.33242013754352
1.02971383806055
-1.95696583375864
0.110092306140664
-0.332144978188688
-1.95142795399553
1.96213071538197
-0.00101653203991346
0.00130550152827648
-1.28778483438857
-0.00116688099138019
0.00782281767616404
0.674264920873268
0.0
-1.27996910739991
1.27996910739991
-1.95666440785552
2.56294979560868
0.302706299482969
-0.605412598965939
0.0
0.299604080624931
-0.299604080624931
-0.644689818355719
-0.680785419747721
1.60921882259989
-0.622876600111487
0.641839315098008
0.302852175819272
-1.63016745804032
1.02460898273808
0.0
0.0
0.928409657421314
-0.331910195350283
-1.23801428380388
-0.635089678894154
1.276604500627
0.0
-0.67164441450842
1.2774941475209
-0.60584973301248
0.0
-1.26141401393661
1.26141401393661
-1.35144318908768
0.0705636533888138
0.00243462723139348
1.27844490846748
-0.647828108992912
0.0227703935479472
0.625057715444964
-1.64829584410452
1.94946037841726
-1.65840258862753
0.0954987448129727
1.26173930950182
0.0
-0.667473225471937
0.667473225471937
0.928171961908785
-0.322905404765669
-0.605266557143116
0.0
0.600806439487079
-0.600806439487079
0.0
0.310149751262148
-3.4108789055689
3.10072915430675
-0.403696523511795
1.33193984016772
-1.58224121661024
0.303209377340503
-0.913217006152091
1.89560940634073
-1.28560177752914
0.953601980579237
-1.63118563909568
1.93844553530127
-0.29671422556837
0.299928488658035
-1.25227206689522
-1.00340190544627
-1.30341944602267
1.32593261311496
0.601861039850621
0.0300996116791591
-0.928385907609787
0.0
-0.650930532666097
0.650930532666097
0.0
0.0
0.0
0.0
0.631484732862019
-1.89549026162791
0.951512452443696
0.932097170447594
0.0
0.0
0.188161121370136
0.0780939212749641
-1.54347439997141
1.87511898144986
-0.292164105984678
-1.5826476211973
1.90839683592045
-0.631484732862019
0.0
0.606140333255544
-0.606140333255544
-1.33158155847075
1.33158155847075
-1.26043578182687
-0.0653087737268384
2.25365454449573
-2.19223772441244
1.89616957217588
-1.90597288863276
1.2741310519273
0.0
-0.338011148843085
0.338011148843085
-1.34927121872918
0.0811065414055488
1.26816467732363
-0.625057715444964
0.625057715444964
0.0
-0.333460253073435
-1.63010827543625
1.93289023513475
-0.600806439487079
-1.27936045441692
1.27936045441692
-0.653997899954306
0.0
0.0
0.308695093377873
-1.58744552705114
1.27875043367327
-1.95686539564198
0.93347669337219
-0.00122028046828954
1.32577351705081
-0.301164534312732
-0.0256204169919413
-1.25495598175004
1.28057639874198
0.9280053135321
-1.26215954031463
-0.335808305371781
-0.66187026105597
1.63606261169338
0.0059199327790536
-0.310149751262148
0.927981489001077
-1.86794716862886
0.285485643361388
-0.620271493912048
1.22996133076789
-1.20634129922841
1.25113149863896
0.631603877574838
-0.650930532666097
-0.93570007780829
1.5627537466138
-0.623951245132327
-0.333826142903588
-0.291464447411186
0.641514821732846
-0.321843188772313
-0.954145059338749
1.227548823459
0.00623873274141675
-0.605627417082264
-0.633051426705959
0.604092219667995
0.676787316030876
-0.00989191866734668
0.67393526594139
-0.628429921750822
-0.0429895440905832
1.599674671111
-1.57460329692534
-0.626537732782133
0.00219298805678191
-0.00775207208638337
1.58566871893968
-1.55733924136213
0.575235819242772
0.658893339359706
-0.628811844363823
0.304017335247325
0.340780781403949
-1.25011543088993
1.55127996520266
-1.58295145509052
0.0313323778928669
-0.0122583209778701
0.621198042129944
0.641514821732846
-1.26108832809467
0.659595494641729
-0.340780781403949
0.617807908797998
-1.54296018461373
0.311742853755278
0.954190203464406
-1.60016380449591
1.60016380449591
-0.653997899954306
-0.670918461839936
1.28366326014349
-0.633867753742618
-0.598076811832028
0.631682845492556
0.304229818483094
0.316171959201029
0.0211130440487229
-1.2591259644886
-0.0109370360723807
0.0192697687778704
1.25079323178312
0.0
0.958017369862467
-0.315621019056073
-0.311309077050397
0.0255679782034846
1.22256139824097
-1.24812937644446
-0.967293154733189
-0.285523384180903
0.621055788666606
1.23891304937772
-0.600725281713181
0.9215187265184
1.56147420269727
-0.607296218489006
-1.27691210305843
1.56021568652043
0.627319331512905
-0.338928393010137
0.340202053827921
-2.55363228470536
0.990053056305458
0.966611351550063
-0.348551551256054
-0.901563879633874
-0.0177315645756937
0.626576318327391
0.650970861758682
-1.87879650705802
0.012929068108234
0.941910501509633
-0.0187947041309998
-0.969531848462371
-1.2363658316324
1.27783282451776
-0.619627507797504
-0.998891329518167
0.993461121870706
-0.00337220630585728
1.2261747222201
-1.85489411217061
1.85159904756993
0.324200103267727
-1.25011543088993
0.605425612534209
0.012929068108234
-0.641436916977917
1.2731976672254
-0.0494640474243376
0.358159140802211
0.644689818355719
0.0
-0.0536460902028564
-1.90339504776358
1.95704113796644
-1.95716659857628
0.625585040105534
1.9310192636501
-1.26780793741456
-0.592718095859458
0.619573506361828
-0.322987752114683
-0.313023690370358
1.27752626421789
0.0
-1.32522993589287
-0.631459603575568
2.56297492722159
-0.606285387753158
0.0
-1.27226106209838
-0.684905536477909
1.31565177684344
1.24367559595173
-0.00226520541635944
-0.599895568802522
0.602459812339435
-0.92807676068203
-1.95671466875489
0.674927747977098
-0.0721714037552094
2.28186831347502
-2.8847251515867
2.55517814366802
-0.598362981023343
0.0
-0.650930532666097
0.650930532666097
0.928041042063624
-0.976189209005451
0.353883685080701
-0.305735518138875
0.607727013714254
-0.607727013714254
0.0
-0.724717581640232
0.724717581640232
-1.27813903900786
1.27813903900786
0.606863976830518
0.321129424987207
-0.324640620443508
-1.87498763992688
0.606336939868486
-0.601274618493634
1.57672228843996
-1.26271286386279
-0.0120386663156499
0.964601778916293
0.274102667635422
0.653974093046608
-2.20002490157378
1.24128374667029
0.629489070370909
-0.632164969661157
-1.2438790638146
2.20527230669725
-0.928052949370946
0.0
-0.676121913958805
0.0510641985138405
0.0
-0.6383022503135
0.288697894472212
-1.60726103980069
0.676288996900006
-0.676288996900006
1.95686539564198
0.0
0.606140333255544
-1.87046806872596
1.26432773547042
-1.95686539564198
1.28166598743061
0.675199408211374
-1.26432773547042
0.860785806784752
1.33161868936769
-1.87219820621825
0.290123545581912
-0.603151411747029
1.25714931170134
0.606430278993003
-0.937508718834302
-0.31361137851442
-0.323394943656702
-0.988604777456013
1.30344459678333
-0.697032591577004
-1.24258944247927
-0.635279289044189
0.55222853385762
1.33183279321028
-0.942421440189875
0.33832922052188
-0.674352688799483
0.674352688799483
0.302706299482969
0.625310924661436
-0.928017224144405
-0.966907241455097
2.26756709723913
-0.310149751262148
0.0
-0.659629854430385
-0.286298630537536
-0.333736466527127
0.615693458600432
0.663971492894615
-0.0314089404960354
-0.910350509011012
0.941759449507047
0.0
0.0
-1.95676492035012
1.95676492035012
0.0
-0.631760750247485
-0.0406451645125215
0.0245778057670952
0.296675298802097
0.351152810190814
0.0
-1.33183279321028
0.687142974854564
1.25256011071917
-0.945548650094212
-0.940766550736714
0.874712682846923
-0.946476322270844
0.32411127281999
1.63382428878566
-0.299031920336381
-0.308695093377873
-1.26497100382045
0.0068315665836575
1.2581394372368
-0.0161051968714397
-0.937750580632307
0.924255801475143
0.661203853603442
-1.90480154480024
-1.1169266820372
-0.038064641021118
-0.599590507396708
-0.00671883614230191
0.946421094707203
-0.635320522449538
-0.322257996833694
1.22992408949308
-0.272345570209849
-0.321995414743772
-0.955310435388022
0.608536345905916
0.346774089482105
-0.647828108992912
0.326003542627603
0.595760493118677
0.332059188378473
-1.25417533376487
0.641481845894367
0.00669837273866181
0.302971418209881
-1.2649691612131
-0.297456268796229
0.590368806125965
-0.581030225216444
0.310149751262148
0.939965679627781
-0.653997899954306
0.653997899954306
-0.0286209250776598
0.621471437237674
-0.64453803200642
0.335026835145532
-0.952514361512355
-0.611097876681951
0.648512172647694
-0.0133590175174956
-0.321787473690115
-0.930077355990343
-0.618828266680063
1.20711206993692
1.8633339848438
0.0333979834076095
0.00739570630210674
-0.621816805282549
-1.83799540879422
2.4540605094009
-0.602820565738144
1.25681846569245
-1.26432773547042
0.625791471037794
-0.630579233886528
0.644057782874185
1.05323553741671
0.255162490121748
-1.28241526552812
0.0225006109152755
0.295610193395848
-0.315241345565236
1.21254443803062
-0.257259553638206
-0.307223810472201
-0.671328601685017
-0.599678605451176
1.57970230051407
-0.9816147552438
-0.583898803826523
0.610096469346444
-0.607769187710606
1.25449118405661
0.0
0.605266557143116
-2.53850507183877
0.976818849690024
0.904432759319618
-1.22676352798725
1.27875043367327
0.283577274429748
-0.604659646426045
0.958154343138298
-1.5712293392381
0.610007628811588
-0.624745514011255
0.617616197162338
-0.289625534107692
0.296754850956609
0.0031382906371922
-0.0223355014081459
-0.613854215935006
0.631603877574838
1.57725714712511
-1.25880287458865
0.282946665644938
0.653433195244871
-1.88400338376972
1.24996871173897
-1.23456041090156
1.26303660763007
-1.25348763719579
1.25348763719579
-1.56797775053524
0.0104992589472105
0.627001048593436
0.323757869828141
-0.00669837273866163
0.312433890877536
-0.305735518138875
-0.682967732513444
-1.27783282451776
0.316284494967703
-1.57091206811342
1.26974753380068
-1.25747975497609
1.25747975497609
-0.653997899954306
-0.616065100606679
-0.686701919789136
0.695676592255446
-1.02886384982798
0.681605725794151
0.951350343701821
-0.604092219667995
0.0
0.0
0.0
-1.02879782131051
0.0608085335647956
0.329687037432214
0.0199097315450432
-0.352216495277104
0.630149014172936
0.340459999872625
-1.02831276001079
1.75880660115536
-0.444015261059686
-0.956443131772876
1.30168746380947
-1.27234518270788
0.665770175365725
-1.27996910739991
0.625971207445602
0.653997899954306
-1.28057639874198
2.20851022544965
-2.20881336240654
-0.375147613730036
1.65602714942891
-1.33158155847075
-0.0211130440487228
0.323531353420868
-0.927651913546068
2.58829989550669
-0.67758783053793
-0.626569406358972
-0.604546853291422
1.87006986948632
-0.0156956496408063
0.653997899954306
-1.34932139137819
1.98104430349966
-1.96330447059222
0.0568300282923096
-0.0505351009019684
1.32528663108041
-0.0466909336425529
-0.913826533721238
1.95704113796644
-0.32472787422789
0.929261726757859
-0.295838759152096
-0.959625626043971
0.650930532666097
0.631603877574838
-1.98975387799131
1.96238959944001
-0.295544505645671
0.0
-1.35084516517343
1.35084516517343
0.0
0.690671213511439
0.0452263461394571
-0.625057715444964
0.625057715444964
-1.33183279321028
0.0646222789663491
1.58413591353063
-1.33448993705237
0.356270296487539
0.975190421908926
-0.341723828417671
-0.660841117414577
0.699858646349278
0.594449735868591
-2.55108900978431
-1.57333885575289
-0.310755011527809
0.252103485542307
1.3351168285611
-1.33456769991022
1.63627215890512
-1.87465049137771
-0.0106223102738277
0.940366816634243
-0.398369096257545
1.34327508127484
-1.25212979548949
-0.634060615317548
1.27875043367327
-1.87576718708763
1.57276930004395
-1.57838589592156
1.2756795964386
-1.27100720713619
1.27100720713619
-0.667311553044666
0.667311553044666
0.302706299482969
-0.302706299482969
-0.0486201525581967
0.0486201525581967
0.0
-0.961485107290516
0.310554574624418
1.25517013168964
-1.24966696921995
0.645427370196409
-1.02760297472719
0.389300724413689
0.6383022503135
-0.3252681010614
0.635417852323548
-1.04137949998145
0.7312297487193
-1.32514248352051
-0.00643907495023942
1.33158155847075
0.307223810472201
0.299784408225522
-1.56484261593919
1.55588865904489
0.00618533722012177
-1.25517013168964
-0.0749468392780128
0.72587737194411
-1.26848198784099
1.26848198784099
0.607583575423078
1.25158769034705
-0.597589790392739
-0.00646041360803971
-0.292459320054021
0.617819823819804
-2.2595511335527
1.33158155847075
-1.35646048584511
1.96390046297888
-0.607439977133775
0.0
-0.0475676209613038
-1.28401393750945
1.33158155847075
0.0
-1.64666541138253
0.974683755389552
0.625708793262758
-1.22785818919708
1.2741310519273
-0.657387428397377
-0.371417029617279
1.02880445801466
-1.27966495149505
-0.677426377673659
1.33869881040025
1.2240967052951
-1.56727930393924
0.343706722193896
-0.635051204070662
0.293465680841009
-0.296425256080007
-1.5826476211973
0.648482181307607
-0.647249674687774
0.601602444748727
-0.594721776194932
0.00934491608535094
1.8543796663358
-1.86812332176175
-0.00768186847346867
0.623369302952886
-0.285381387671743
0.295063511424816
-0.00310242367318562
-0.00952585867941162
-0.627851487445684
0.33189432322607
0.289787373258219
0.618266486411759
-1.22633280218201
0.633634293973737
-0.625470346511823
0.319734828372949
-1.25011543088993
1.20049603585215
-0.272217056648415
-0.92827897920374
1.88745454304103
-0.606575007342155
1.91145384026193
-0.972254527091975
-0.940109741468915
1.88774351252939
-1.87818519107713
1.58001630762449
0.297154639634606
-1.27620030348666
1.2737033518484
-1.57000168625195
0.941028894612118
-0.598931673696708
-0.0232764250305869
-0.0177889187270602
-0.611295075338456
0.95717727468548
-0.351719794238348
0.671454622611297
0.0
0.0
-1.27598824811106
0.650930532666097
-0.0521138130338521
-0.579315687487736
0.312145783172089
1.25449118405661
-0.639465437193936
-0.302445064315698
-0.0403637524936827
-0.60478760031726
0.624695840033414
1.25994327673927
-1.25555512270717
0.929069109348914
-0.343446901058254
-0.595529408600665
1.25011543088993
0.604827434990186
-1.88540383373216
0.00706724655217688
-0.00949973911720109
-0.589900756158188
0.60917838684953
-0.599184898223832
1.53339518761616
-1.53339518761616
0.925578491114644
-0.313765310538215
-0.627310501126616
0.585527974235677
0.041782526890939
-0.00451696208742289
0.951514305778796
-0.308695093377873
0.0
0.00710870823327885
-0.626702274770733
0.67203086050681
-0.947660045233852
1.54694476661265
0.00436434517340959
-0.63127254881595
-0.620204626729169
0.647828108992912
0.0
-0.6383022503135
0.948452001575648
-0.951664572994994
0.299422230878809
0.342092590854037
0.607152299130236
-1.5653489188831
1.26689171313074
0.298457205752363
-0.607152299130236
-1.27996910739991
0.0201874442430106
1.85263217531691
0.0124160449831015
-0.949114705835274
-0.331567634328519
1.27175872731801
-1.2715700962668
-0.583226062072641
1.88171930846477
-0.631603877574838
-0.647828108992912
-0.625992171158385
1.8782070900005
-0.620492006720645
0.0161051968714397
0.0
-0.0421239224662716
0.341728003091203
-2.25682084721405
1.60642824397532
0.350788522613803
0.607870292363448
-0.64999421482972
0.64665777499624
-2.56119826038549
2.26681415911767
0.653997899954306
0.0
0.607870292363448
0.0227473353370639
0.0
0.928326513904922
-2.1841500153191
-0.0996826737578892
1.65193143125208
-0.296425256080007
-1.33158155847075
-0.000251234739532841
1.63606261169338
-0.304229818483094
-0.647828108992912
0.956523202370785
-2.26573623134431
1.62798668720192
-1.62793648671788
2.25815547179513
-0.301164534312732
0.927909988942026
-2.2069656043413
2.20742964646004
-0.928374031060767
0.601861039850621
-0.601861039850621
0.0
0.0
0.0
-1.276604500627
1.276604500627
-1.32551254371541
0.054191329468797
0.617323314292306
-0.696311616767995
1.3503095167223
0.0
0.0
-0.350002769309373
-0.320361951019862
1.30184945319125
-1.28241526552812
-1.27194814089175
1.27194814089175
-0.343848148692158
0.343848148692158
0.928207644226105
-1.9571813575641
-0.236639038102124
1.26561275144012
0.305735518138875
-0.971206171650023
1.26243853036099
-0.596967876849839
-0.647828108992912
0.647828108992912
0.0
-1.99090033352248
1.99090033352248
0.631603877574838
-2.27899675918749
1.95608797499052
-0.00295957523899851
-1.95981926131567
0.986118974875472
-1.28922691544031
0.000276064396147459
1.26694479194837
-0.928136269698489
-1.28118233452189
0.00468303955808808
0.673886116032882
0.0
-0.650000063102513
0.306394338204695
0.950901943386824
-0.307692137864075
-0.931364830872416
1.26336462782232
-1.9097429165827
1.27813903900786
0.60584973301248
1.64852167321125
-1.2756795964386
1.58437468981647
-0.955509439884727
0.646814346506854
0.975689985397619
-1.59055108345294
1.88695256340341
-0.92824331665593
0.928100567589729
-0.928100567589729
-1.26464956018705
0.619959741831333
-0.633755090111758
0.0137953482804247
0.00949140007822432
-0.555510091130702
1.7766880653573
-1.21782658453949
1.85648749787123
-1.8686862562154
1.26400552876589
1.27163485855266
-1.2731976672254
0.00503298990176918
0.620336568330721
0.647828108992912
-0.957402620032657
0.312712801676938
0.607496204506124
-0.294505648244718
-0.633212224917968
-0.295197432503345
1.26010891951563
-0.336465703073546
-0.940138797553454
0.640937044040399
0.943746297448535
-0.937125015128695
-0.0255679782034846
-0.350284086234464
-0.594190244197824
0.641514821732846
0.332175092807953
0.299551567250256
-0.954680193433705
0.0073005171905377
-0.0243635295758411
-0.609293157395779
0.63365668697162
0.647828108992912
-0.658280986478945
-0.623203809485587
0.0194205802399734
0.302715489018949
0.297523971835453
1.58983006840226
-0.9280053135321
0.0
-0.974206059113911
0.300624466292265
0.609092979168841
0.00845847600605027
0.616855688067025
0.034074844599072
0.631484732862019
0.29643717551458
-2.20421845761869
0.950168602410728
-0.346512934419103
0.0217103485843647
-0.625981570392331
0.000615553816341612
1.27629654924209
0.600503531457889
0.0312193806635832
-1.28572081207578
0.943724783295652
-0.289726883341345
-0.647828108992912
-1.2400853420191
-0.583704101804033
1.85197647074055
-1.86032971802128
0.00835324728072625
0.292877467048118
0.647828108992912
0.0
0.598051359732732
0.023340185459904
-0.631484732862019
-1.27905561539927
1.25603829261439
-0.635053429813058
0.290037393958767
-0.327771636962869
0.325729522332434
-0.923951282393863
0.320793444805219
-1.21672209510624
0.942774251125091
0.273971675127646
-0.919540445223419
-0.629492468178657
1.9067841503959
-1.28265344478757
0.650930532666097
-1.25011543088993
-0.0252551625367142
0.309840748250195
0.965529845176448
-0.641162912316404
0.921459173419162
-0.341851202977918
-1.26561275144012
0.00747331420331862
0.623088233166135
-0.00646361766218416
0.641514821732846
-0.656099363742538
0.656099363742538
-0.355973420165722
-0.288149859775514
-0.00966882966443201
0.653792109605669
-0.951914464462411
0.911464245130236
-0.919854911592421
0.960305130924596
-0.322133941888851
-0.331863958065455
-0.615749633846378
0.324689820156443
1.55292800600769
0.0450699515535228
-0.953062002127341
0.625588191667879
0.327473810459462
-1.2741310519273
1.2741310519273
-0.671116566878188
1.27884358059244
-1.26951105745442
-0.603828707699947
0.94085823906323
-0.0790610566889915
-0.846977662717237
2.17898898300233
-2.19316675503967
0.00388267572578027
-0.0158237749637535
0.00092385494736648
1.88125480525418
-1.87023756096357
1.26497100382045
0.0
-0.040675809862676
0.313803427597138
0.337466007883518
-1.25681846569245
0.615303643959603
0.641514821732846
0.289941066342431
-1.2382082904741
-1.5431409875013
1.23691034539623
0.306087708130712
0.62143601189589
-0.641860898987766
1.27691210305843
-1.25011543088993
-0.0170950833540051
1.26721051424393
0.92807676068203
-2.20590958519979
1.27783282451776
0.928064855577013
-0.296460978002175
-0.0368366671852713
0.283634315855423
0.645485245429626
-0.977250757284843
0.667101006022695
-0.638774223563244
-0.641194883836665
0.600167000764625
-0.588333979491663
1.25281653891409
-0.625057715444964
-0.318390968615091
0.943448684060055
-1.56979380093659
-0.623777245539215
1.87041241672994
-1.87925140138518
1.2741310519273
-0.67420334535471
-0.604241563112768
1.56811223323593
-1.57024372351043
-0.00121052203580986
2.20976840977887
-1.26302469481342
0.00162259369346273
-0.929292251743908
0.918528562446445
-0.919175664342119
1.26335996575846
-0.346829621801842
0.95469991416529
-0.932771745171963
-0.303528468942307
-0.00662128231984056
0.285285205717297
0.953710669749607
-0.00573595744110389
0.329927555743351
-0.620912459226288
-1.58688876196725
-0.677049717259838
1.95671466875489
0.631603877574838
-0.631603877574838
-1.33183279321028
1.63453909269325
-0.302706299482969
-1.25079323178312
-0.706172601975521
2.26711558502078
0.297002547868088
-0.298457205752363
-0.308695093377873
0.928646914865933
-1.57647502385884
0.647828108992912
0.0
0.602160774218882
0.0294431033559565
-0.631603877574838
0.60599511513184
-1.87384211059746
1.26784699546562
-1.33208379564767
0.0521146882477575
1.27996910739991
1.96517850602547
-1.56714953207548
1.26141401393661
-0.0248967734169673
0.0248967734169673
-1.33183279321028
1.93941636863336
-0.311158319343071
-0.296425256080007
-1.27506123827443
1.91236426856089
-0.324260922389818
-1.3286556176808
-0.00713602659791659
1.02856783380652
-0.661012448564001
0.00361489715154341
-1.30001979456452
1.30341944602267
0.653997899954306
-1.26911549831915
1.26911549831915
-1.26974753380068
0.318006845351688
1.55178851729648
0.00536477011844998
-1.28164990929793
0.0444765600845037
-1.3255061750847
1.95726692533219
-1.26625298550267
1.26625298550267
-0.945928484967921
1.54942949416855
-3.71515115019016
3.11165014098953
0.607583575423078
-0.00753574657558888
-0.600047828847489
0.0
-0.674816016375726
1.27667705622635
-0.601861039850621
0.0
-1.95711642129025
0.989127133544534
0.310769655242793
-1.29989678878733
1.30618588862415
0.956666050804972
0.325987393982597
-0.000238179259453034
-2.253992939397
2.55912828930195
0.0054476127127723
-0.607008218697723
0.0
0.307223810472201
-1.63880536894295
1.63581137695384
-1.58510935418197
1.88874982806232
-0.948330292236073
-1.30990892110291
2.28185365383755
-0.0239011574389411
-1.28508775269924
-0.583584150818509
1.26108832809467
0.0
0.0
0.604827434990186
-0.604827434990186
-1.28027292289518
1.28027292289518
-1.35417946157628
1.65688576105925
-0.302706299482969
-1.95721676658912
1.95721676658912
-1.33183279321028
1.33183279321028
0.631603877574838
-2.27994992216341
1.64834604458857
-1.35858501211229
0.33715320490369
0.35136100447967
-0.292241311029387
0.225404975084389
1.95824470054404
-1.27163485855266
-0.99522956146437
2.25631874937982
-0.299604080624931
-1.33183279321028
0.993104708347992
0.338979087299673
-1.27037810113808
-0.0788858226300609
1.95394465121765
-0.00616366399842063
-0.598517063451088
0.0
-1.33208379564767
1.01572117358057
-0.946350241795699
0.618023045507071
1.24397453973452
-0.599284721378799
-0.644689818355719
0.644689818355719
0.605266557143116
-0.301036738660022
0.302345188859061
-1.27729290209538
0.329937113349274
0.340780781403949
0.0
-0.0431473815434035
-0.920105665970473
0.315047251210423
-0.00272473636264379
-0.378126168318181
1.02905670098428
0.595083903914623
-1.23659872564747
-0.629178014648248
-0.686323202503761
2.85307189371949
-0.303205342674624
0.00765301929787444
-1.85864296869469
1.2581394372368
-1.2597816631569
1.2597816631569
-0.628429921750822
1.23369647889394
0.957747193348254
0.600199909022307
-0.600199909022307
0.273971675127646
-1.3030136821095
-0.24725454226023
1.22785712459002
0.976385168587519
-1.8752757476494
1.25747975497609
-0.714311638533215
0.709897405409942
0.00441423312327331
-0.310149751262148
-1.9567397957153
1.9567397957153
-0.975738608984508
-0.290194448235176
0.914641456748347
0.351291600471337
-0.345195014527223
0.949139685923464
-1.86568398089806
1.26173930950182
-1.27813903900786
0.627208506341765
-0.378428882082657
0.366549185147182
0.0377525141566087
1.22586415493204
0.00358037036212579
-0.011536297689191
0.0127079631422273
-1.24386072561574
0.6383022503135
-0.403290693946131
1.03489457152097
-1.95688406506294
0.652460304097669
0.672819883390433
0.927921908376599
-1.25710164499598
-0.943706087818493
0.625057715444964
-0.684004684217371
2.25993336080001
-1.59892898665531
-0.661255376582082
2.26011292930251
-2.5749707115614
2.57526809181148
-0.332140277908152
-0.999668754531851
1.00215348021491
0.972487241144015
-1.36306020725149
0.101320897749664
-0.392243930483642
1.65398323998547
-1.02875951053814
-0.928130998117111
0.695802180560573
0.930009888253375
-0.370021932628257
1.62946252588553
-0.928362153415973
-0.652261987658087
-0.311915669620319
0.970665361039046
-1.27721935732631
1.27721935732631
-1.27936045441692
1.88550078767246
-0.606140333255544
0.0
-0.653997899954306
0.0158542437284608
0.638143656225846
0.0
0.0
0.0
-0.346700714183003
0.952404900709643
-0.60570418652664
-1.27226106209838
-0.377405636084671
0.686503497025363
0.963163201157683
-0.653997899954306
0.0174371002055114
-0.392522067884208
1.029082867633
0.0
-0.650930532666097
0.650930532666097
-1.33158155847075
1.33158155847075
0.307223810472201
-2.26406409077747
0.592223324790103
2.29281270673438
0.000296996055253689
-0.928492747274466
-0.668692029622056
1.5969710088258
-2.20241003113104
-0.6828598855551
2.25999807761445
0.328715771989423
-0.000238179259453034
-0.0243324337317833
-0.607152299130236
0.631603877574838
-1.28871706206105
0.337678357730764
0.631484732862019
-1.60604784316761
0.323632577639489
-0.020584638133568
1.30299990366168
-1.90747298097308
1.55343174650573
-1.54782159953275
1.22573295622514
-0.609352755041367
-0.607741409547517
1.21734812489555
0.0443911846062782
0.0
-0.343970197573756
-0.684417957276207
-0.244497669587913
1.58158091781575
-0.947784052184129
0.622864727388182
-0.0203671083364699
0.668195217329382
-0.653025580627937
0.652906435915118
-0.631484732862019
-1.27069283638109
0.0122241582104391
0.00767544638753999
0.287122702893967
-0.290152036315429
0.924029992852982
-0.311722249381251
1.26497100382045
-0.651255932929141
-0.614356818510976
-0.0131376822331514
0.927795385863725
-0.915297937693124
0.918028752319538
-0.903245111319837
1.85348033877125
-0.294787183796088
-0.307223810472201
-0.343883285314736
-0.298505131860939
1.57045327275269
-0.644582712023947
0.644773061716533
-0.960228484089806
-0.312526638007881
-0.964539918401713
-1.27813903900786
0.0239819585216576
1.24450766306822
-1.86791175043444
0.304395877235384
0.936014516136717
-1.24256851242398
-0.628631735094954
0.941810824931618
-0.92824331665593
1.56026518215208
-0.00744345177917851
-0.953636832149067
-0.603560651390514
1.55565571836934
0.622219797931134
-1.21391706991534
0.619308498921096
-0.63057948286254
-0.344855650149414
0.306703285978828
-0.00234717703763633
-1.28563564468412
0.693031729589269
0.625380688852116
-0.613504520108222
0.610291948688876
-0.00941571093325083
-0.309842507811534
-0.311800582526535
2.2006503836862
-2.20804586808194
1.91157298497475
-0.335178621494831
-1.55024782128458
0.611850456840476
0.651186150789594
-0.678243470205339
0.352497665682793
0.702068047262818
-0.0766754038090625
-1.5544717158592
0.911746979337315
1.27145192865145
-2.19141063869084
1.57173170100794
-0.312261564586516
-1.26523245667616
1.54615925974332
-0.915662582172022
-0.00638756804221943
0.644689818355719
-1.2581394372368
1.2581394372368
1.26166447038951
-1.26261418255361
1.26943170000509
-1.276604500627
1.58675425188915
-1.28148479596453
0.295864313824663
0.341179719617076
-0.944459422412622
0.653692718228303
-0.0289401845093419
0.00616979096139467
1.2738202801513
-0.645000623052162
0.0199429076071975
-0.00670303480252105
0.631760750247485
0.0
0.927945743935455
-0.964486590135243
0.0365408461997885
0.0
-0.61863069802791
-0.00525645900111914
-0.0111640470416331
-0.626362809865945
1.82589737804701
-0.271326923954964
-0.293156440155442
-0.647828108992912
-0.0180113392645667
0.030788244186816
1.49950423511742
0.291203055378504
0.343848148692158
-0.645232963491014
-0.628898088436284
0.635828801613798
0.297521468909551
-0.0111472839323346
-0.944905746752569
1.5554441717568
-1.563249744499
1.276604500627
-0.628429921750822
-0.627725639786341
1.8601002329334
-1.86438045322311
0.602347964907955
0.614309583383052
-0.287586836934837
-0.293692644974266
0.303090452756515
-0.0286786952895076
-0.914003602209096
1.22303030725673
0.0416192529303241
-0.0343625226026107
-0.610327295753109
0.954839569617867
-0.94520095533281
0.635051204070662
-1.27966495149505
0.297666673040688
1.89682777251372
-1.57575001736951
1.27978876052269
-3.70121752829668
3.0692568767669
0.0
-1.27966495149505
0.292608406177241
-1.27311029001248
-0.288264996271074
0.958617128844165
-0.0193266550912589
0.650930532666097
-1.28253441024094
-0.609505249160772
-0.00931175197381511
-0.00313829063719219
1.87668277825852
-0.60379695382064
-0.663855501769421
0.630351234554951
0.0335042672144694
0.0
-0.0462708862400523
-0.607727013714254
-0.596117530935623
0.615064226819267
1.56329452072659
-1.27703118968716
-1.24268906016271
0.301086943723469
-0.304299515142816
0.944221121215816
-0.0286631573736514
0.653866846832708
-0.927909988942026
0.601560605984951
-1.33008635173223
0.0967649954997972
1.23540981679969
-1.86145886304821
1.86190201616399
-0.638167064267067
-1.24710748992282
1.28118233452189
0.603501009200624
-0.603501009200624
-1.95714151109263
2.56371651843478
-0.329500226476153
0.0330749703961457
-1.56026518215208
1.85331981356989
-0.60320438267996
-0.650930532666097
-0.623510935666311
0.620443568378102
-1.27905561539927
1.91054034826129
-1.28548263281633
0.653997899954306
0.0
-1.28118233452189
1.28118233452189
-1.65863992806694
2.25746460421639
-1.87139829915362
0.609525020181461
1.26802257835576
0.323423807530178
-2.58543297635402
1.65703519329078
0.0
0.0
0.607296218489006
-1.87065618424747
-0.607152299130236
0.631484732862019
0.296496756139058
-1.65800244148688
0.689717943979286
0.040303008506514
-1.33158155847075
1.33158155847075
0.305735518138875
-0.305735518138875
-0.653997899954306
0.653997899954306
0.0
-0.673018689549981
0.673018689549981
0.301164534312732
-0.301164534312732
0.0
0.0
0.9280053135321
-2.88512173482235
2.26134623977334
-0.958227718437401
-0.677583658516444
1.96330447059222
-0.0279259583008324
0.324172621261313
-1.58538433308459
0.00958664900972786
-1.30921302897353
1.95704113796644
0.310149751262148
-0.310149751262148
0.604533852529969
-2.56205143265068
0.624932474789138
0.0824696744416467
-0.0814661275808214
-1.84623673206488
2.52688775786953
-0.674801501061005
0.921940282580444
0.711015561618859
-0.307223810472201
0.0
0.310149751262148
-1.58428080318945
-0.0579527437203684
0.0570225573732362
1.27506123827443
-0.650930532666097
0.650930532666097
0.0
-1.95724184711916
2.26593694049703
0.971203958160072
-2.25306452999572
2.55850031376634
-0.601861039850621
0.0
-0.644689818355719
-1.3119745894998
1.31001010170968
-0.678381090195033
1.32503539634088
0.0
0.0
0.0
0.0
0.0
0.0
-1.27966495149505
1.57254757413206
-0.292882622637012
0.0608887220896561
1.56871731616968
-0.298024479788584
0.928243316655931
-1.27339031542976
0.0158313128420404
-0.944193466258013
-0.375137900505774
0.671392075214137
0.977254977481438
-1.957567683317
0.306563405740567
-0.306988909952321
1.95799318752875
-1.95714151109263
1.25740178932734
0.69973972176529
0.592850512160014
-1.31738708688129
0.67872639151306
0.0458101832082169
-0.334419158453745
-0.943107105764142
0.00936158689425411
1.89988758944511
-2.58903998693037
0.993335774143751
0.300755498657303
0.663225802007846
-1.26043578182687
-0.0102570545542254
0.619762303714997
0.650930532666097
-0.334540067093572
-0.94359897191429
0.945732390835838
0.332406648172023
0.0
-0.351803910106955
1.27990447769668
-1.95692744680735
1.33305669770072
-2.26187263925963
1.31934057046304
0.6383022503135
0.0
0.0
-0.349045383639563
-0.932136950882325
-1.27752626421789
1.23345970838231
0.972059957653304
-1.57582151081064
1.27978876052269
-0.0322175230683528
-0.599743128461427
0.305735518138875
-2.26265113748437
1.95691561934549
0.277134322910916
-1.55861911887545
0.630554263298435
-0.0490471482298146
-0.625183361879371
1.29487053771989
0.0302905050553974
-1.33183279321028
2.2600285444295
-0.619500657841339
-0.308695093377873
-1.33208379564767
1.33208379564767
0.0
0.928302748748308
-0.328102839726001
-1.2511304416884
0.650930532666097
-1.27905561539927
1.8755550774703
0.00920472445560955
-1.284419545418
-0.578103106801093
1.2062397427778
-0.587723527398853
0.946997343691373
-0.308695093377873
0.600503531457889
-1.86289226499359
1.26943170000509
-0.338412471572967
0.944116658099607
-0.952404900709643
-0.932964237312045
1.58836004487292
0.286546865624759
0.332858608587097
-1.58209846754404
1.25735068132852
-0.603352781374217
-1.95711642129025
1.95711642129025
0.607152299130236
-2.56381670698576
1.95666440785552
0.0
-0.962736073175728
1.89102693770035
-2.18544017622596
0.28073474073513
0.309004047888238
-1.25747975497609
0.950255944503887
-0.647828108992912
0.647828108992912
0.0
-1.27598824811106
1.27598824811106
-0.653997899954306
0.00563267012923633
0.64836522982507
-0.644689818355719
1.240404781637
-2.24275689576077
1.64704193247949
-1.33158155847075
0.0653285729680846
1.87383656092574
0.0241393366983942
-1.29942368505577
0.667700772934295
-0.66624652460006
-0.0619372020580153
1.32762143183742
-2.55627798548462
0.981709644371443
0.975130635933824
-0.328825841125891
0.624605743820769
1.63479009513064
0.296731405696378
0.00524302227016056
0.00131438768233213
-0.304830580819108
0.296114674860578
-0.921670911077508
-0.934076976266457
1.25846867817066
0.299604080624931
-0.299604080624931
-1.95689050865525
1.95689050865525
0.600655074563102
-1.63052978119681
1.63426151648292
-0.604386809849205
0.0
-0.343706722193896
0.950426295360353
-1.58673737337561
0.980017800209156
-1.64824563433527
1.00355581597955
0.597700137099136
-1.90992593808891
1.60562401887415
0.652456134784069
-0.624230191182344
-0.324762452123299
0.647828108992912
-1.25011543088993
-0.0208917762462639
1.27100720713619
-0.968905864137123
0.968905864137123
-0.664673914611442
1.5813548623995
-0.307223810472201
0.631484732862019
-0.631484732862019
-0.671799048027038
-0.014406055212218
1.29278011058141
-1.87442200280778
1.26784699546562
-1.95706623472758
1.95706623472758
-0.651694080783228
0.960389174161101
0.288116834509209
-1.87218252131373
1.27537059342664
0.928243316655931
-0.330653526263191
-0.637371241191157
-0.936373807114792
-0.295344499075799
0.0123707812879684
1.25515816010883
-1.28057639874198
1.28057639874198
-0.644689818355719
0.644689818355719
0.0
0.0
-0.0280781119993718
0.956023855934826
-0.32385352426746
-0.658267721364009
0.685660234558032
-1.27970581291469
-0.683611713157613
1.93279041985862
-1.5812188266215
1.58538154943105
-1.93080847311167
0.697258201902963
-0.0186378458736382
-0.381804226199798
1.02887199382426
0.598670961679831
0.00483004752079306
-0.00498394574953647
-1.23356826752175
-0.644917903329246
1.95706623472758
0.0
-0.0454854850279082
-0.305331121937685
0.982658443671054
-1.89745458814558
2.19387984422558
-0.928267092785467
-0.940455843625359
0.631760750247485
0.675926323365202
-1.95406536237306
-0.678726356634121
0.683045115490687
1.2738202801513
0.0
0.928088664686201
-0.928088664686201
0.0
0.0
-0.647816658230274
0.647816658230274
0.304229818483094
-1.58389476997814
1.27966495149505
-1.33183279321028
0.000251234739532854
1.92994453949409
-0.598362981023343
-1.35757189887266
0.0958325893708332
0.589040480274122
0.672698829227701
0.927969575081953
-0.927969575081953
-1.27752626421789
2.20543625315991
0.000107235202379089
-2.29096079222509
0.662463650007856
1.30691019706583
-1.63562782584419
1.02919754685119
1.64659004445316
0.310149751262148
-0.360273844441166
-0.600806439487079
1.57906680236459
-2.20596909421625
1.27783282451776
-1.95681516264467
0.00062747731856256
1.31680272232369
0.639911946431191
0.0
-0.331078439841299
1.2594287145165
-1.58234817462951
-0.324018312298095
1.58122059493236
0.67976687710659
0.308451127177694
-0.906751876703463
-0.0316714898878586
-0.675078474864196
0.6250326024317
0.928219536134386
-1.26717383635123
0.946824592580293
-1.25880082502955
0.650930532666097
0.0
0.928041042063624
-1.2625811091572
-0.997292726116711
0.000251234739532854
-0.0265657859336834
1.35814734440443
-1.45600811683576
0.820956912765096
-0.634696329730022
1.26974753380068
0.0
0.928041042063624
-1.89088023215241
1.59444306766362
-1.30552050598918
0.0260885194214275
0.647828108992912
-0.334431073475551
0.334431073475551
0.0
-1.25549103460387
-0.619953435208575
0.912698000110328
0.010489072218656
-0.303898164053705
1.56630531279931
-1.57383269042776
1.86327344656232
-0.599590507396708
-1.25011543088993
0.0
0.588581604624972
0.661533826264956
-0.679723110844152
0.679723110844152
-0.0220372484245262
0.0298997103968644
-1.25011543088993
-0.0301574920052503
0.000303815495270844
1.23559593214979
-1.22955580150256
0.631603877574838
1.22421573984173
-1.8690641522851
0.612429433092367
0.630406669751102
-1.2551557335236
1.58582934770074
-0.306975795438131
1.25236196152288
0.621643090338069
-0.308695093377873
-0.332241950662526
0.2887277502595
0.0276348718075911
-0.607538145504558
-0.0227136563512334
-0.675883900205692
0.706950803837652
0.596117530935623
0.018946695883644
0.635051204070662
0.0
0.939965679627781
0.0
-0.631760750247485
0.631760750247485
-1.27288582443788
-0.307159736794831
0.283589886930428
0.966525543959502
0.625057715444964
-1.25146934450296
0.281626671679504
0.96984267282346
-0.653997899954306
-0.297266362720153
1.55812823950498
-0.606863976830518
-1.25011543088993
-0.0109728972047458
0.296990924320264
0.964097403774411
0.0
-1.2597816631569
1.5670054736291
-0.346063895815441
-0.59946216497026
1.2375869716923
-1.24711283037171
-0.608990356699538
0.601628689338873
1.09147163976703
-0.436281863413451
-1.27905561539927
1.24870499087061
0.0303506245286604
-0.321812682141621
-0.959672113822911
0.00212434154761304
0.641848833672608
0.637511620744311
-1.25011543088993
1.27537059342664
-1.27813903900786
-1.8552326909234
-0.02370369901331
0.629698155224976
-0.602287321897017
0.91903699104863
0.331078439841299
-0.0525675516427542
0.919326125745743
-1.20957003001997
-0.606277902872142
1.55259036798975
-1.25443154186672
0.015879328595435
-0.0127769049222494
0.630066612036953
-1.2472095068645
0.629919799749793
0.939281022553757
-1.55872100253971
0.606518351864514
0.647972832192097
0.653997899954306
0.927957660060146
-2.18278253698814
1.55905469541109
-0.966653299790464
1.29402735888221
-1.90229671395593
0.632390586067594
-0.636758987960929
1.8781170509979
-0.649901413547538
-1.23098722369369
1.27783282451776
-1.90738761496811
1.90738761496811
-0.653997899954306
0.96269299333218
-0.308695093377873
-0.962423871742019
0.296829263571765
0.640187390644264
-0.646684158219992
0.332771158315445
0.335857360564416
0.928195751219213
-2.2044923004613
0.925234335660541
0.956766400108186
-0.946963924622948
-0.290501012151178
-0.396961821323413
0.328744890674987
0.349808216970002
0.350169463925909
-0.6383022503135
0.305545312807176
-0.944155165552104
0.622914203104122
-0.00243902229888258
0.0181346719396886
-0.00952585867941162
-0.616177419772983
0.2987846866014
0.965220842164495
0.302706299482969
-0.357137370078036
0.350856326675074
0.335297656041465
-1.89150457527837
0.618266841424051
-0.0261445974444747
-0.582456011712608
-0.00835324728072627
0.616953856437809
0.304048813849328
-0.920343788612482
1.5475962108687
-0.618920097100901
1.8594841099711
-0.597744800469279
-0.66910458909644
0.000163436054806111
0.0149432530873282
0.653997899954306
-0.631760750247485
1.55981369961843
-0.928052949370946
-1.27598824811106
0.637685997797562
-0.0365580736157401
-0.605716074812737
0.0
1.912061131604
-1.88160016375195
1.85581961741657
-0.295554435264492
-0.650754049782859
-0.911202471901011
-0.928171961908785
2.20560302489992
0.327301407871286
-0.332650362177423
-0.625366016575989
2.20443281894058
-2.20504837275692
0.61797150531223
1.29066350986767
-0.0364809531188403
0.0425129447095073
0.917928419750901
-1.26157665449947
1.27740104357141
0.0
0.0
0.0
0.283719839065594
-1.64741328454533
1.96910604444567
0.0
0.0
-1.2741310519273
-0.00278105113113074
1.90851598063327
-0.631603877574838
0.307223810472201
-2.26411431912745
1.95689050865525
-1.02907156288449
1.33629537335669
-0.317253899343028
0.602880601030842
0.597123637126568
-0.597123637126568
-0.647828108992912
0.647828108992912
-1.26108832809467
1.26108832809467
-0.650930532666097
-0.00306736728820903
0.653997899954306
0.0
0.0
0.0
-1.27288582443788
-0.684356022681285
0.625409053908878
1.33183279321028
0.0
-1.27163485855266
1.27163485855266
-0.672656732797325
0.672656732797325
0.607008218697723
-1.88113927062502
0.639079847856635
1.23585764355774
-1.63353692507424
1.33696030407026
-0.304229818483094
0.0
0.274102667635422
-0.274102667635422
-0.653997899954306
0.61332209009163
-0.684255686654754
-0.303825374082207
-0.296504647467507
-0.631955248521977
1.95721676658912
0.927969575081953
-0.927969575081953
-0.319734828372949
-2.56343424192134
0.974833953415284
0.981880715339601
0.600957626648334
0.0305271062136846
-1.32551254371541
1.95699727657743
-1.60130408899978
1.56315172482919
-1.55669176961909
0.963359400927653
0.0
-0.657264924637984
-0.308947698114891
-0.311926416254987
0.6430878349372
1.56311605964768
-1.56311605964768
-0.280545922067855
-0.324200103267727
-0.927943674170201
0.0020283465479994
0.607439977133775
0.00437320344265438
0.314530418810776
-0.28576079049052
1.22172954188412
1.77173457810449
-0.596117530935623
-0.00966623226696886
1.2597816631569
0.640628392367933
0.909201472317835
-0.921978377240084
-0.602287321897017
1.25011543088993
-1.5275307793051
1.25348763719579
0.600503531457889
0.00679268703111726
-0.939300884159821
0.332004665670815
0.0
-0.650930532666097
-0.620390681580515
-0.00435838219198372
0.00751491911496254
1.26816467732363
0.0
-0.660953934054642
1.29255781162948
-0.631603877574838
-1.28118233452189
1.59133208578404
0.293054631417812
-1.27978825129682
0.676583868616856
0.0
-1.33158155847075
1.63428785795372
-2.25962191882846
0.676946511945583
1.27996910739991
0.0
0.305735518138875
-0.305735518138875
0.0
0.604973975533058
-0.647097897999329
-0.0074871676388295
0.00462216578160782
-0.330966561955264
0.332712159588664
-0.606719573166457
0.310149751262148
-0.0044142331232733
-0.305735518138875
0.0
0.0
-0.0365913397545433
-0.615726020838033
0.956003791362949
-0.675949426063898
-0.583176538424706
1.86395339947879
-1.25882533494449
1.25853175248428
-1.23296377428079
-0.0255679782034846
-0.615433800050786
-0.687257839463342
2.56355351629895
-2.56350325074623
1.95663927391572
0.302706299482969
0.303288815648871
-0.307970635343257
-0.316941861978004
-1.93817394697929
1.95709132916871
-0.32082789696187
-0.649424833010317
0.31932219730609
-0.622578619523704
0.327379368639678
1.57773366112496
-0.0278069237541987
0.00292594078994703
-0.310149751262148
-0.957425749714852
1.56107481626706
-0.00223894083338301
-1.25540802567313
