0.00238451127059315
-0.238355329957082
0.238355329957082
-0.0
-0.00402343518569805
-0.00821084512922524
0.0122342803149233
0.00340029610037333
-0.246880260515167
0.243428111686915
0.417865456336535
0.000131011206903543
-0.661424579230354
0.243479964414794
-0.0
-0.0
-0.00424435592046879
0.0059580973695612
-0.0
-0.000676820249637328
0.411896716253504
-0.411896716253504
0.00184443056321182
0.000521155852154034
-0.00236558641536584
0.243356159001943
-0.0
-0.00239992535725697
0.00239992535725701
-0.0
-0.0
0.00026545726887189
-0.00378573065285988
0.0022355367588454
0.414777843071374
-0.414777843071374
-0.00296555998041254
0.00296555998041253
-0.244800671845286
0.244800671845286
-0.0
0.419762019429141
0.1724518099297
0.242314254145964
0.0033877928921429
-0.416248290904267
-0.00451121160914217
-0.241368073910513
0.244883631408096
0.00649765540451778
-0.00202290784737255
0.242175462392602
-0.248605314033725
0.163116013400253
-0.166224923803476
0.00340029610037333
-0.00340029610037333
0.00288420003374387
-0.00105787520528551
-0.0
-0.0
-0.0
0.00210532782530228
-0.244280790217904
0.241773514281546
-0.662337164927618
0.244162828420203
0.000728258887742681
0.412981070544408
0.00378573065285987
-0.00670049529670449
0.0029147646438446
-0.0
-0.0
-0.243479964414794
-0.245949350511019
0.245949350511019
-0.0
0.174186260936166
-0.175088126141942
0.000901865205776055
-0.0
-0.00335904889417566
0.417474487449181
0.00538884600621769
-0.664559573429229
0.000132811486289203
-0.0001328114862892
-0.0
-0.249701643403166
0.249701643403166
0.00246938609622538
-0.246383563332078
0.244800671845286
-0.243974717027891
-0.00261560665486845
-0.00732768867906025
0.00822955388483633
-0.0
0.00184078172208415
-0.408778673191976
0.41097050122721
-0.414503506100234
-0.00416977290411015
-0.0031370432199813
-0.000917542554576773
-0.237283681994734
0.242465416025032
-0.00112714825574023
0.40970488821827
-0.00468136438552504
0.00813706468263339
0.418530671723805
-0.0
-0.249931156652793
0.415079298655775
-0.419370516610775
-0.0
0.000397937760716979
0.000922769669775434
-0.661162395174054
0.244800671845286
0.414115438555005
-0.00436954623034716
0.249045027765755
-0.0
0.244800671845286
-0.669984808250942
0.0937540738473008
0.331430062558355
-0.433596053054452
0.0105774946151852
0.912885359398711
-1.34308274835477
0.256365153246212
0.852985741911898
-0.256134947762783
0.766435705127403
-0.766435705127403
-0.0
-0.887491030558118
1.38416126971881
-1.30058444564275
1.29768532307674
-0.24128163159897
-0.252489484995713
-0.599900541150423
0.599900541150423
0.502005321453442
-0.502005321453442
-0.0
-0.00364055886993557
-0.0
-0.243479964414794
-0.0
0.416361723328768
-0.00446500707526439
0.00565437961450446
-0.00118937253924005
-0.237774263211228
0.239086817918972
-0.414115438555005
-0.0
-0.0
-0.0
0.00145188027988838
0.000653447545413897
0.000390149358753959
-0.00026545726887189
0.240886772905718
0.0042974793230075
-0.246472941715609
-0.0
-0.00128868948688387
0.230576022749365
0.00980018500794775
-0.00766780653584215
0.00118056762567894
-0.490527558716866
0.244800671845286
0.247943233077741
-0.252429164097102
-0.496475907423304
0.502670800241746
-0.00606208133215286
-0.0001328114862892
0.00236558641536585
-0.247166258260652
0.244800671845286
0.0108553760944515
0.333716507260423
0.233466395927789
-0.489601343690573
0.766337337632461
-0.268430856857026
0.00350589111562683
-0.91777409521983
0.416361723328768
-0.340854900487719
-0.491868546169818
0.0121671946339268
-0.674894960376253
0.939846879309439
-1.08886893580988
1.08838994023581
-0.976652110435224
0.457593621328503
1.31619345247864
-0.0479227910120048
0.164710837507705
-0.0477675981666542
0.601258081681869
-1.59100830207528
0.756860048887692
-0.163187935851275
-0.295086872515074
-0.200641821595457
0.343587930644915
-8.16046715612526e-05
0.416969242591098
0.563680289421905
-0.563680289421905
-0.417055864676069
0.192227247214328
0.715067905624642
0.164013472929926
-0.756414773488095
0.347453750152636
0.409011221525311
-0.511623475955439
-0.660768641730725
-0.931931999197954
0.931931999197954
0.286846306791098
-0.409176453602574
0.122330146811476
0.53924834055121
-0.210923279215004
0.16156722946511
-0.489892290801315
0.312434275688415
-0.0
-0.364017778005377
-0.226926716089799
0.590944494095176
0.251246013733491
0.249090643270904
-0.500336657004395
-0.0
-0.355913891468742
0.845515235159315
-0.489601343690573
-0.0
0.252489484995713
-0.441284866204878
0.679454600105024
-0.234524271133075
-0.691774227064417
0.688128764297347
-0.196484194359592
0.192709280148734
0.517622766847607
-1.11107860612203
-0.0846977371421122
0.429439005631684
-0.0
-0.852204061156983
0.502199568705545
0.845549688510992
-0.00594385236898136
-0.840524137757374
0.40488485845574
-0.646129195121657
0.592167130732719
0.0665827852513061
0.253718580545527
0.00241636721725639
-0.854618965694364
0.598484017931581
0.500935619608069
-0.863943771322621
0.860545267042782
-0.000618475164470204
0.489866800959445
0.276470536673017
-0.275153102455097
-0.00039351894755187
-0.490790716229813
-0.347088437787113
0.836689781477686
0.489601343690573
-0.489601343690573
-0.591196323961678
1.08711785875385
-0.674583958865118
0.434797371835735
0.34130163921022
-0.0
-0.0
-0.459987394137095
0.454403296344613
1.12575771354172
-1.1871542262794
0.922357957065381
-0.678127072824541
-0.676418176477576
1.34261536633134
-0.925240622992207
-0.0
-0.413081386676379
0.500512717945535
-0.489601343690573
-0.090662340960816
-1.38101581533143
-0.0
-0.0413171538636857
-1.11516748618168
0.706629074885497
-1.59562921311381
1.54386749907639
-0.0
-0.431529475144692
-0.354452571864074
0.845111790759932
-0.398926999936193
-0.264421678541187
0.668562770697923
0.438059398942445
-0.85310041484072
0.176685685941194
-0.165953903777517
0.834128796547278
0.00103345242378027
-0.248329601453123
0.00132070743049241
-1.1336124098339
1.1336124098339
-0.246121379275779
0.501412371891062
-0.245277424128279
-0.256134947762783
-0.580131496541153
-0.252591950116383
0.49031914382464
-0.0062820421988484
0.348686345031744
-0.0
-1.30348505626724
1.30348505626724
-1.04740029313836
1.54665023968345
-0.243114998782298
-0.256134947762783
0.601688881786455
-0.246121379275779
-0.852204061156983
0.0194806144994463
0.488699478484797
0.415828394945843
-0.673014621737506
0.247978672783406
0.847766586357024
-1.33564987817852
0.912108149590537
-0.48735505891681
-0.162643142783241
-0.253718580545527
-0.0
-0.169878688248316
0.00795929163419649
-0.495165585755353
0.00220519317060493
0.258292677875676
0.417563042110051
-0.416587611676592
0.237862057179723
-0.00416977290411015
0.489601343690573
0.00459950937389381
-0.00889081908510953
0.00429130971121572
0.230564880010256
0.0119289033087724
-0.239260697748757
-0.00680610846441523
-0.231511141368742
0.23358441110259
0.0114627900914468
-0.0026938672083868
0.83385007708668
0.00210532782530228
-0.00210532782530228
-0.832723446657536
-0.019830096221423
-0.0
-0.243479964414794
0.243479964414794
0.00171374144909238
-0.679528483143328
0.688670117788687
-0.00901094553123969
0.00816764471694492
-0.862418967191909
0.431363292696598
0.421043599215154
-0.489601343690573
0.244800671845286
-0.596331273720423
0.00023304036369359
0.41929705020965
-0.413746801117854
-0.0117320054292837
0.416361723328768
0.000901865205776055
-0.0
0.000132811486289203
-0.0001328114862892
-0.248602916056715
0.419238390196927
-0.00468538930719656
-0.00284079170336719
0.00269221249400673
-0.0
-0.000676820249637328
-0.0
-0.0
-0.000451494863574153
-0.0
-0.0
0.00171374144909238
0.00882241307688809
-0.00446500707526441
-0.411896716253504
-0.00157532445321225
-0.0
-0.00433095802049744
0.00512534961893062
-0.000794391598433186
-0.0
-0.00103272968412887
-0.411174568680516
-0.00505434316196233
0.418464448601324
-0.00448182153260802
-0.416361723328768
-0.0
-0.489601343690573
0.489601343690573
0.000530253373251458
-0.00143211857902752
-0.0
-0.0
-0.0
-0.0
0.176655647032392
-0.170785964835793
-0.00340029610037333
-0.0
-0.0
-0.00946706117113096
0.00466141012171506
0.00480565104941589
0.00327150676790846
0.41309021656086
-0.416361723328768
-0.00446500707526439
0.0047304643441363
-0.00026545726887189
0.00262520945268447
-0.00375183988182849
0.00112663042914402
0.253623084922174
-0.0
-0.243479964414794
0.416361723328768
-0.415041015898276
-0.0
-0.00490550327097729
-0.000451494863574153
-0.00054010946783479
-0.24303221179429
0.660385539454467
-0.0
-0.0
-0.0
0.416361723328768
-0.413332635603631
-0.00302908772513676
-0.000451494863574153
0.411896716253504
-0.0
-0.00643884400643906
0.00643884400643908
-0.0
-0.00424435592046879
-0.00490550327097729
0.00490550327097729
-0.0
-0.0
0.414115438555005
-0.00441055033673584
-0.40970488821827
-0.0
-0.244800671845286
0.661162395174054
-0.416361723328768
-0.000225888347823553
0.000358699834112751
-0.0001328114862892
-0.0
-0.00202290784737255
0.00709203050448383
-0.0
-0.0
-0.0
-0.0
-0.0
-0.0
0.414115438555005
-0.658916110400292
0.244800671845286
0.40970488821827
-0.40970488821827
-0.0
-0.0
-0.0
-0.0
0.414115438555005
-0.416138346402378
-0.00111413537260875
0.00313704321998128
0.403284441025852
-0.403284441025852
0.00416977290411015
-0.00841412882457894
0.00424435592046881
-0.0
-0.0
-0.0
-0.0
-0.0
-0.0
-0.00578328945548926
0.00578328945548926
-0.0
-0.00989555331220393
0.0060933091007749
0.000443195317253391
0.00224628477376263
-0.00665683511049845
-0.40970488821827
-0.0
0.40753931025188
-0.40753931025188
-0.0
-0.41820615389198
-0.0
0.416361723328768
-0.416361723328768
0.244800671845286
-0.00179925463528882
0.00179925463528882
-0.0
-0.0
-0.00534492900100413
0.00534492900100414
-0.0
-0.0
-0.00620547358007134
0.00791921502916373
-0.00171374144909238
-0.0
0.424401677352839
0.00659996598426999
-0.0
-0.0
-0.489601343690573
-0.414115438555005
-0.244800671845286
0.244800671845286
-0.0
-0.001126630429144
-0.0
-0.0
-0.0
-0.0
-0.0
0.423803003000787
-0.423803003000787
-0.0
0.00391389893956834
-0.00391389893956835
0.00132063185045739
-0.000394416824163616
0.415435508302474
-0.00209359337437782
0.00677898268157437
-0.0
-0.243479964414794
-0.0
0.00210532782530228
-0.0
-0.000451494863574153
0.000451494863574151
0.00249547718405624
-0.00170108558562306
-0.00752618101056375
0.00752618101056375
0.172283199056469
0.245792265721392
-0.421434513672036
0.00335904889417569
-0.0
-0.0
-0.0
0.414115438555005
-0.414115438555005
-0.0
0.414115438555005
-0.414115438555005
-0.0
-0.0
-0.0
-0.00398403482020044
-0.483818054235083
0.489601343690573
0.244800671845286
-0.00731059875988104
-0.000878852757584051
0.00556424206478059
-0.0
0.658731533478344
-0.405399361028913
0.308225396295696
-0.309576512909994
0.00135111661429823
-0.0
-0.00246938609622537
0.00246938609622538
0.416361723328768
-0.65853718572137
0.242175462392602
-0.0
-0.0
-0.0
0.416361723328768
-0.242175462392602
-0.174186260936166
-0.0
0.000156009999509439
-0.00615808181552688
-0.0
-0.0
-0.0
0.414115438555005
-0.0
-0.000225888347823553
-0.245476648703239
0.245702537051062
0.162738638406594
-0.162738638406594
-0.00443036202635998
0.00352849682058392
0.41279858145928
-0.411896716253504
-0.0
-0.0
-0.0
-0.0
-0.0
-0.00774286599625054
0.179303917479732
-0.171561051483482
-0.0
0.00314256123245506
-0.00314256123245507
0.414115438555005
-0.414115438555005
-0.0
-0.00512534961893061
0.00512534961893062
-0.0
-0.0
-0.0
0.00224628477376263
-0.00189009636108334
0.00360383781017573
-0.00171374144909238
0.244800671845286
-0.0
0.000662404516368134
-0.000662404516368142
-0.0
-0.0
-0.0
-0.00301345911464937
0.243479964414794
-0.242175462392602
0.243758353879394
-0.00158289148679192
0.00262520945268447
0.17025654946129
-0.172881758913974
-0.0
-0.0
-0.0
-0.0
-0.0141255379859438
-0.416361723328768
0.242175462392602
0.243479964414794
-0.0083913673449588
-0.244606594843938
0.244606594843938
-0.0
-0.0
-0.0
0.00967482247019166
-0.00236558641536584
-0.0105363936719654
0.0105363936719654
-0.0
-0.0
0.00249547718405624
0.413866246144712
-0.00774286599625054
-0.489601343690573
0.489601343690573
-0.244800671845286
0.244800671845286
0.416361723328768
-0.415303848123483
-0.246310041914146
-0.0
-0.00063640793690418
-0.24284355647789
0.659841687743562
-0.412319810429183
-0.00404191289958483
-0.0
-0.0
-0.00860701865127922
0.00860701865127923
-0.0
-0.00090186520577607
0.000901865205776055
0.0022355367588454
-0.0022355367588454
-0.0
-0.0
-0.0
-0.0
-0.00135111661429822
0.411056004832568
-0.0
-0.0
-0.00224628477376262
0.00224628477376263
-0.0
-0.00512534961893061
-0.0156980051891753
-0.243479964414794
0.00130450202219207
0.242175462392602
0.0105363936719654
-0.0
0.0044250325248088
-0.00376262800844068
-0.000662404516368142
-0.0
-0.0
-0.0
-0.00224628477376262
0.00224628477376263
0.410052285690292
-0.411896716253504
0.411896716253504
0.00446500707526441
-0.00446500707526441
-0.411234311737136
-0.000662404516368142
-0.0
0.169314766709719
-0.170890091162931
0.00157532445321226
-0.0
-0.0
-0.0
-0.0
0.411896716253504
-0.411896716253504
-0.0
-0.0153754756743993
0.0153754756743993
3.87354587093175e-05
0.415830620643924
-0.420913883092986
-0.0
-0.00202290784737255
0.00202290784737254
-0.0
0.416361723328768
-0.418523682449523
0.00216195912075528
-0.0
0.414115438555005
-0.414115438555005
-0.00687456373273152
0.426120487095243
-0.419245923362512
0.00335904889417569
-0.0
-0.0
-0.00202290784737255
0.00202290784737254
-0.244800671845286
-0.246121379275779
0.244800671845286
-0.0
0.411896716253504
-0.409238404567583
-0.410631103244563
-0.0
-0.0
0.00133449756195279
0.414446650176088
-0.414446650176088
-0.0
0.00105787520528551
-0.00105787520528551
-0.24246209735893
0.240662842723641
0.00272546966158257
-0.623092892163422
-0.0
-0.0
-0.242175462392602
0.240152554545229
0.418384631176141
-0.413541711424434
-0.0028200119043343
-0.0
-0.0
0.414115438555005
-0.0014138825392881
0.173779773784983
-0.169314766709719
0.244800671845286
-0.00224628477376262
0.414143001027266
-0.411896716253504
-0.0
-0.00380224421142904
0.00147077432507428
7.13949811317565e-05
-0.00090186520577607
0.170623119066678
-0.181108583686365
-0.233413342019823
-0.0
-0.0
0.000926215026293752
-0.00246938609622537
-0.487357845942171
0.489827232038396
0.40970488821827
0.41946036755601
0.00644534188820445
-0.42056078044321
-0.0
-0.0
0.414115438555005
-0.414115438555005
-0.00968143416472472
0.00968143416472471
-0.0
-0.0055642420647806
0.421925965393549
-0.416361723328768
-0.00546670307596054
0.00546670307596054
-0.0
-0.244800671845286
0.247166258260652
-0.00594636875108125
0.00358078233571541
-0.0
-0.0
-0.0
-0.24683901330897
-0.000301651873131831
0.00224628477376263
0.40970488821827
-0.650591661123988
0.240886772905718
0.424178447293382
-0.0
-0.422168034502545
0.000451494863574151
-0.0
-0.0
-0.00202290784737255
0.00202290784737254
0.000794391598433175
-0.00723323560487225
0.420554282561444
-0.414115438555005
0.414115438555005
-0.414115438555005
-0.000474848860431785
-0.243674041416142
0.244800671845286
-0.0
-0.0
-0.0
0.416361723328768
-0.660336440356659
-0.000825954817395663
-0.00906698972859594
-0.00643884400643906
-0.246321119473044
0.252759963479483
-0.0
-0.0
-0.00433140917560088
0.00433140917560087
0.0924094098642683
-0.0924094098642683
0.00157467159127939
0.00556424206478059
0.244606594843938
-0.0
0.00288420003374387
-0.00288420003374387
-0.239330696413988
0.247937715065268
0.00416977290411015
-0.00416977290411015
-0.0
-0.0
-0.000676820249637328
0.000676820249637311
-0.0
-0.0
0.0022355367588454
-0.496742383720395
0.495301238559983
-0.171939976162404
-0.416361723328768
-0.00157532445321225
0.00157532445321226
0.415041653581299
-0.415041653581299
-0.0
0.421168499821889
-0.00927178356838529
-0.411896716253504
0.00243339597087043
0.413928327357898
-0.661162395174054
0.00202290784737254
-0.0
-0.243479964414794
0.180380068275625
-0.597536183202826
7.56703357968208e-06
0.411889149219924
-0.242581949543785
0.24039012150855
-0.40970488821827
-5.76348032702984e-05
0.00185688943855909
-0.0
-0.00600035697802105
-0.239311448452506
0.00398505302807626
-0.00687456373273152
0.0116813402258524
-0.00480677649312088
-0.00155404908947267
0.00402343518569803
-0.00446500707526439
0.00132796385528308
0.00313704321998128
-0.0
-0.00246938609622537
-0.246355507319573
-0.40970488821827
-0.0
0.164059345837086
-0.163661408076369
-0.000397937760716969
-0.00424435592046879
-0.00468538930719656
-0.24011528253809
0.244800671845286
-0.0
-0.00882241307688807
0.425184136405656
-0.416361723328768
0.00105787520528551
-0.00105787520528551
0.00391389893956834
0.410201539615437
-0.414115438555005
-0.00402343518569805
0.00402343518569803
-0.0
-0.171009943347786
0.244800671845286
-0.0
-0.0
-0.0
-0.0001328114862892
-0.00335904889417566
0.00585452607823193
-0.00249547718405626
-0.0
-0.00210440223377732
0.00210440223377734
-0.0
0.411896716253504
-0.415033759473485
-0.00766858090283871
0.0145431446355702
-0.0
-0.00882241307688807
0.00769578264774407
-0.0
-0.0
0.00327150676790846
0.00104616421960536
-0.0022355367588454
-0.0
0.00404191289958483
-0.00404191289958483
-0.0
-0.489601343690573
0.486020561354857
0.0022355367588454
-0.0086454661819791
0.00640992942313369
-0.242175462392602
0.00301345911464937
-0.00301345911464937
0.00349577779984709
-0.0
-0.244800671845286
0.243449555230988
0.00135111661429823
-0.0
-0.00817545854448015
0.00817545854448013
0.0017837244409634
0.41793704778198
0.655376680668298
0.244800671845286
-0.00665683511049845
0.00665683511049847
0.23105441329106
0.417488353757912
-0.416361723328768
-0.0
-0.0
0.00358078233571541
-0.0
-0.0
-0.238773299618245
-0.0
-0.241705815876731
0.247270057941512
0.00158289148679193
-0.00105263811354047
-0.00120707362288878
0.414792258804643
-0.414115438555005
-0.254910091059319
-0.0
0.000794391598433175
0.417281073179427
-0.0
-0.00157532445321225
0.00157532445321226
-0.0
-0.0
-0.00622058978692168
0.00622058978692165
-0.0
-0.243479964414794
0.243479964414794
0.00197495922411212
-0.0
-0.238816413498426
0.41771340478095
0.00246165915165695
-0.000662404516368142
-0.903297314579365
0.24922513593326
0.233353049315714
-0.241219889509571
-0.414126186569923
0.00112663042914402
0.0016453074450833
-0.0
0.00378573065285987
0.411124444715293
0.00357210251716153
-0.00271656231452443
0.00269221249400673
-0.243479964414794
-0.0056369736164485
0.240886772905718
-0.00411154443417959
0.234447928899279
0.00643884400643908
-0.00224628477376262
0.00224628477376263
-0.0
-0.0
-0.0
-0.0
-0.0147515868476056
-0.0
0.40753931025188
-0.40753931025188
-0.00246938609622537
0.416584824651231
-0.414115438555005
-0.00424435592046879
0.415578066849811
-0.40970488821827
0.00366930989301542
-0.0116286015272119
0.00795929163419649
0.413871675477616
-0.00171603140051117
0.251239515851725
-0.00070220041688014
0.000702200416880137
-0.246905999670589
0.244800671845286
-0.0
-0.0
-0.0
-0.0
-0.0
-0.0
0.242175462392602
-0.489601343690573
0.489601343690573
-0.0
-0.251011602526346
-0.0115994396432365
-0.0
0.414115438555005
-0.414115438555005
-0.0
-0.0
-0.414892042866521
-0.0
-0.0
-0.0
-0.0
-0.00275478360760063
-0.00665683511049845
-0.0
-0.0031370432199813
0.421864352964115
0.0101094192140327
0.411896716253504
0.00446500707526441
-0.0
-0.0168404376263787
-0.0
-0.0
0.412559120769872
-0.409545661655222
-0.244800671845286
0.241441622951111
0.00335904889417569
0.000662404516368134
-0.0105579578285721
0.425449677232622
-0.00143868536541268
-0.41456693341858
0.419826677306992
-0.419375182443417
-0.0
0.00080283744239327
0.00245415190657141
0.00339621926537669
-0.00226958883623271
-0.0
-0.0
-0.411896716253504
-0.0051170712803717
-0.484484272410201
0.489601343690573
-0.00512534961893061
0.00337647088251806
0.00174887873641256
-0.00595513251804978
-0.242175462392602
0.167925793054845
-0.418497787974123
0.255791223830099
-0.00365740766691445
-0.0
-0.0
-0.0
0.00327150676790846
-0.00327150676790845
-0.243479964414794
0.240645901768336
0.00468538930719656
-0.0
-0.00534492900100413
-0.246101566657035
0.668017146288042
-0.0
-0.00188641112971792
0.00188641112971795
0.245702537051062
0.000397937760716979
0.00105787520528551
-0.00105787520528551
0.00391389893956834
-0.00355127410477418
-0.0142789972694599
0.411896716253504
0.00355028367732438
-0.00197495922411213
-0.489601343690573
0.489734155176862
-0.0001328114862892
-0.249486061152483
0.249486061152483
-0.0
0.416361723328768
-0.416361723328768
-0.00358078233571541
0.420451004498321
-0.416870222162606
-0.00210532782530228
-0.0
0.00122599193206483
-0.00122599193206484
0.414115438555005
-0.00224628477376262
-0.658916110400292
0.244800671845286
0.00581810950281701
-0.00984154468851505
0.164622124369325
-0.160598689183627
0.664747256836019
-0.665842075918687
0.244349176981712
0.405850855892487
-0.405399361028913
0.00246938609622538
-0.000676820249637328
0.417038543578405
-0.00224628477376262
-0.903716782245578
0.489601343690573
-0.0
0.416361723328768
-0.416361723328768
-0.0
-0.0
0.42096837010667
-0.0
0.414115438555005
-0.414115438555005
-0.00246938609622537
0.00574089286413384
-0.0
-0.0
-0.0
0.0130615318043289
0.00167776862771193
0.41490984304888
-0.0
-0.413996136913402
-0.00259147476318939
-0.00480532889985807
0.00817377848013667
-0.00314256123245507
-0.0
-0.242175462392602
0.242175462392602
-0.0
0.244800671845286
-0.489601343690573
0.489601343690573
-0.0
-0.0
-0.0
0.00301345911464937
0.416361723328768
-0.422363795144786
0.00821247801566507
-0.0
0.248381454181002
-0.00774286599625054
0.00774286599625053
-0.240886772905718
0.240886772905718
0.413871675477616
-0.649980326970485
0.00112663042914402
0.00288420003374387
-0.00288420003374387
-0.0
-0.00224628477376262
0.00224628477376263
-0.00468538930719656
-0.238794575107597
0.233798530250069
0.00631675228802055
-0.0
-0.0
-0.0
-0.0
0.416066489157614
-0.428722761726878
0.0199735690424521
-0.00731729647318768
-0.489601343690573
-0.0
-0.001126630429144
0.00112663042914402
0.411896716253504
-0.901498059944076
0.489601343690573
-0.0
-0.0
0.416361723328768
-0.659841687743562
0.657595402969799
-0.414115438555005
-0.0
0.00121420447936055
-0.00121420447936055
-0.00730923605482582
0.00730923605482582
-0.249045027765755
0.00643884400643908
-0.0
-0.0029147646438446
-0.00504452699035188
0.00795929163419649
-0.0
-0.242175462392602
0.238461359845384
-0.41833668255288
-0.244689017117147
0.2417706392978
-0.00132597810112152
0.242175462392602
-0.0
-0.0
0.416361723328768
-0.424753090673727
0.00839136734495879
0.416350975313851
-0.416350975313851
0.411174568680517
-0.418608008102531
-0.414115438555005
0.00118937253924005
-0.00118937253924005
-0.00817545854448015
0.00224628477376263
-0.416361723328768
-0.419261775286237
-0.421706652329772
-0.23885344123897
0.65831380879498
-0.0
-0.415690763008218
0.00157532445321226
0.416361723328768
-0.416361723328768
-0.0029147646438446
0.0029147646438446
-0.424753090673727
0.421748787099656
-0.410643312662555
-0.244889569484743
0.236830533391598
-0.00497810346754304
-0.238944460428538
-0.00644675183263153
0.66111360575863
-0.404999726258013
-0.00039963477089987
-0.0
-0.0
-0.0
-0.00179925463528882
0.00403479139413422
0.431113310176374
-0.0149775379136823
-0.00224628477376262
-0.24789051475153
-0.166757467128146
0.000532543324670243
-0.0
0.41662718059764
0.669070654293555
-0.413857077356294
-0.00314256123245507
-0.0079592916341965
0.00795929163419649
-0.00126900126203736
0.00126900126203737
-0.0
-0.0083913673449588
0.00260807788946953
-0.00569221774038796
0.416361723328768
-0.416361723328768
0.00171374144909238
-0.00551598566052142
0.000514431939996011
0.003287812271433
-0.00490550327097729
0.0179068392877244
-0.41309021656086
-0.248165353721991
0.24816535372199
0.00026545726887189
0.000132480491845083
0.418651221279744
-0.00715244278695682
-0.411366462880252
-0.000530253373251449
0.00221872230150176
0.00224628477376263
-0.418500751423935
0.00213902809516653
-0.0149597890570409
0.426856505310545
-0.910750493672897
0.00131349438750844
0.247254823751858
0.000224765223367931
-0.0117544073634883
0.0119794523196271
0.00343160385723794
0.406236406924168
0.0134082468406822
0.402232135624867
-0.407672121738169
-0.247503399600492
0.657208287818762
0.0098880228473809
0.00529125851073626
-0.0
0.000794391598433175
-0.00969913134518648
0.00558407030087889
0.000218254219517397
-0.244363371513854
-0.462340702715938
0.70720115989573
-0.0013685263834999
-0.249869794502398
0.25189270234977
0.166224923803476
-0.16667641866705
0.407990805115454
-0.40753931025188
0.16841675183871
-0.183999713019428
0.0155829611807186
-0.0
-0.00752618101056375
-0.0113445725434421
0.426410063805886
-0.409785595025643
0.416361723328768
-0.414115438555005
-0.0137069646533958
0.0137069646533958
0.00158289148679193
-0.401193971512844
0.167529425825668
-0.167529425825668
-0.000451494863574153
-0.00625136084954031
-0.901498059944076
0.905963067019341
-0.416361723328768
-0.245702537051062
-0.00356314186948831
-0.0
-0.001126630429144
-0.243674041416142
0.249987826493538
0.00275478360760063
-0.00275478360760063
-0.0
-0.00402343518569805
0.00402343518569803
-0.0031370432199813
-0.00110731270048749
0.00424435592046881
0.416361723328768
-0.000662404516368142
-0.0
-0.00246938609622537
0.00246938609622538
-0.0
-0.0031370432199813
0.00353498098069826
0.00196764865464887
-0.00550262963534714
0.412841931438251
-0.423146395602794
0.0050501400395651
0.000429509938088487
-0.229317778724039
-0.00253144294863609
0.238194560411711
0.421861532946811
-0.251836431634707
-0.167818981016828
-0.00263137688064796
-0.00153070677988716
0.405399361028913
0.000225888347823548
-0.252543537841537
0.251192421227239
-0.00121354068144427
-0.00582671004921633
0.00905377186132692
-0.000662404516368142
0.00335904889417569
0.41335865266311
-0.160598689183627
-0.00490550327097729
-0.0078821795294359
-0.00446500707526439
0.416361723328768
-0.00694921501133756
0.397084167355902
-0.397084167355902
-0.0
0.00158289148679193
0.415044289110848
-0.487379895617476
0.40970488821827
-0.245645542381184
-0.172234804381566
-0.00599953528033635
0.0041688535261026
0.00488079067978331
0.419240788173936
-0.41456693341858
-0.00793987248138465
-0.411896716253504
-0.243479964414794
0.243479964414794
-0.0
-0.00157532445321225
-0.00161643736867264
0.25099787546949
-0.0
-0.00596118931227683
0.00327587694853617
0.00202290784737254
-0.0
0.40753931025188
-0.413541382067897
0.00446500707526441
-0.0
-0.489601343690573
0.475684971255907
-0.0
0.00455243287672114
0.414174876867413
-0.00683059349063025
-0.411896716253504
-0.0
-0.0
0.00340029610037333
-0.00564658087413596
-0.000890758446218661
0.00313704321998128
-0.0079592916341965
0.653184852633063
-0.409439430949398
-0.00026545726887189
-0.0
-0.0
-0.0
-0.00968143416472472
0.00968143416472471
-0.00709203050448381
0.00709203050448383
-0.0
-0.00752618101056375
0.000869345900065286
0.00351979189051718
0.00313704321998128
0.418029337494574
-0.00166761416580573
-0.000676820249637328
0.000676820249637311
-0.00402343518569805
0.420385158514466
-0.00224628477376262
-0.414115438555005
0.17956153769558
0.244800671845286
-0.657245485368144
0.234954588268658
0.00918734478282499
0.00622664658114872
0.00235105459828124
0.58792277481225
-0.58792277481225
-0.0
0.00327150676790846
-0.00168861528111653
-0.0078034812737136
0.00622058978692165
-0.244800671845286
-0.253623084922174
0.489816738116181
0.597850500894021
-0.597202773876939
0.00548990553797111
0.00246938609622538
-0.0
0.000676820249637311
-0.00141151089093987
0.00118562254311634
-0.258491155932129
0.243965457432346
0.430318905682499
0.411896716253504
-0.411896716253504
-0.0
0.663044901928179
-0.408883400931065
-0.426744313974809
0.419138749895117
-0.234310644602593
-0.0
-0.00687456373273152
0.00687456373273153
0.0025432722943057
-0.00387941334110882
0.00335904889417569
-0.253192039190245
0.244948879555636
-0.247296149029343
-0.422338625043151
0.00109391500543492
0.235375663785663
0.00238642886435756
-0.482868595602562
0.491589650089522
0.40970488821827
0.000132811486289203
-0.667409648620813
0.239454433926123
-0.413507132429699
0.164400933395056
-0.435887872257082
0.0130824546766324
0.0029147646438446
-0.0
-0.0128668999651441
0.0101746874711374
-0.0108388326171808
0.0135310451111875
0.416361723328768
-0.416813218192342
-0.00511274720120644
-0.418646650087693
0.00490550327097729
-0.000225888347823553
0.00923571241323234
-0.00605024661281295
-0.000427985049308027
0.500340653060583
-0.00105787520528551
-0.41567970827715
-0.488699478484797
0.905963067019341
-0.416392287938869
-0.00749561640046302
0.00752618101056375
-0.00424435592046879
0.00424435592046881
0.000662404516368134
-0.000662404516368142
0.00246938609622538
-0.001126630429144
0.000449810179506678
-0.00356753567083147
-0.00607867654807839
-0.00608749811511471
-0.00340029610037333
-0.0
0.00236558641536585
-0.00236558641536584
-0.0
-0.0168228992889863
0.0168228992889863
-0.0
0.420078874052302
-0.243330667920568
-0.176748206131733
-0.0043425698958772
-0.0070447599295863
-0.075841443651771
0.415698960464933
-0.655376680668298
0.245715501173639
0.00179925463528882
-0.0029147646438446
-0.00472136542679078
0.00446500707526441
-0.00882241307688807
0.00363648540065159
-0.00380224421142904
-0.00044211170903975
0.00424435592046881
-0.0031370432199813
-0.0101513904632482
0.0104103810443076
-0.00996466151362627
0.0732396203618045
-0.419205952308329
0.0087611163347142
-0.492404340584759
0.483860429800387
0.00306859531878578
0.00402343518569803
-0.0
0.00925243372882042
0.416361723328768
-0.416813218192342
-0.000450370342201922
-0.00466237685900452
0.00354133421740806
-0.0102113724675507
0.0134236528541634
-0.00543372845970884
0.00424435592046881
-0.0
-0.00490550327097729
0.238668050604216
-0.411896716253504
-0.00135111661429822
-0.00542786606727615
-0.0
0.167529425825668
-0.167529425825668
-0.0124453995437129
0.0124453995437129
-0.0
0.418857200512824
-0.251675235578018
-0.0029147646438446
-0.420072174797984
-0.00727469114994929
-0.163264954238653
-0.00175985426979122
0.413322599707369
0.66773852347718
-0.422074730189202
0.426372209512209
-0.418394440164126
-0.00248786381011217
-0.0
-0.00468538930719656
0.00468538930719656
-0.00358078233571541
0.657904224161947
0.168044215239404
-0.575583525491284
-0.0
-0.0
-0.659282818784275
0.426043157493493
-0.0
-1.5912682747376
1.16651518406387
0.424481765124076
-0.00419368152561391
0.253407690496566
-0.0820620334386927
-0.412271007991794
-0.0
-0.0
-0.0
-0.243479964414794
0.243479964414794
0.000676820249637311
-0.0
-0.493182126026288
0.493182126026288
4.51759279229976e-05
8.76355583661984e-05
-0.0001328114862892
0.413105184318643
-0.00402343518569805
0.00428889245456993
-0.0137069646533958
0.0166177772914783
-0.0029108126380825
-0.718853837787432
-0.00133122269169131
0.17067597253186
0.232474856256922
-0.399804213852722
0.00160303527593106
0.244800671845286
0.247296149029343
0.413071841650838
-0.415567318834894
0.00569221774038797
-0.00127409283838625
0.17198659075451
0.416361723328768
0.418857200512824
-0.835218923841592
-0.0
-0.0
0.000397937760716979
-0.00618122721620623
-0.00774286599625054
0.00446500707526441
-0.0
-0.00111170716920732
0.000451494863574151
-0.0
-0.00157532445321225
0.41793704778198
-0.416361723328768
0.661981636966529
-0.413322599707369
-0.843046479126083
0.00964621221890987
-0.0020695276641439
-0.00315405384731725
-0.25170752763819
0.667936439480669
-0.412619652862114
0.00128042735512339
0.000732472082945152
-0.00267891712993934
0.00542521289892722
-0.0128067928630666
-0.478638981390718
0.478851840272175
-0.00169589612531565
0.0124453995437129
0.00262520945268447
-0.00797013845368862
0.421706652329772
-0.423453753833252
0.00462264440825842
-0.00179925463528882
-0.00155979425888685
-0.486242294796397
0.489601343690573
-0.0
-0.257877954148203
1.11844357784265
0.244800671845286
-0.00622058978692168
-0.483380753903651
0.479537520502306
0.00820693374970775
0.415972327993564
-0.412663558275117
0.411634208512855
-0.417330444713213
0.663768048013256
-0.411896716253504
-0.0
0.000132811486289203
0.411763904767214
-0.416802219524481
-0.243507450645304
0.249196295223705
-0.000783341307422848
0.170635474140211
-0.170635474140212
0.414115438555005
-0.414115438555005
0.00105787520528551
-0.00105787520528551
0.000132811486289203
0.00313869528161926
-0.00327150676790845
-0.00358078233571541
-0.00232643956713317
0.0131003904215404
-0.00719316851869186
0.00184443056321182
-0.00184443056321181
0.422841616008082
0.00335904889417569
-0.000225888347823553
0.000225888347823548
0.413217423683996
-0.421392882228476
0.00460123977727529
0.415172350789528
0.000451494863574151
-0.419625195667733
0.000711396481202652
0.00567998136042388
-0.0
0.255550175263684
-0.653201058041364
0.242175462392602
-0.00968143416472472
0.00900461391508739
-0.248588858670913
0.249265678920551
0.244800671845286
-0.0116437398990396
-0.00132070743049241
-0.0
-0.0
-0.00555818527055354
0.00555818527055351
0.412589088252013
-0.418591160068031
-0.41645850282229
-0.00363736183747848
0.00920160390225907
0.00152346436053796
-0.00532570857196701
0.420163967540197
-0.416361723328768
-0.0
-0.0029147646438446
-0.0
-0.00931951567107868
0.412273924761645
-0.418266260994057
-0.00335904889417566
0.00335904889417569
-0.0
-0.0
0.00206471190416071
-0.00295766976287863
-0.00488972386795674
0.0029147646438446
-0.0
-0.00402343518569805
0.428031810989671
-0.414115438555005
-0.0
-0.0
-0.249137177009007
0.403284441025852
-0.401963733595359
0.410576008823011
0.00876248639827191
-0.420659202651776
-0.243479964414794
0.41766622535096
-0.0
0.40753931025188
-0.40753931025188
0.00665683511049847
-0.00721042590239312
-0.481425885146093
0.171130005751552
0.251907053521663
-0.169565430504443
0.00246938609622538
0.00132070743049241
0.417276552657121
-0.418597260087613
0.423266619346479
0.40970488821827
-0.408647013012984
-0.0059633784762628
-0.414115438555005
0.00407711635001065
-0.00340029610037333
0.00288420003374387
0.413477523295024
-0.0
-0.426043157493493
0.00743514939096211
0.00179478991018848
-0.00179478991018847
0.00224628477376263
0.416361723328768
-0.00665683511049845
-0.40970488821827
-0.00446500707526439
-0.0
-0.0
-0.00825855585866959
0.424620279187438
-0.421706652329772
0.00534492900100414
0.416361723328768
-0.416799944432028
-0.0033236788900215
0.174397374133493
0.00288420003374387
-0.00288420003374387
-0.0103230324685472
-0.00665683511049845
-0.412174274314495
-0.241281400749589
0.243750786845814
-0.0145431446355702
0.00026545726887189
-0.0150170441164775
0.0147515868476056
0.00275478360760063
-0.00433010806081288
0.00677613675210169
-0.416481024970371
0.41980520309535
-0.410552769366529
-0.0
-0.0
-0.00380224421142904
0.00380224421142903
0.0111749709062618
0.414002044078806
-5.40953403561821e-05
0.00556424206478059
-0.0
-0.0
-0.00246938609622537
0.00795929163419649
-0.0
0.154079892726218
-7.58664776612922e-05
-0.00334249071469272
-0.178354015268218
0.00512534961893062
-0.00090186520577607
0.000901865205776055
-0.0
-0.244800671845286
0.238798600029269
0.415706960034287
-0.0
0.00489988235642925
0.40753931025188
-0.00312790550266193
-0.413233817826106
0.00158289148679193
0.40170154953906
-0.408801793016225
0.411048077789987
-0.421047112635965
0.00110460697148113
-0.707097596907236
1.12663824836117
-0.415959869118217
0.247503399600492
-0.0
0.408541922261368
0.411896716253504
-0.411896716253504
-0.251675235578018
0.4232362870615
-0.252516485110396
0.667164466990072
0.000896276458692439
-0.244029334138173
-0.173228665649287
-0.249926021464217
-0.243479964414794
0.241233679641031
-0.418138873740704
0.00200052733832553
0.953993238655494
-0.95376735030767
-0.00344996432203561
0.167509310159122
-0.170061417653104
0.00758496330280936
-0.00158289148679192
-0.00446500707526439
0.41858044563027
-0.414115438555005
-0.0090375512330425
-0.000522579646114706
0.417099441131037
-0.417434863564084
-0.0
0.416361723328768
-0.416361723328768
0.000926215026293752
-0.00801824553077757
0.405399361028913
0.000634840671686756
0.00446500707526441
0.000662404516368134
-0.0053477938235647
0.000441033386727755
0.00424435592046881
-0.0
-0.00224628477376262
0.00224628477376263
0.414115438555005
-0.0014243307030686
-0.411442508931401
-0.26112479056857
-0.000231774872493688
0.000156009999509439
-0.0140723824341752
-0.00774286599625054
0.656290900947607
-0.415242068984149
0.00112663042914402
-0.00202290784737255
0.00202290784737254
0.422807065216973
-0.422807065216973
0.171009943347786
-0.171009943347786
-0.00176599746771299
0.00282387267299848
-0.00105787520528551
-0.484525260226133
-0.182181666674863
0.0103975138689187
0.415423977555015
-0.656434555873583
0.243479964414794
-0.0103230324685472
-0.0
0.00197495922411212
-0.00118937253924005
-0.0
0.00905799517490523
0.246572874139353
0.239899182079078
0.000901865205776055
-0.0
-0.00402343518569805
0.00365182335317344
0.000861292186371329
0.416821138572889
0.00559412141129774
-0.416220766380308
-0.242175462392602
-0.231668663471495
0.243479964414794
-0.0
-0.00269221249400674
0.00269221249400673
0.000132811486289203
-0.0001328114862892
-0.00578328945548926
-0.00687298311377513
-0.241813521265794
0.664648464236683
-0.00480677649312088
-0.00665683511049845
0.00665683511049847
-0.425828784499899
0.00890507285518544
0.00669520235796546
-0.0118205519768961
-0.000451494863574153
0.164904216372983
0.0816101969213955
-0.00396002622285501
-0.00331795729101798
0.00556424206478059
-0.172734380656278
-0.00414409277389512
0.00269221249400673
-0.0
-0.0
-0.014334461866976
0.0114196972231313
-0.241885907201442
-0.00872682554100943
0.00527675585228291
-0.407079678765585
0.233874605479482
-0.0
-0.0
-0.00985344085049471
0.418007585487009
-0.408154144636514
-0.0
-0.0126490894481103
-0.489601343690573
0.489601343690573
-0.00774286599625054
0.00774286599625053
0.00226958883623269
-0.00226958883623271
-0.0
-0.001126630429144
-0.00574793330358752
0.00395979908888692
0.0029147646438446
-0.00925243372882041
0.00500807780835162
0.00841412882457896
-0.00416977290411015
-0.0
-0.244800671845286
0.244800671845286
0.40970488821827
-0.650591661123988
0.235813073609738
0.421435422624748
-0.4232362870615
-0.0
0.416361723328768
-0.41793704778198
0.00283359332538943
-0.00395048136618391
0.00269221249400673
0.414115438555005
-0.415914693190294
-0.411896716253504
-0.0
-0.0
0.416361723328768
-0.416894266653438
0.000532543324670243
-0.244800671845286
0.23684138021109
0.00795929163419649
-0.244800671845286
-0.0
0.241885907201442
-0.0112868857368422
0.00504985731406865
0.00171374144909238
0.164164895823921
0.250483086055754
-0.00882241307688809
-0.403881902584966
-0.00365740766691445
-0.00179925463528882
0.00173004129322009
0.228838785985646
0.431944684509487
-0.00446500707526441
0.00221872230150176
-0.495384633146062
0.495782570906779
0.00860701865127923
-0.000676820249637328
0.00147121184807049
-0.000794391598433186
-0.0115994396432365
0.414883880669088
0.00135111661429823
-0.00145188027988838
-0.500638490431965
0.497701056299177
0.167880690532611
-0.0127693226504193
-0.399127393603084
0.00493372048545505
-0.252878691975513
0.243479964414794
0.00499526044851587
0.00183533304211438
0.413996136913402
-0.00260244248850071
0.17354210145764
0.14200047249222
-0.31041722433093
-0.0162039930410275
0.178942631447621
0.251376800148412
-0.414115438555005
-0.00380224421142904
0.418803635903397
-0.414027705009649
-0.239895168574309
0.235517175441279
-0.485136336615308
-0.0
-0.0
-0.00135111661429822
-0.413233817826106
-0.244800671845286
0.244800671845286
-0.0
0.171561051483482
-0.171561051483482
-0.00534492900100413
0.00110183024639497
0.0087955316313303
-0.00455243287672113
-0.0
-0.244800671845286
0.240556315924817
0.00313704321998128
-0.0
-0.242286619508009
0.664006624153616
0.00192600829677908
0.000103799680859541
-0.000451494863574153
-0.241723967529028
0.242175462392602
-0.00402343518569805
-0.240777236659588
-0.0
0.244800671845286
-0.000451494863574153
0.000451494863574151
0.416361723328768
-0.419942505664483
-0.00202290784737255
-0.241457056567421
0.243479964414794
0.00391389893956834
-0.00391389893956835
0.411896716253504
-0.24206834670459
0.243133057679481
-0.416361723328768
-0.0
-0.251222830411044
0.251222830411044
-0.0
-0.0
-0.0
0.00145188027988838
0.00749863829484282
0.00252125081284913
-0.00184443056321181
-0.0149597890570409
0.0149597890570409
-0.0961931637151206
0.0994789645842484
-0.17199788195663
0.169806053921396
-0.41742173202082
0.247530551921286
-0.0036857058461471
0.00363868088116864
-0.416361723328768
-0.001126630429144
-0.00834043074198696
0.00677484867712421
0.392277390862781
-0.406765601520627
0.421578150418228
-0.244800671845286
-0.170455093302393
0.00343780740385296
0.832644688147859
-0.657248496234486
-0.680866502994871
0.921753275900589
-0.00249004785115229
0.00249004785115228
0.00118937253924005
-0.00380994905129264
-0.0104567057908636
0.00642044719241778
-0.40970488821827
0.160598689183627
0.00190987383217687
-0.422199973992102
-0.0021246841929364
0.422859078553358
-0.0
-0.246419818313071
-0.0
-0.654265017058139
0.239613517197035
-0.00652402362420925
0.421850946721549
-0.00616018371333097
-0.414115438555005
0.167096044408217
-0.178483374233681
0.0113873298254635
0.000225325386063161
0.000451494863574151
-0.00578328945548926
0.00264624623550796
0.00178592660568306
0.00397632606698271
-0.00262520945268448
0.244718136182429
0.0074935394213377
0.422646560428521
-0.421295443814223
-0.00305378836321921
-0.244367561221654
0.00552231179085011
-0.00114461104111628
0.420819804660719
-0.416090397779118
-0.489601343690573
0.490527558716866
-0.0101593638221296
0.0110298260613096
-0.0
-0.0110426552937273
-0.00402343518569805
0.00573717663479042
-0.251419916565356
0.244355625200711
0.00534492900100414
-0.00949977318541601
0.255972714901025
-0.0042974793230075
-0.0
-0.00344996432203561
0.00785364637232179
0.00111826948192715
0.417712839943066
-0.41632215440772
-0.420440294718603
0.00407857138983445
-0.252021448242655
0.00650808976007511
-0.670627273825821
0.416754996493353
-0.233122235034115
0.232279754254439
0.00860701865127923
-0.0
-0.0
-0.244800671845286
0.248842584744871
-0.0124332802445436
-0.00141307099371279
0.424450130266929
-0.430228653108976
-0.416361723328768
-0.00576123914158872
0.0132874201521525
0.419807656295393
-0.66460832814068
0.652339982097166
-0.40753931025188
0.602245348959352
-0.606011884016524
0.415663251310676
-0.411896716253504
-0.00255940100771754
-0.00344267080829991
0.00555265223394511
-0.00581810950281701
-0.00157532445321225
7.24844984455612e-05
-0.00252138161574506
0.00402422157051173
-0.012126019196013
-0.00718595698066848
0.00723199454693233
-0.427269068720588
0.41897919896837
-0.240443265843663
-0.00431580388504369
0.00909388070504232
0.411896716253504
-0.411896716253504
-0.0
0.00578006105993417
-0.00380224421142904
-0.000221190974269015
0.00402343518569803
0.416361723328768
-0.00224628477376262
-0.413849981286134
-0.00026545726887189
-0.253161398579519
0.41014841250342
-0.412386141473001
-0.00188358978626605
0.00345891423947831
-0.243479964414794
0.237696674959305
0.00533179459191513
0.000451494863574151
-0.00335904889417566
0.00158289148679193
-0.00158289148679192
-0.0
-0.00224628477376262
0.00409071533697444
-0.492273662261973
0.493624778876271
0.244800671845286
-0.00852652772724081
-0.657595402969799
0.243479964414794
-0.001126630429144
0.0025785107090324
-0.00635738355086568
0.00490550327097729
-0.41662718059764
-0.0
-0.0
-0.246375996298499
0.236539654579312
-0.244800671845286
0.244800671845286
-0.243931459278368
0.243931459278368
-0.00241247919002966
-0.239943091370077
0.411896716253504
0.00158289148679193
-0.413479607740296
-0.0
-0.0055642420647806
0.00556424206478059
-0.012022914307318
0.428384637636086
-0.41793704778198
0.00157532445321226
-0.24789821281232
0.252427126443796
0.416573926282893
0.00376210205903442
0.41820615389198
-0.420229061739352
-0.0
-0.246670062361207
0.239360826306381
-0.235543046587413
0.236195447531741
0.00665683511049847
0.000659937444568532
0.415303848123483
-0.915000618252383
0.494394539003146
0.00379286105689464
-0.242175462392602
-0.00307670431625864
0.24525216670886
-0.0
-0.24683901330897
0.24683901330897
-0.0
-0.0
-0.00882241307688807
0.00882241307688809
0.167150501146746
-0.167150501146746
0.00224628477376263
-0.0
-0.0
-0.0
-0.0114926609340665
0.421197549152336
-0.40970488821827
-0.0
0.171561051483482
-0.171561051483482
-0.0
-0.0
-0.00499107124458546
0.000451494863574151
-0.25099787546949
0.252318582899982
-0.00132070743049241
-0.244800671845286
0.247166258260652
-0.00236558641536584
-0.489601343690573
0.491576302914685
0.244800671845286
0.411896716253504
-0.240335664770022
0.244800671845286
-0.275555352453234
0.00365740766691446
-0.00365740766691445
-0.0
0.411896716253504
-0.423679711280848
0.0137579542514569
-0.0
-0.00202290784737255
0.00202290784737254
-0.00817545854448015
0.245702537051062
0.00256196425107522
0.409334752002428
-0.000225888347823553
-0.00291115487215774
0.00313704321998128
-0.0
-0.422755052027331
0.00818811860875137
0.000451494863574151
-0.0
0.408597185457166
-0.0
0.416361723328768
-0.662311073839787
0.245949350511019
-0.0
-0.244800671845286
0.244800671845286
-0.0
-0.0
-0.0
-0.0
-0.0
-0.0
0.418926834590307
0.00105787520528551
-0.00480345653102708
0.00765956924207716
0.258566769738929
0.413770596341387
-0.426684755797315
0.0100462950506069
-0.000400082831696992
-0.0011224343856515
0.413695970888792
-0.661191667615263
0.249294951361759
0.416361723328768
-0.417038543578405
-0.00793019840164189
-0.237119230537277
0.659841687743562
-0.414115438555005
0.00468538930719656
-0.00224628477376262
-0.411896716253504
0.000342896734859023
-0.000342896734859035
0.416361723328768
-0.65853718572137
0.237050112773671
0.00980503036356367
-0.0049055690924566
0.166878425693986
0.00265831168592032
-0.248192822972698
0.664780434649289
-0.41871566998926
-0.0185236248817859
0.410843931787097
-0.420772273665504
0.00665683511049847
-0.0
-0.0
-0.000424901588004464
0.664536623180136
-0.40970488821827
0.416066489157614
-0.423592670168178
0.66294102593346
0.00687456373273153
-0.00212890205582703
-0.241112661253541
0.241112661253541
-0.0
-0.00377263507675458
0.00456702667518779
-0.000794391598433186
0.00171374144909238
-0.0015809299628032
0.413982627068716
-0.414792258804643
-0.418527271915588
0.417474487449181
-0.413982627068716
-0.0153754756743993
-0.0
-0.0
-0.00231980289183071
0.00521564268044802
-0.000530253373251449
-0.245312505612583
0.000285945419473277
-0.000676820249637328
0.000676820249637311
0.00160637231253612
-0.00160637231253614
-0.0083913673449588
0.0103663265690709
0.409921757029391
-0.425184136405656
0.0142136351784462
-0.00996376625933626
0.0090375512330425
-0.244800671845286
0.229632920029362
-0.0
0.411428002843313
-0.414884162918665
-0.0
-0.0
-0.00223517801420522
0.00313704321998128
-0.0
-0.0
-0.00666562480163273
0.427834124623522
-0.421168499821889
0.416361723328768
-0.416361723328768
-0.0054674625712584
-0.00118937253924005
-0.00496814143610254
0.00374663151243232
0.00269221249400673
-0.0
0.411896716253504
-0.411896716253504
-0.0
-0.000225888347823553
-0.00577618346819388
-0.000937415249052991
0.409401239069447
0.00177615740738377
-0.000451494863574153
0.403735935889426
-0.410235141591521
-0.000451494863574153
0.41456693341858
-0.411101979440356
-0.492743904923028
-0.00265596352270524
0.419240788173936
-0.00221872230150177
0.426904522610559
-0.002662481459824
0.00808568540756989
-0.0
-0.00600207181601745
0.00153706474075305
0.079896455472303
-0.00157532445321225
0.00179478991018848
0.000451494863574151
0.000225888347823548
-0.0
-0.0
0.406488346273472
-0.645994643358131
0.243225347392074
0.00157532445321226
-0.00968143416472472
0.00643884400643908
0.411896716253504
-0.411896716253504
0.416361723328768
-0.413996136913402
-0.0155583790071776
0.411763904767214
-0.411896716253504
-0.419815333424416
0.00221329077697054
0.00224071763043258
0.00398042447141068
-0.248329601453123
0.661692648547306
-0.416891976702019
-0.00284380181096859
-0.00220788578102285
-0.24347917802998
0.248824107030984
-0.00135111661429822
0.000449251408522156
0.000901865205776055
0.418384630216604
0.417917682766435
-0.414115438555005
-0.00380224421142904
0.420163967540197
0.00730923605482582
-0.179552340132986
0.0152944210752264
-0.00507076140319727
0.00179925463528882
-0.0
0.00145188027988838
0.247492884339293
-0.0
-0.0
0.414115438555005
-0.420336028341927
0.00622058978692165
-0.00968143416472472
0.0103103089341059
0.416098239721916
-0.00340931380934681
-0.655922263510456
-0.0
0.414115438555005
-0.243578985399725
0.243578985399725
-0.0
-0.249509070509239
0.00470839866395239
0.244800671845286
-0.00202290784737255
-0.00177933636405651
0.00380224421142903
-0.0
-0.0
-0.0
0.416361723328768
-0.414647981879676
-0.00967303308328888
-0.0141255379859438
-0.0
-0.000225888347823553
0.000225888347823548
0.169314766709719
0.00404895427143294
-0.0
0.00335904889417569
-0.0
-0.246860851699798
0.246860851699798
-0.248602916056715
0.248602916056715
-0.0
0.234051168426889
0.00387493968566574
0.00462827895896888
0.00224628477376263
-0.0
-0.00135111661429822
0.00135111661429823
0.419555424668308
0.414115438555005
0.411428002843313
-0.423018558439267
0.00665683511049847
0.00109481908266885
-0.00109481908266886
-0.243479964414794
-0.00132070743049241
0.00132070743049241
-0.0
-0.00179925463528882
0.00447509089164423
-0.00302321061175582
0.41490984304888
-0.0
-0.0
-0.418384631176141
-0.00374499892476588
0.00419258231892615
0.00454842143341574
-0.00410413718308465
-0.00504452699035188
-0.23684138021109
0.237926108112555
0.00709203050448383
0.411896716253504
-0.411896716253504
0.414115438555005
-0.397084167355902
-0.0029147646438446
-0.00177062466335194
0.00468538930719656
0.40753931025188
-0.167800248256688
-0.00222691975821679
0.00155595943766644
0.00224628477376263
-0.489601343690573
0.65669738809879
0.00683059349063025
-0.00743953003907238
-0.000608936548442127
0.417551095868008
-0.428300599286405
0.0107495034183972
-0.0
-0.0
-0.246599926480575
0.00824459652349327
-0.415477498589219
0.410846831254031
-0.243745421683666
0.659841687743562
-0.416361723328768
-0.0030042317336921
0.000981323886319563
-0.00712827294410071
-0.0029147646438446
0.00797527772745082
-0.00506051308360623
0.00207583518112528
-0.00297770038690133
0.00352707465846053
-0.00262520945268448
-0.419186199958203
0.398883421991191
-0.397084167355902
-0.00293985389827672
0.245068701698772
0.00319554717751005
-0.00988534705112094
0.415580226739789
-0.41746440495971
0.0037245953874622
-0.00173122697795999
-0.00281777712006924
0.24310549520722
0.00035307039425616
-0.0
-0.655279252268994
0.242852282642239
0.24816535372199
-0.0103091728582256
0.419562224559198
0.00815825486003715
0.236687638313081
0.00419913459263686
-0.244800671845286
0.0060933091007749
0.00380224421142903
-0.0
-0.00135111661429822
-0.00421312545048237
-0.00109259304571786
0.414196145362378
-0.40753931025188
0.00380564599382872
0.414844631262052
0.666316861006854
-0.0271183674381495
0.661162395174054
-0.411896716253504
-0.242175462392602
0.242175462392602
-0.0
0.416361723328768
-0.415419157971332
-0.00296547320480828
0.00460302630118963
0.421706652329772
-0.426684755797315
0.0108532858417986
-0.0101223327927213
-0.000676820249637328
0.000676820249637311
0.00026545726887189
-0.00026545726887189
0.169314766709719
-0.169314766709719
0.411896716253504
0.00402343518569803
0.00314256123245506
-0.00734169582509192
-0.243293749746656
0.235469970031975
-0.00598425834686014
0.662275159294467
-0.42677171112427
0.000421992254341104
0.00843203610349424
-0.00692828684231121
0.409286512841869
-0.23356318716495
-0.419215045417899
0.241534499922801
0.00875368323262966
-0.245575731875537
0.00132070743049241
0.239235608494325
0.00179925463528882
-0.0
0.416361723328768
-0.416361723328768
-0.0
0.40970488821827
-0.40591915756541
-0.245799133987722
0.647678221632647
0.00301345911464937
-0.00116902855143755
-0.00184443056321181
-0.249050026125333
0.25154550330939
-0.00249547718405626
-0.243479964414794
-0.0101094192140327
0.0101094192140327
-0.0
-0.0151677518159238
-0.16841675183871
0.00467968074463305
0.00144251296692306
-0.0
-0.0
-0.0
-0.0103230324685472
0.140225653825721
-0.133039664577155
0.650668360389219
-0.00765852631735217
0.00968143416472471
-0.0
0.414115438555005
-0.415466555169304
0.00135111661429823
-0.00179925463528882
0.00179925463528882
-0.011911515467686
0.00420538951606903
-0.421189569910161
0.413479607740296
-0.413479607740296
-0.00224628477376262
0.0111474411791142
-0.00530344103169426
0.00490550327097729
0.0047078321376315
-0.0117998626421153
-0.237708641340803
0.243449555230988
-0.00465095520171922
-0.237192227716733
0.24319429953275
-0.0
0.00184443056321182
-0.00184443056321181
-0.0
-0.0
-0.0
-0.00730923605482582
-0.00446500707526439
0.179939957498314
-0.17547495042305
-0.414844131223432
-0.0104462782378348
0.0014935367415371
0.421578150418228
0.00221872230150176
0.408465525278174
-0.0
-0.00512534961893061
0.00377423300463239
0.00410590022189886
0.249926021464217
-0.0
-0.0
-0.0
0.000445978878422163
0.17885793860131
-0.170634836457188
0.408778673191976
-0.413507132429699
0.00164028509067377
0.00216195912075528
-0.0
0.00769085553194637
-0.672549724999518
0.25894278527835
-0.00119606709839255
0.41480300681956
-0.661050740445915
0.661422654063557
0.00135111661429823
-0.00925243372882041
0.00925243372882042
-0.0
0.415829180004098
-0.413593643245252
-0.0022355367588454
-0.00643884400643906
0.00432537071896564
0.00159546132529553
0.414633450517183
-0.414115438555005
-0.0
-0.0079592916341965
0.00795929163419649
0.40970488821827
-0.416361723328768
-0.00202290784737255
-0.00455243287672113
-0.0
-0.235882763145046
0.235882763145046
0.00596900447061851
0.401570305781262
-0.179035297273814
-0.00319195309401197
0.000775382416332462
-0.496117639997091
0.248438312067208
0.246897592194919
0.173086028236095
0.244800671845286
-0.246966249811676
-0.415900036986112
0.2436000044532
0.0018690244822365
0.347787695545169
-0.238496100043895
0.248177534208619
0.416361723328768
-0.00925243372882041
0.0150705432316374
-0.00581810950281701
0.00135111661429823
-0.00014483654451458
0.416904497634
-0.413102253422571
0.408239308586589
-0.416802219524481
-0.0124453995437129
0.420154873094374
-0.40753931025188
-0.0
0.169314766709719
-0.169314766709719
-0.0
-0.00446500707526439
0.038415186386425
-0.0339501793111606
-0.0
-0.0132874201521525
0.40753931025188
-0.40753931025188
0.00543998611330257
-0.00543998611330257
-0.000676820249637328
0.000676820249637311
-0.0184630338797609
0.0128987918149803
0.00556424206478059
-0.259760460902327
0.422499099308921
-0.17494313385537
0.241501141048948
0.00699913952806944
-0.000739947755345676
-0.00246938609622537
-0.00262520945268448
0.244800671845286
-0.00774286599625054
0.00774286599625053
-0.244800671845286
0.248458079512201
-0.0120487750118732
0.420288083598462
0.00626063520108659
-0.246217375292187
-0.00312186084985197
0.0053681456236146
-0.175537377550464
-0.0
-0.0
0.00145188027988838
0.412663558275117
-0.416807651049012
0.410231522745887
-0.40753931025188
-0.24683901330897
0.236515980840422
-0.00489343413742997
0.00534492900100414
0.420606079249237
-0.405137499859709
-0.00705867045009652
0.00534492900100414
-0.0
-0.0162039930410275
0.432565716369796
-0.415567331730335
-0.000794391598433186
-0.0
0.416361723328768
-0.416361723328768
-0.00358078233571541
0.00111139623949004
0.00246938609622538
0.414115438555005
-0.422506805899964
0.406457236234199
0.419477877978884
-0.423411852871665
0.422040666503709
-0.421925965393549
-0.416361723328768
-0.0040938880219513
-0.00343229298861245
0.0059508565573515
-0.00310603993231279
0.00468136438552502
-0.244800671845286
0.244800671845286
-0.0
-0.0
0.164059345837086
-0.164059345837086
-0.00090186520577607
-0.000449251408522152
-0.00918527705766715
0.00940976324282138
-0.0
0.00112663042914402
0.40970488821827
-0.416361723328768
-0.00135111661429822
0.00135111661429823
-0.0
-0.0
-0.00730923605482582
0.419205952308329
-0.0055642420647806
0.00556424206478059
-0.0093794708130629
-0.239664735666512
0.249044206479574
-0.0
-0.00468538930719656
0.00468538930719656
-0.0
-0.0101094192140327
-0.237434188802184
0.242638104745239
0.00701083109627957
-0.246905999670589
0.244800671845286
0.416361723328768
-0.416361723328768
-0.0135546721224026
0.0135546721224026
-0.0170287315239804
0.0213824193877791
-0.0
0.00134775977171463
0.417343471565594
-0.416891976702019
-0.0
-0.0
-0.416587611676592
0.000225888347823548
-0.0
0.000530253373251458
-0.000530253373251449
-0.0
-0.00600207181601745
0.418720419148936
-0.412718347332919
-0.243479964414794
0.00130450202219207
0.654072178646106
-0.665304406750069
0.245923480735217
-0.00054381171710663
-0.000299911396873192
-0.00113912829580285
-0.245870004346121
0.419396411354338
0.242791895471716
-0.900917592074639
0.910428074094605
-0.00358078233571541
-0.242591394573085
-0.00201289943806854
0.0029147646438446
0.41089426075751
-0.00105656105295085
-0.659327544697443
0.408638962204615
-0.414866422200044
0.420623829669289
-0.00229675081578561
-0.415734581415104
-0.00288259542360474
0.00256753139440527
0.414983564473603
0.00612899474262206
0.412348211117078
-0.411234311737136
0.409042483701901
-0.40970488821827
-0.00090186520577607
-0.00417207841793047
-0.00518715464825155
-0.0
-0.0
-0.00402343518569805
0.00402343518569803
-0.0
0.00249547718405624
-0.00412213217012682
-0.419498766548749
0.00313704321998128
0.119197169293018
-0.415511199392047
0.00112663042914402
-0.0
-0.0
-0.0
0.232170695379626
-0.405399361028913
0.40394684554222
-0.0015116448683278
-0.00175213282633077
0.654505560063556
0.905963067019341
0.000163077620650903
-0.429812221101571
0.0110411353783899
0.832723446657536
-0.842810545559565
-0.000662404516368142
0.0019270903415092
-0.42258231311569
0.421262243368221
-0.415041653581299
-0.0
0.00135111661429823
0.416361723328768
-0.65853718572137
-0.00493372048545504
0.00267561378228504
-0.0
-0.000259306423544377
-0.00249547718405626
-0.0
-0.0
0.420403636228353
-0.422070079377353
-0.0019143391867158
0.00358078233571541
-0.00398135057798867
0.423227273940501
-0.00169482749450383
-0.001126630429144
0.0025785107090324
-0.00145188027988838
0.405399361028913
-0.647574823421515
0.166689557257035
0.0754859051355672
-0.232594613202081
0.241981591988387
-0.245895490927955
-0.0
0.00111826948192715
0.413247832867802
-0.0
-0.0107495034183973
-0.000713697686501235
-0.00145188027988838
-0.0
-0.0
-0.0
-0.0
-0.00202290784737255
-0.417898788069521
0.00600207181601743
-0.0118113009432986
0.0118113009432986
0.41820615389198
-0.419557270506278
-0.00200793227987744
-0.0136696826298048
0.0170287315239804
-0.0
-0.421424674609831
0.00550998141953702
0.00335904889417569
-0.0
-0.0
0.00197495922411212
-0.253414215273102
0.663468783788783
0.241728984143749
-0.415255765147679
0.00536869730519753
-0.00200964841102185
0.417813603608656
-0.423191892664048
0.00537828905539144
-0.0
-0.0
-0.0
-0.00246938609622537
0.000446478248852862
-0.00846113830215283
0.00779183365551863
-0.00472543361803242
0.00229229649310855
0.419657286343277
-0.0051304848075065
-0.415914693190294
-0.418597260087613
-0.243479964414794
-0.0111137731443198
0.00335904889417569
-0.243332448481782
0.243332448481782
-0.0
-0.0
0.40970488821827
-0.414825773157391
0.249700554201716
