-0.000721228763302494
0.608600609157082
-0.608600609157082
0.0
0.00286445112126725
0.00584564270366902
-0.00871009382493628
-0.00868208937628658
0.630367598515394
-0.628146734620925
-0.293671164912838
-0.000334515281627047
0.92215241481539
-0.621685509139107
0.0
0.0
0.00302173379570294
-0.00739748696238551
0.0
0.0004818565314191
-0.293246431535083
0.293246431535083
-0.00470944603806751
-0.00133068460916663
0.00604013064723411
-0.616822285653498
0.0
-0.00168771224236457
0.00168771224236452
0.0
0.0
-0.000677800893186227
0.0096662322669689
-0.00570807052425192
-0.296517371903224
0.296517371903224
0.000163343097104919
-0.000163343097104909
0.625057715444964
-0.625057715444964
0.0
-0.305107345456294
0.327998291318926
-0.621588350715781
-0.0086501645179382
0.297783980485352
0.00249679978235175
0.625730924834162
-0.627757473746533
0.00515855108633769
0.00144019236900452
-0.618354680642443
0.625334459050123
0.339183907027375
-0.329999531291825
-0.00868208937628658
0.00868208937628657
-0.00736432408615936
0.00270110802416233
0.0
0.0
0.0
-0.0053756037139385
0.623730284356382
-0.624329793966655
0.924482550295738
-0.62961441323343
0.000189546893377694
-0.291878859410762
-0.00966623226696886
0.0117413746433068
-0.00207514237633786
0.0
0.0
0.621685509139107
0.623443567973339
-0.623443567973339
0.0
0.321929424562436
-0.321287349151578
-0.000642075410857885
0.0
0.00239144684261731
-0.297217479214048
-0.00962323005544527
0.927256310670777
-0.000339111994991765
0.000339111994991757
0.0
0.623712882437567
-0.623712882437567
-0.00175805883423156
0.62909936504124
-0.625057715444964
0.619635644972581
0.00501782857754045
0.00254340657590671
-0.0031854819867646
0.0
-0.00179933999798001
0.289321042146812
-0.290881495834613
0.294125909676656
0.0106468201484946
0.00223339175460838
-0.00772957522826321
0.620881848295156
-0.623630873382103
0.00824520856060207
-0.291685977847282
0.000900918660696624
-0.00700231389716141
-0.299888736423137
0.0
0.6340212632397
-0.296455709612638
0.30165037556016
0.0
-0.00101606774903069
-0.00235613855682661
0.921482971524972
-0.625057715444964
-0.294826032371431
-0.00409615892861123
-0.628079449240667
0.0
-0.625057715444964
0.927764014927934
-0.989824894722863
0.687118595239894
0.308695093377873
-0.00753055906514098
-1.55195776609585
1.85823320891689
-0.647449068039986
-0.613988809048095
0.653997899954306
-1.95696583375864
1.95696583375864
0.0
0.63184183670546
-1.90000651402909
0.920075772307651
-0.912673346022442
0.616072432682704
0.644689818355719
-0.0401010952786578
0.0401010952786578
-1.28178692077779
1.28178692077779
0.0
0.00971150923756417
0.0
0.621685509139107
0.0
-0.296425256080007
0.00317882454492387
-0.00621568909511682
0.00303686455019293
0.607116952066003
-0.610468341753109
0.294826032371431
0.0
0.0
0.0
-0.00370713431464833
-0.00166846939929015
-0.000996181362685109
0.000677800893186225
-0.615064226819267
-0.0109728972047458
0.629327577847189
0.0
0.00329045382317682
-0.610096556338553
-0.00697715997375314
0.00545903090655672
-0.00301438267090023
1.2524803665904
-0.625057715444964
-0.633081721791833
0.644535798994601
1.25500971919919
-1.27082734552895
0.0154785143347636
0.000339111994991757
-0.00604013064723413
0.631097846092198
-0.625057715444964
-0.0277173936278328
0.681280539767283
-0.596117530935623
1.25011543088993
-1.95671466875489
0.685393454508273
-0.00895170864856716
1.57669817897519
-0.296425256080007
-0.670055263228027
1.26290577538804
-0.0310669036319597
1.4044382466663
-2.08094881300904
1.88208354802074
-1.88165995378223
1.59694977399906
-0.402455095505648
-2.04400153589375
-0.0934651696620074
1.42298040273665
-1.50541082041551
-1.53521230189437
1.66030466519612
-0.615284981988721
0.192343593868546
0.210460032958475
-0.384676918898495
0.657497180856285
0.000208363928053065
-0.296857774351548
-0.354424815725695
0.354424815725695
0.296919444222434
-1.03919837886991
-0.509465381128464
-0.418781067547745
1.16389460302622
-0.119680790109677
-1.04434198562796
0.538860823326167
0.602323741954214
0.488670917778758
-0.488670917778758
-0.73241423667327
0.687611145449647
0.0448030912236226
-1.15865186380403
0.0230078040433307
-0.115214256085323
1.25085831584602
0.287090006007151
0.0
-0.642388417175675
0.600464102839537
0.0419243143361382
-0.641514821732846
-0.636011442485041
1.27752626421789
0.0
-0.663450921883164
-0.586664509006765
1.25011543088993
0.0
-0.644689818355719
0.328327196288628
-0.936453916847
0.598818638959785
0.964147651216454
-0.954839569617867
-0.296730519156336
0.306369133441393
-1.32166346468422
1.28105591741353
0.981394269480229
-0.305735518138875
0.0
0.606719573166457
-1.27049185616726
-0.601519784271259
0.0151766363821324
0.579523068174482
-0.269373316912334
0.910780210138534
0.0291854694892471
-0.948950896577196
-0.647828108992912
-0.00616979096139466
0.610650942711287
0.0433469572430195
-1.27905561539927
0.635948403207065
-0.627270888945876
0.00157917325328059
-1.25079323178312
-0.70592143697177
0.702557588268681
0.00100478504608244
1.25315229544012
-0.662589337787156
-0.587526093102773
-1.25011543088993
1.25011543088993
-0.0440347437926179
-1.22221824171005
0.924017546214441
-0.311762460666082
0.680528569894488
0.0
0.0
0.344355077684101
-0.325214161324542
-1.30932952233592
2.25629362009337
-1.58018047936691
0.936869676548081
0.951002940682902
-1.85741164937893
1.56026518215208
0.0
0.294089847761397
-1.2783141095477
1.25011543088993
0.0130022547588386
1.89289874679863
0.0
-0.685268943375415
1.0956193521996
-0.0524846086900063
2.09791845604738
-1.09914358867699
0.0
0.307223810472201
-0.666069175056026
-0.586747363858065
0.276642326118237
0.645913174497677
-0.924319667486531
-0.331640651811053
0.624693701585203
0.315547559382932
-0.335822579762888
-0.583379632953913
-0.00263874852205229
0.63406824904364
-0.00337220630585728
1.26027175845628
-1.26027175845628
0.628429921750822
-1.28027292289518
0.626275022940873
0.653997899954306
-0.0541755016960137
0.647026013856028
-1.25402278179111
0.00786876662825178
0.653303503002846
0.0
0.9280053135321
-0.9280053135321
0.274043142109318
-1.54879467228776
0.620753630224134
0.653997899954306
0.0199745985801505
0.628429921750822
0.606719573166457
-0.0138690610064427
-1.24947335547907
-0.313588806530257
0.94746431451225
-0.627320266705376
-0.612645261820351
1.86153754001224
-1.5509156272508
1.24851620718135
-0.351402852912905
0.647828108992912
0.0
-0.327398264171114
-0.00566655129107334
1.254076846617
-0.00156996888445073
-0.653321979508715
-0.299492623368216
0.296586075405121
-0.606925170409231
0.0106468201484946
-1.25011543088993
-0.0162911875994728
0.00863293135642119
0.00765825624305156
-0.609677527958885
-0.0173054537702626
0.616279538266106
0.00630470394261623
0.613653216207357
-0.614640452496599
-0.0139475238845828
0.00770456237895856
-0.593652607296898
-0.0053756037139385
0.00537560371393849
0.592850512160014
0.0128981254419669
0.0
0.621685509139107
-0.621685509139107
-0.00437575316668256
0.932880185071274
-0.956221825532424
0.0230079475897653
-0.0208547195105994
0.632428142379185
-0.310742171736686
-0.296121805093833
1.25011543088993
-0.625057715444964
-0.0213868037926049
-0.00499994997252842
-0.301123743501518
0.302006328784222
0.00471582993725546
-0.296425256080007
-0.000642075410857885
0.0
-0.000339111994991765
0.000339111994991757
0.627764691497039
-0.300905214729363
0.00333572383675525
0.00202247795836808
-0.00191669822955265
0.0
0.0004818565314191
0.0
0.0
0.000321438002234652
0.0
0.0
-0.00437575316668256
-0.00628104340296226
0.00317882454492389
0.293246431535083
0.00112153910479377
0.0
0.00162060336301686
-0.00364894991101624
0.0020283465479994
0.0
0.00841342839388622
0.283180721211472
0.0129054228735438
-0.301794214609267
0.00730729423282858
0.296425256080007
0.0
1.25011543088993
-1.25011543088993
-0.00135391361303539
0.00199598902389326
0.0
0.0
0.0
0.0
0.320171365728205
-0.330611513938723
0.00868208937628657
0.0
0.0
0.00673999523669397
-0.0142636123209519
0.00752361708425797
-0.00835324728072627
-0.288072008799281
0.296425256080007
0.00317882454492387
-0.00385662543811011
0.000677800893186225
-0.00670303480252102
0.00750512993940479
-0.000802095136883754
-0.631338758847927
0.0
0.621685509139107
-0.296425256080007
0.29305304977415
0.0
0.00349243213731382
0.000321438002234652
-0.00682249449061867
0.623798675062259
-0.913722874653882
0.0
0.0
0.0
-0.296425256080007
0.283323762074213
0.0131014940057945
0.000321438002234652
-0.293246431535083
0.0
0.00458408128443838
-0.0045840812844384
0.0
0.00302173379570294
0.00349243213731382
-0.00349243213731382
0.0
0.0
-0.294826032371431
0.0031400545241483
0.291685977847282
0.0
0.625057715444964
-0.921482971524972
0.296425256080007
0.000160819325114125
-0.000499931320105886
0.000339111994991757
0.0
0.00144019236900452
-0.00504911196353862
0.0
0.0
0.0
0.0
0.0
0.0
-0.294826032371431
0.919883747816395
-0.625057715444964
-0.291685977847282
0.291685977847282
0.0
0.0
0.0
0.0
-0.294826032371431
0.296266224740435
0.000793199385603862
-0.00223339175460837
-0.28711499402114
0.28711499402114
-0.0106468201484946
0.0136685539441975
-0.00302173379570296
0.0
0.0
0.0
0.0
0.0
0.0
0.00411736468982417
-0.00411736468982417
0.0
0.007045056642508
-0.00433808059043318
-0.000315529209457519
-0.00159922370857667
0.00473927823272497
0.291685977847282
0.0
-0.290144212677045
0.290144212677045
0.0
0.301134702118075
0.0
-0.296425256080007
0.296425256080007
-0.625057715444964
0.00128096433013726
-0.00128096433013726
0.0
0.0
0.00380527762058726
-0.00380527762058727
0.0
0.0
0.00198599548926605
-0.00636174865594861
0.00437575316668255
0.0
-0.298993565050554
-0.00299326609465326
0.0
0.0
1.25011543088993
0.294826032371431
0.625057715444964
-0.625057715444964
0.0
0.000802095136883744
0.0
0.0
0.0
0.0
0.0
-0.315425323509228
0.315425323509228
0.0
-0.00999348862569783
0.00999348862569785
-0.00955733799201242
0.00719240229154236
-0.294060320379537
0.000514112193617722
-0.00384983603037299
0.0
0.621685509139107
0.0
-0.0053756037139385
0.0
0.000321438002234652
-0.000321438002234651
-0.00637178507662361
0.00434343852862421
0.00535820179512332
-0.00535820179512333
0.318566749041346
-0.619367758288035
0.303192456089307
-0.00239144684261733
0.0
0.0
0.0
-0.294826032371431
0.294826032371431
0.0
-0.294826032371431
0.294826032371431
0.0
0.0
0.0
0.00283640035968692
1.2459980662001
-1.25011543088993
-0.625057715444964
0.0100387586392763
0.000625691890312802
-0.00396141572706804
0.0
-0.912545318895129
0.28862069367692
-0.0325750084716435
0.0335369246756243
-0.000961916203980784
0.0
0.00175805883423156
-0.00175805883423156
-0.296425256080007
0.914779936722451
-0.618354680642443
0.0
0.0
0.0
-0.296425256080007
0.618354680642443
-0.321929424562436
0.0
-0.00205903261330444
0.00633215757985833
0.0
0.0
0.0
-0.294826032371431
0.0
0.000160819325114125
0.625538971530708
-0.625699790855822
0.334913502767919
-0.334913502767919
-0.00334398230760258
0.00398605771846043
-0.293888506945941
0.293246431535083
0.0
0.0
0.0
0.0
0.0
0.00551246886332878
0.323119990501628
-0.328632459364957
0.0
-0.00802400634686859
0.0080240063468686
-0.294826032371431
0.294826032371431
0.0
0.00364894991101623
-0.00364894991101624
0.0
0.0
0.0
-0.00159922370857667
0.00110108037401275
-0.00547683354069531
0.00437575316668255
-0.625057715444964
0.0
-0.0016913395317933
0.00169133953179332
0.0
0.0
0.0
0.0076943656060714
-0.621685509139107
0.618354680642443
-0.622396330238719
0.00404164959627537
-0.00670303480252102
0.331963287861621
-0.3252602530591
0.0
0.0
0.0
0.0
0.0100565589489719
0.296425256080007
-0.618354680642443
-0.621685509139107
0.00597416398943739
0.622487604275991
-0.622487604275991
0.0
0.0
0.0
-0.0112438802906425
0.00604013064723411
0.00750129759143569
-0.00750129759143568
0.0
0.0
-0.00637178507662361
-0.290053471003384
0.00551246886332878
1.25011543088993
-1.25011543088993
0.625057715444964
-0.625057715444964
-0.296425256080007
0.293724148055845
0.628080261471361
0.0
-3.5725482328332e-05
0.621721234621435
-0.918110765219114
0.286104905143067
0.0103203509369399
0.0
0.0
0.00612769513823981
-0.00612769513823982
0.0
0.000642075410857895
-0.000642075410857885
-0.00570807052425192
0.00570807052425191
0.0
0.0
0.0
0.0
0.000961916203980771
-0.292647894051263
0.0
0.0
0.00159922370857667
-0.00159922370857667
0.0
0.00364894991101623
0.0121524680052291
0.621685509139107
-0.00333082849666376
-0.618354680642443
-0.00750129759143568
0.0
-0.0112985830466785
0.00960724351488519
0.00169133953179332
0.0
0.0
0.0
0.00159922370857667
-0.00159922370857667
-0.288536985497016
0.293246431535083
-0.293246431535083
-0.00317882454492389
0.00317882454492389
0.29155509200329
0.00169133953179332
0.0
0.330231683073534
-0.32911014396874
-0.00112153910479378
0.0
0.0
0.0
0.0
-0.293246431535083
0.293246431535083
0.0
0.0109464416606252
-0.0109464416606252
-0.00173310202473309
-0.29628957991085
0.301614090850319
0.0
0.00144019236900452
-0.00144019236900452
0.0
-0.296425256080007
0.296988040696524
-0.00056278461651728
0.0
-0.294826032371431
0.294826032371431
0.00489428830926465
-0.308683868475431
0.303789580166167
-0.00239144684261733
0.0
0.0
0.00144019236900452
-0.00144019236900452
0.625057715444964
0.628429921750822
-0.625057715444964
0.0
-0.293246431535083
0.286042926774038
0.294050913547752
0.0
0.0
-0.000950084408281796
-0.299656986632483
0.299656986632483
0.0
-0.00270110802416233
0.00270110802416233
0.61618576592406
-0.614904801593923
-0.0036459000306073
1.59096385132394
0.0
0.0
0.618354680642443
-0.616914488273439
-0.297865448449012
0.288393446801516
0.0080318092784916
0.0
0.0
-0.294826032371431
-0.00501752344397102
0.32705285852861
-0.330231683073534
-0.625057715444964
0.00159922370857667
-0.29484565524366
0.293246431535083
0.0
0.00270697605207482
-0.00659606403755896
0.00306618979648533
0.000642075410857895
0.324466173696502
-0.31700113461904
0.616950600956645
0.0
0.0
-0.00236493570047005
0.00175805883423156
1.24851819138081
-1.25027625021504
-0.291685977847282
-0.298631309992018
-0.016457106287882
0.311283138659313
0.0
0.0
-0.294826032371431
0.294826032371431
0.00689261630141295
-0.00689261630141294
0.0
0.00396141572706805
-0.300386671807075
0.296425256080007
-0.00307903924763546
0.00307903924763549
0.0
0.625057715444964
-0.631097846092198
0.00858943876409257
-0.00254930811685846
0.0
0.0
0.0
0.624076955981725
0.00647603546427599
-0.00159922370857667
-0.291685977847282
0.906750204666549
-0.615064226819267
-0.310607432669245
0.0
0.309176136051521
-0.000321438002234651
0.0
0.0
0.00144019236900452
-0.00144019236900452
-0.00202834654799937
0.00661242783243779
-0.299410113655869
0.294826032371431
-0.294826032371431
0.294826032371431
-0.00497287724354205
0.624255620308081
-0.625057715444964
0.0
0.0
0.0
-0.296425256080007
0.916060901052588
0.0054220704723838
0.0100918411824383
0.00458408128443838
0.626140185451599
-0.630724266736038
0.0
0.0
0.000410230375175835
-0.000410230375175825
-0.235952026520098
0.235952026520098
-0.0102059861302446
-0.00396141572706804
-0.622487604275991
0.0
-0.00736432408615936
0.00736432408615936
0.621163412061333
-0.627291107199573
-0.0106468201484946
0.0106468201484946
0.0
0.0
0.0004818565314191
-0.000481856531419088
0.0
0.0
-0.00570807052425192
1.25931593355149
-1.25563620957524
-0.323528648271013
0.296425256080007
0.00112153910479377
-0.00112153910479378
-0.297190968071901
0.297190968071901
0.0
-0.308698558725776
0.0154521271906925
0.293246431535083
-0.0103495611260531
-0.286075694953954
0.921482971524972
-0.00144019236900452
0.0
0.621685509139107
-1.22725545181654
1.52570905444455
-0.00292011049148163
-0.290326321043602
0.623478114608617
-0.621917660920816
0.291685977847282
-0.00190692997796171
0.000625965647824474
0.0
0.0124201221514722
0.613942687714473
0.00127937351095582
0.00489428830926465
-0.0171675909550333
0.0122733026457687
0.00110639228703569
-0.00286445112126724
0.00317882454492387
-0.000945432790315482
-0.00223339175460837
0.0
0.00175805883423156
0.623732727925463
0.291685977847282
0.0
0.331541296462062
-0.332557364211093
0.00101606774903066
0.00302173379570294
0.00333572383675525
0.621721991608209
-0.625057715444964
0.0
0.00628104340296224
-0.302706299482969
0.296425256080007
-0.00270110802416233
0.00270110802416233
-0.00999348862569783
-0.284832543745733
0.294826032371431
0.00286445112126725
-0.00286445112126724
0.0
-0.321817795284183
-0.625057715444964
0.0
0.0
0.0
0.000339111994991757
0.00239144684261731
-0.00876323191924094
0.00637178507662364
0.0
-0.00688460037916966
0.00688460037916964
0.0
-0.293246431535083
0.295479823289692
0.00545958221068098
-0.0103538705199456
0.0
0.00628104340296224
-0.00547894826607851
0.0
0.0
-0.00835324728072627
-0.00267120597405902
0.00570807052425191
0.0
-0.0103203509369399
0.0103203509369399
0.0
1.25011543088993
-1.24756612277307
-0.00570807052425192
0.00188875431544447
0.00381931620880746
0.618354680642443
-0.0076943656060714
0.0076943656060714
0.00612833531481295
0.0
0.625057715444964
-0.624095799240984
-0.000961916203980784
0.0
0.00582044951981677
-0.00582044951981676
-0.00126990773782353
-0.297546795184801
-0.91493194067419
-0.625057715444964
0.00473927823272497
-0.00473927823272498
-0.610437142494491
-0.297227351216891
0.296425256080007
0.0
0.0
-0.00254930811685846
0.0
0.0
0.613804115105682
0.0
0.622854358552128
-0.626815774279196
-0.00404164959627539
0.00268773598323999
0.00183577014445447
-0.29530788890285
0.294826032371431
0.632255032132439
0.0
-0.00202834654799937
-0.29877266269869
0.0
0.00112153910479377
-0.00112153910479378
0.0
0.0
0.00442869701329611
-0.00442869701329609
0.0
0.621685509139107
-0.621685509139107
-0.00504272921889961
0.0
0.615963233799826
-0.295439611820186
-0.00297230386193056
0.00169133953179332
1.54464282675515
-0.633041714577623
-0.612073637239481
0.622508407328106
0.290717185555755
-0.000802095136883754
0.00198430632406522
0.0
-0.00966623226696886
-0.291274564874186
-0.000132154455184371
0.00363955851916483
-0.00191669822955265
0.621685509139107
0.00111286736627828
-0.615064226819267
0.00268262180071117
-0.610480145534828
-0.0045840812844384
0.00159922370857667
-0.00159922370857667
0.0
0.0
0.0
0.0
0.0105022692142023
0.0
-0.290144212677045
0.290144212677045
0.00175805883423156
-0.296584091205662
0.294826032371431
0.00302173379570294
-0.294424319870404
0.291685977847282
-0.0130939369281194
0.0187604882191928
-0.00566655129107334
-0.298289160753983
0.000245310095541283
-0.629641796729403
-0.00193201393685276
0.00193201393685276
0.630433319158903
-0.625057715444964
0.0
0.0
0.0
0.0
0.0
0.0
-0.618354680642443
1.25011543088993
-1.25011543088993
0.0
0.617611136847689
0.00825812430389037
0.0
-0.294826032371431
0.294826032371431
0.0
0.0
0.304930512715818
0.0
0.0
0.0
0.0
0.00703388081140694
0.00473927823272497
0.0
0.00223339175460838
-0.30469877848185
-0.00719731668747453
-0.293246431535083
-0.00317882454492389
0.0
0.0201376271527187
0.0
0.0
-0.294937771066877
0.287243405460805
0.625057715444964
-0.622666268602347
-0.00239144684261733
-0.0016913395317933
0.00873639617430132
-0.309630069087113
0.00775898007317435
0.295147470373665
-0.304441059688313
0.304119621686079
0.0
0.00521511266860374
-0.00174721297997472
-0.00701306088839322
0.00621096575150952
0.0
0.0
0.293246431535083
6.38274463900757e-06
1.25010904814529
-1.25011543088993
0.00364894991101623
-0.0069990011919369
0.00335005128092068
0.00375089612010988
0.618354680642443
0.321668967899384
0.305065653203262
-0.642548987139471
0.00933858090952155
0.0
0.0
0.0
-0.00835324728072627
0.00835324728072625
0.621685509139107
-0.621857922568033
-0.00333572383675525
0.0
0.00380527762058726
0.625983876655517
-0.923931214738931
0.0
-0.00703979732745625
0.00703979732745622
-0.625699790855822
-0.00101606774903069
-0.00270110802416233
0.00270110802416233
-0.00999348862569783
0.00657965166299606
0.0133214822420764
-0.293246431535083
-0.00616426832369339
0.00504272921889965
1.25011543088993
-1.25045454288492
0.000339111994991757
0.62839343928172
-0.62839343928172
0.0
-0.296425256080007
0.296425256080007
0.00254930811685846
-0.304409221299696
0.301859913182837
0.00537560371393849
0.0
-0.00354631498953421
0.00354631498953422
-0.294826032371431
0.00159922370857667
0.919883747816395
-0.625057715444964
-0.0148555729305261
0.0177200240517933
0.333572570646777
-0.336437021768044
-0.930220369378858
0.933431756359601
-0.62473627744273
-0.288942131679155
0.28862069367692
-0.00175805883423156
0.0004818565314191
-0.296907112611426
0.00159922370857667
1.54494146326136
-1.25011543088993
0.0
-0.296425256080007
0.296425256080007
0.0
0.0
-0.302077901921675
0.0
-0.294826032371431
0.294826032371431
0.00175805883423156
-0.0101113061149578
0.0
0.0
0.0
-0.00929904862277199
-0.00386795363976245
-0.292718121765359
0.0
0.290385125432773
0.00620094997234823
0.00123101313798905
-0.00941583880997176
0.0080240063468686
0.0
0.618354680642443
-0.618354680642443
0.0
-0.625057715444964
1.25011543088993
-1.25011543088993
0.0
0.0
0.0
-0.0076943656060714
-0.296425256080007
0.300698381046561
-0.012817818128729
0.0
-0.627607023561823
0.00551246886332878
-0.00551246886332877
0.615064226819267
-0.615064226819267
-0.298289160753983
0.900737301976114
-0.000802095136883754
-0.00736432408615936
0.00736432408615936
0.0
0.00159922370857667
-0.00159922370857667
0.00333572383675525
0.618349785302352
-0.614792892837694
-0.00692909877051496
0.0
0.0
0.0
0.0
-0.303893251683578
0.312903779374185
-0.0276940246854792
0.0186834969948725
1.25011543088993
0.0
0.000802095136883744
-0.000802095136883754
-0.293246431535083
1.54336186242501
-1.25011543088993
0.0
0.0
-0.296425256080007
0.918110765219114
-0.916511541510538
0.294826032371431
0.0
-0.00641340127593414
0.00641340127593415
0.00520374964340835
-0.00520374964340835
0.628079449240667
-0.0045840812844384
0.0
0.00207514237633786
0.00359140891473548
-0.00566655129107334
0.0
0.618354680642443
-0.616686860459776
0.301467985298907
0.617771202871341
-0.616913234286276
0.0021637652106378
-0.618354680642443
0.0
0.0
-0.296425256080007
0.302399420069445
-0.00597416398943739
-0.300534102895682
0.300534102895682
-0.283180721211472
0.298024479788584
0.294826032371431
-0.00303686455019293
0.00303686455019293
0.00582044951981677
-0.00159922370857667
0.296425256080007
0.300195448519992
0.300230533700594
0.615989595390861
-0.914620905382879
0.0
0.295947571476224
-0.00112153910479378
-0.296425256080007
0.296425256080007
0.00207514237633786
-0.00207514237633786
0.302399420069445
-0.310973949597008
0.288227657736993
0.635126808513022
-0.614549403021856
0.00354411924170566
0.616054395743689
0.00699181035806139
-0.919016296640963
0.284699503562814
0.00392119011410586
0.0
0.0
0.0
0.00128096433013726
-0.00698903485438918
-0.30692752529421
0.00993037391159453
0.00159922370857667
0.624825563663256
-0.332776060749931
0.00277652945810588
0.0
-0.297103056973193
-0.927590093742541
0.294166350110721
0.0080240063468686
0.00566655129107335
-0.00566655129107334
-7.29492828981329e-05
7.29492828981106e-05
0.0
0.00597416398943739
-0.00185679929961322
0.0145341292971239
-0.296425256080007
0.296425256080007
-0.00437575316668256
0.00708272921875737
-0.00496139643887425
0.00225442038679947
0.00349243213731382
-0.0255361269787809
0.288072008799281
0.625021232975863
-0.625021232975862
-0.000677800893186227
-0.000338266855844444
-0.306407397595262
0.0141770338092091
0.291892517922048
0.00135391361303537
-0.0015796008363472
-0.00159922370857667
0.294071386161772
0.00235386991823553
0.0106504970406098
-0.303896928575693
1.54994905544435
-0.000935131373422142
-0.626804928424939
-0.000160019726025847
0.00836845227974877
-0.00852867115918756
-0.00751573734282602
-0.286817466180286
-0.0078403648629832
-0.276593226796071
0.290483324672037
0.624549960260374
-0.916235938107657
-0.0125886539153361
0.0015438745663426
0.0
-0.00202834654799937
0.00812344377179176
-0.0039755322743723
-0.000155384271142285
0.624746383121493
1.18702293857412
-1.81862135928825
0.00747245254288109
0.628666635039499
-0.630106827408503
0.329999531291825
-0.32967809328959
-0.29046565067928
0.290144212677045
0.328439077604024
-0.317344918367797
-0.0110941592362272
0.0
0.00535820179512332
0.00807667379802034
-0.303579088270189
0.291743436385622
-0.296425256080007
0.294826032371431
0.00975855915615507
-0.00975855915615507
-0.00404164959627539
0.285626701687813
0.326668702795161
-0.326668702795161
0.000321438002234652
0.00250264161924602
1.54336186242501
-1.54654068696994
0.296425256080007
0.625699790855822
0.00253674913406597
0.0
0.000802095136883744
0.624255620308081
-0.6383022503135
-0.00703388081140693
0.00703388081140694
0.0
0.00286445112126725
-0.00286445112126724
0.00223339175460838
0.00078834204109456
-0.00302173379570296
-0.296425256080007
0.00169133953179332
0.0
0.00175805883423156
-0.00175805883423156
0.0
0.00223339175460838
-0.00324945950363905
-0.00502406289820345
0.00827352240184249
-0.293919369601891
0.300766736110251
-0.00310659427353145
-0.000305786017909853
0.602166399938298
0.00646361766218415
-0.613147528589714
-0.303955092331982
0.634900804771634
-0.331296595221344
0.000653640660612872
0.00230952008585746
-0.28862069367692
-0.000160819325114121
0.630570184308293
-0.629608268104312
-0.000598815909362835
0.00561106369481949
-0.00766550352123069
0.00169133953179332
-0.00239144684261733
-0.294287244967993
-0.336437021768044
0.00349243213731382
0.0056116519712757
0.00317882454492387
-0.296425256080007
0.00906393443965426
-0.282700760897866
0.282700760897866
0.0
-0.00404164959627539
-0.293061407376918
1.24853388946323
-0.291685977847282
0.623227274309345
-0.325720846942245
0.000154820325885676
0.000172114132697847
-0.0024984340673841
-0.298474982282447
0.295147470373665
0.00565272598720274
0.293246431535083
0.621685509139107
-0.621685509139107
0.0
0.00112153910479377
-0.00200486013416251
-0.624635724045406
0.0
0.00497495436567509
-0.00184342246487731
-0.00144019236900452
0.0
-0.290144212677045
0.294417337643599
-0.00317882454492389
0.0
1.25011543088993
-1.24020778561055
0.0
-0.0116238786118946
-0.290841508115347
0.00921895519215799
0.293246431535083
0.0
0.0
-0.00868208937628658
0.0102813130848632
0.000634168046031699
-0.00223339175460837
0.00566655129107335
-0.913371486986389
0.291008176954096
0.000677800893186225
0.0
0.0
0.0
0.00689261630141295
-0.00689261630141294
0.00504911196353861
-0.00504911196353862
0.0
0.00535820179512332
-0.000618923562398348
-0.0025058864781166
-0.00223339175460837
-0.304819520997128
0.00839426491712118
0.0004818565314191
-0.000481856531419088
0.00286445112126725
-0.299289707201274
0.00159922370857667
0.294826032371431
0.322936579937748
-0.625057715444964
0.918694360259323
-0.618047878368076
-0.00654085348713429
-0.00565275525886134
-0.00600302607427809
0.03220720328495
-0.03220720328495
0.0
-0.00835324728072627
0.00431159768445088
0.00847034660957148
-0.00442869701329609
0.625057715444964
0.631338758847927
-1.25026877915465
0.022707301840853
-0.0231684456880194
-0.00390849245684179
-0.00175805883423156
0.0
-0.000481856531419088
-0.000943049189930777
0.00110386851504489
0.634804541399225
-0.624463091510137
-0.309035435900281
-0.293246431535083
0.293246431535083
0.0
-0.922823206506714
0.289153164229702
0.313834200027138
-0.298402336980935
0.610382407124881
0.0
0.00489428830926465
-0.00489428830926465
-0.00854538152391772
0.00949663599753049
-0.00239144684261733
0.631031879434402
-0.626626016763617
0.631429500521588
0.312087685461476
-0.000778803663851113
-0.6159157199036
-0.00169899812494372
1.25370491904289
-1.25153098904634
-0.291685977847282
-0.000339111994991765
0.923743269806942
-0.618819566284365
0.294392953899357
0.33373004571597
0.316824876542213
-0.00931394448719225
-0.00207514237633786
0.0
0.00916048210827487
-0.00724378387872223
0.00432029739300505
-0.00623699562255773
-0.296425256080007
0.296746694082242
0.00363997772483339
0.301448309710465
-0.00349243213731382
0.000160819325114125
-0.00973095765437016
0.00746309184750823
0.000304700386061594
-1.2597091552155
0.00270110802416233
0.297159447314082
1.24947335547907
-1.54654068696994
0.291136074370186
0.0106473835049448
-0.00535820179512333
0.00302173379570294
-0.00302173379570296
-0.0016913395317933
0.00169133953179332
-0.00175805883423156
0.000802095136883744
-0.000320238605464645
0.00253987726428384
0.00432766306658999
0.00433394350766143
0.00868208937628657
0.0
-0.00604013064723413
0.00604013064723411
0.0
0.0119769228301716
-0.0119769228301716
0.0
-0.314138207781347
0.629526132277769
-0.315387924496422
-0.0031696205129578
0.0112767350012778
0.955542521199588
-0.295953407587158
0.91493194067419
-0.627393579663359
-0.00128096433013726
0.00207514237633786
0.0156898266144906
-0.00317882454492389
0.00628104340296224
0.00176700568068022
0.00270697605207482
0.000314757743628118
-0.00302173379570296
0.00223339175460838
0.0120612365976444
-0.0127225258812827
0.0111854534176948
-0.953690174809921
0.298450181178492
-0.00891088395805669
1.25478448140856
-1.24602823513037
-0.00218466084227137
-0.00286445112126724
0.0
-0.00658719301933341
-0.296425256080007
0.296746694082242
0.000320637408623246
0.00331934031621015
-0.00252122335806353
0.00726990145593175
-0.0117469583751292
0.00605859834589587
-0.00302173379570296
0.0
0.00349243213731382
-0.613484625982919
0.293246431535083
0.000961916203980771
0.0028879198263922
0.0
0.326668702795161
-0.326668702795161
0.00886039839894236
-0.00886039839894237
0.0
-0.302797041156631
0.629952003754229
0.00207514237633786
0.2990668810549
0.00493459772141869
-0.333569643010061
0.00125291356855692
-0.294261577366869
-0.926164791219357
0.300492583662504
-0.31146548086725
0.298343029760504
0.00921395864990424
0.0
0.00333572383675525
-0.00333572383675525
0.00254930811685846
-0.919163343849077
-0.425085219007333
0.715229431684378
0.0
0.0
0.924211024723968
-0.30331787238142
0.0
1.13289017554245
-0.830490755473002
-0.305842925579767
0.00662233005524685
-0.631185410583204
0.959971218212884
0.290116586333363
0.0
0.0
0.0
0.621685509139107
-0.621685509139107
-0.000481856531419088
0.0
1.25266473900679
-1.25266473900679
-0.00342848170793025
0.00308936971293851
0.000339111994991757
-0.300368067223569
0.00286445112126725
-0.00354225201445347
0.00975855915615507
-0.0209157997600124
0.0111572406038574
1.82041924452015
0.0009477528917146
0.322055563020954
-0.609075432924363
0.28463727531356
-0.00284679223188913
-0.625057715444964
-0.631429500521588
-0.292161381609455
0.298533166686079
-0.0145341292971239
0.00574111859854027
0.325897560563696
-0.296425256080007
-0.302797041156631
0.599222297236638
0.0
0.0
-0.00101606774903069
0.00513343243885483
0.00551246886332878
-0.00317882454492389
0.0
0.00490796942169281
-0.000321438002234651
0.0
0.00112153910479377
-0.297546795184801
0.296425256080007
-0.919634284219239
0.294261577366869
0.600199909022307
-0.00686754033087384
-0.00216329051358698
0.00563761783604559
0.627787612115576
-0.923873756200592
0.29376112022362
-0.00285955217094755
0.00142648520546758
0.00190723270600057
-0.00725875415492597
0.0125140084411546
1.24231086848684
-1.24246241159205
0.00120737910106793
-0.00886039839894237
-0.00670303480252102
0.0105083124231083
-0.300230533700594
0.301474368043546
-0.00329105312930704
0.00128096433013726
0.00111048251248006
1.24772398404731
-1.25011543088993
0.0
0.634367977503832
-2.10490382700249
-0.625057715444964
0.00442869701329611
1.24568673387663
-1.24849953443713
-0.00224186210062048
-0.294200066723606
0.291118898056782
-0.292576161770628
0.299305029880979
-0.920906104663628
0.293246431535083
0.0
-0.000339111994991765
-0.292907319540092
0.296738863672397
0.616929996477076
-0.629831280138891
0.00940885152450141
0.326859476767677
-0.326859476767677
-0.294826032371431
0.294826032371431
-0.00270110802416233
0.00270110802416233
-0.000339111994991765
-0.0080141352857345
0.00835324728072625
0.00254930811685846
-0.00882531311009203
-0.0120905519578263
0.0183665569510599
-0.00470944603806751
0.00470944603806748
-0.305155060399962
-0.00239144684261733
0.000160819325114125
-0.000160819325114121
-0.296618637840941
0.302439087360757
-0.00546591497216697
-0.293388391529814
-0.000321438002234651
0.304757988785497
-0.00461281289634557
0.000551335556806881
0.0
-0.632710734742839
0.913412864795583
-0.618354680642443
0.00689261630141295
-0.00641075976999385
0.627754683458469
-0.628236539989888
-0.625057715444964
0.0107216031681502
0.00337220630585728
0.0
0.0
0.0027373574815028
-0.00273735748150277
-0.299050301933442
0.303323426899995
0.298684258124543
0.0021007786164397
-0.00606219434350774
-0.00472129121666495
0.00742826726873981
-0.299132232132082
0.296425256080007
0.0
0.00207514237633786
0.0
0.00663495144859841
-0.293514981986185
0.297781175785195
0.00239144684261731
-0.00239144684261733
0.0
0.0
-0.00195876522332348
0.00259449912273888
0.00711787159523751
-0.00207514237633786
0.0
0.00286445112126725
-0.304733677650805
0.294826032371431
0.0
0.0
0.62814505412579
-0.28711499402114
0.283742787715282
-0.289874225229226
-0.0141517217496697
0.307398153284753
0.621685509139107
-0.299756084576671
0.0
-0.290144212677045
0.290144212677045
-0.00473927823272498
0.00708136517497459
1.24429498137011
0.328939338778482
-0.631093448752385
-0.330053225075649
-0.00175805883423156
-0.00337220630585728
-0.298761120298402
0.302133326604259
-0.300364735059808
-0.291685977847282
0.28898486982312
0.00619354016147616
0.294826032371431
-0.00916394590770567
0.00868208937628657
-0.00736432408615936
-0.289060931993848
0.0
0.30331787238142
-0.00529339259283629
-0.00127778570634203
0.00127778570634202
-0.00159922370857667
-0.296425256080007
0.00473927823272497
0.291685977847282
0.00317882454492387
0.0
0.0
0.00563505199444563
-0.302060308074453
0.300230533700594
-0.00380527762058727
-0.296425256080007
0.290950557849997
-0.00116543510716883
0.333499610104856
-0.00736432408615936
0.00736432408615936
0.00734939686229294
0.00473927823272497
0.293444036681514
0.617718160913006
-0.619476219747237
0.0103538705199456
-0.000677800893186227
0.0111800701073886
-0.0105022692142023
-0.00703388081140693
0.00815541991620071
-0.00918018517138243
0.300866163018665
-0.30442577130245
0.297838578283116
0.0
0.0
0.00270697605207482
-0.00270697605207482
-0.00795592732706515
-0.298622035249022
-0.00263496753305216
-0.00396141572706804
0.0
0.0
0.00175805883423156
-0.00566655129107334
0.0
-0.393417326094276
0.00512664810540637
0.00237965838484504
-0.31658924453682
-0.00364894991101624
0.000642075410857895
-0.000642075410857885
0.0
0.625057715444964
-0.620784590478411
-0.295959102813836
0.0
-0.00105649070743881
-0.290144212677045
-0.00427125536595096
0.300696511445958
-0.00404164959627539
-0.283073344424864
0.281258524095743
-0.28285774780432
0.299760979916762
-0.000786415719896778
1.81204948688348
-2.11413427340983
0.299535478409498
-0.624549960260374
0.0
-0.296644700023789
-0.293246431535083
0.293246431535083
0.629952003754229
-0.301319544389272
0.633706593578201
-0.925756096491526
-0.00642478263829192
0.623088233166135
-0.320238194447836
0.628706665355981
0.621685509139107
-0.62008628543053
0.297690483492698
-0.00142425875226275
-1.67698360314517
1.67682278382006
0.000993387247703565
0.330547909214359
-0.327268171495508
-0.00831477456282928
0.00404164959627537
0.00317882454492387
-0.298004856916354
0.294826032371431
0.00643420921878413
-0.00181805447110263
-0.294760367424726
0.297189269319553
0.0
-0.296425256080007
0.296425256080007
-0.00236493570047005
0.00741404766400868
-0.28862069367692
-0.000451969521045904
-0.00317882454492389
-0.0016913395317933
0.00502706336854857
-0.000313990041052303
-0.00302173379570296
0.0
0.00159922370857667
-0.00159922370857667
-0.294826032371431
-0.000448745711652169
0.288361723171361
0.634247595945032
0.00307973339229459
-0.00205903261330444
0.011966677892679
0.00551246886332878
-0.913180713013874
0.295628127508314
-0.000802095136883754
0.00144019236900452
-0.00144019236900452
-0.312882362367889
0.312882362367889
0.321817795284183
-0.321817795284183
-0.000448237470917389
-0.00225287055324492
0.00270110802416233
1.24650155560668
-0.321071200965259
-0.00740242327404332
-0.297705598393477
0.917633048698353
-0.621685509139107
0.00734939686229294
0.0
-0.00504272921889961
0.00303686455019293
0.0
-0.0235440299362534
-0.628751359753056
-0.619136201022249
-0.000642075410857885
0.0
0.00286445112126725
-0.00357628932344475
-0.00592413171715484
-0.29387333066871
-0.00857783898863419
0.300201636085369
0.618354680642443
0.613276551949758
-0.621685509139107
0.0
0.00191669822955266
-0.00191669822955265
-0.000339111994991765
0.000339111994991757
0.00411736468982417
0.00489316300078248
0.620743656803962
-0.930384067864883
0.0122733026457687
0.00473927823272497
-0.00473927823272498
0.303165251316701
-0.00294357325980695
-0.0170950833540051
0.0207440332650214
0.000321438002234652
0.333371737597682
-0.962805206209329
0.00597497687525922
0.00236219201849138
-0.00396141572706804
-0.325636558877085
0.005623832544201
-0.00191669822955265
0.0
0.0
0.0102053005634533
-0.00813015818711539
0.622982573068627
0.00209649187883524
-0.00544962547672158
0.284982943044761
-0.61656145357526
0.0
0.0
0.00146611650220347
-0.29712069099053
0.295654574488327
0.0
0.00705745113199273
1.25011543088993
-1.25011543088993
0.00551246886332878
-0.00551246886332877
-0.00621096575150948
0.00621096575150952
0.0
0.000802095136883744
0.00409219317238091
-0.00281914593292679
-0.00207514237633786
0.0065871930193334
-0.00356545922363046
-0.0136685539441975
0.0106468201484946
0.0
0.625057715444964
-0.625057715444964
-0.291685977847282
0.906750204666549
-0.61556854770011
-0.295920935199164
0.301319544389272
0.0
-0.296425256080007
0.297546795184801
-0.0113357397928602
0.0121308989176191
-0.00191669822955265
-0.294826032371431
0.296106996701568
0.293246431535083
0.0
0.0
-0.296425256080007
0.293648726621901
0.00277652945810588
0.625057715444964
-0.619391164153891
-0.00566655129107334
0.625057715444964
0.0
-0.622982573068626
0.00779104619212363
-0.00746714460439347
-0.00437575316668256
-0.419167700670413
0.127118197757088
0.00628104340296226
0.280805631767523
0.00933858090952155
0.00128096433013726
-0.00606572729792516
-0.608859745114793
-0.307519415316234
0.00317882454492389
-0.0015796008363472
1.25423279557975
-1.25524886332878
-0.00612769513823982
0.0004818565314191
-0.00251020307941846
0.0020283465479994
0.00825812430389037
-0.29537311832503
-0.000961916203980784
0.00370713431464834
1.26845483780764
-1.26095458932192
0.333893357579084
0.00909101275294209
0.284155418782141
-0.0125974329728619
0.637461766656893
-0.621685509139107
-0.00453273815795927
-0.00468621703419873
-0.290385125432773
0.0038007498183201
0.324790127693008
-0.362574539763468
0.0341354621594446
0.0115362976891909
0.323377205078729
-0.62973953513935
0.294826032371431
0.00270697605207482
-0.301078478574733
0.297678294410634
0.621565283307651
-0.619181166892582
1.246936606345
0.0
0.0
0.000961916203980771
0.300696511445958
0.625057715444964
-0.625057715444964
0.0
0.328632459364957
-0.328632459364957
0.00380527762058726
-0.00200418501506674
-0.0134249712174152
0.0116238786118946
0.0
0.625057715444964
-0.622035981649261
-0.00223339175460837
0.0
0.624973381490968
-0.923507896623456
-0.00450743051076194
0.00428207181300255
0.000321438002234652
0.618033242640209
-0.618354680642443
0.00286445112126725
0.622193264323697
0.0
-0.625057715444964
0.000321438002234652
-0.000321438002234651
-0.296425256080007
0.298974564196866
0.00144019236900452
0.620245316770103
-0.621685509139107
-0.00999348862569783
0.00999348862569785
-0.293246431535083
0.622166715359206
-0.616663450527843
0.296425256080007
0.0
0.627197978002436
-0.627197978002436
0.0
0.0
0.0
-0.00370713431464833
-0.00533859298839767
-0.0051913025694866
0.00470944603806748
0.0106504970406098
-0.0106504970406098
0.255347412101235
-0.257686710623376
-0.329541207714606
0.331101661402407
0.294747980760209
-0.627242771388101
0.00383470171890452
-0.00210414657466192
0.296425256080007
0.000802095136883744
0.00593790009981022
-0.0048232970071413
-0.270427458252098
0.289593377199279
-0.300139047836496
0.625057715444964
-0.329419837067264
-0.00342392245341805
-0.591818036549214
0.911489482899274
0.94271816765865
-1.55778239447792
-0.00186390467397572
0.00186390467397576
-0.00303686455019293
0.00150624305704931
0.010840883552011
-0.00457098382614247
0.291685977847282
0.336437021768044
0.000787673450921245
0.305368507375149
0.0034606137847415
-0.30105099393817
0.0
0.621376414438146
0.0
0.912093492922919
-0.611813180576429
0.00440016623773321
-0.307540283810499
0.0115927123342745
0.294826032371431
0.331811283909881
-0.323704169421561
-0.00810711448831995
-0.000160418529184438
-0.000321438002234651
0.00411736468982417
-0.00188397293521578
-0.00127147555062759
-0.0076649510065018
0.00670303480252105
-0.62523755163828
-0.000262327288502661
-0.30998460525685
0.309022689052869
0.00217411915375953
0.624749365949014
-0.00658201031029065
-0.00230212257419917
-0.297686864847587
0.29986876159033
1.25011543088993
-1.2524803665904
0.00771865281118477
-0.0157177583289682
0.0
0.00761808146306044
0.00286445112126725
-0.0072402042879498
0.632925900748961
-0.622308928531816
-0.00380527762058727
0.0115973231117857
-0.640924900958975
0.0109728972047458
0.0
0.000993387247703565
-0.00559133802806137
-0.000796142630250779
-0.297387172283988
0.295908274511935
0.293780002437474
0.00264525364253278
0.630198486973082
-0.00849577185174123
0.930384624178597
-0.294273303962623
0.611484291440467
-0.608936531681027
-0.00612769513823982
0.0
0.0
0.625057715444964
-0.635378066381904
0.0162945149263773
-0.00190869909739282
-0.30024541087651
0.307274105220693
0.296425256080007
0.0041016661527628
-0.00945986794788611
-0.309360161668555
0.934417877113519
-0.915201928122009
0.290144212677045
-1.53773312434288
1.53629817878518
-0.291811485977385
0.293246431535083
0.00157758623456089
0.002695538731993
-0.0141777720373398
0.0148555729305261
0.00112153910479377
-0.00224170542543405
0.00155323763537027
-0.00043307131472999
0.00765661407757127
0.000520831224789345
-0.00635646483690583
0.30588353281505
-0.296825959953982
0.621955496586926
0.00307260057813958
-0.00671887048163368
-0.293246431535083
0.293246431535083
0.0
-0.000500773592601015
0.00270697605207482
0.000157475069192434
-0.00286445112126724
-0.296425256080007
0.00159922370857667
0.294148231478244
0.000677800893186225
0.62857812544052
-0.296806120425978
0.299618999062565
-0.00253572709166423
0.00141418798687045
0.621685509139107
-0.617568144449283
-0.00379592668758953
-0.000321438002234651
0.00239144684261731
-0.00404164959627539
0.00404164959627537
0.0
0.00159922370857667
-0.00630866974664418
1.25201796580722
-1.2529798820112
-0.625057715444964
0.00315566709119915
0.916511541510538
-0.621685509139107
0.000802095136883744
-0.00450922945153209
0.00719956645196216
-0.00349243213731382
0.297103056973193
0.0
0.0
0.626179254549758
-0.622813026579309
0.625057715444964
-0.625057715444964
0.622006947141342
-0.622006947141342
0.00171754443702203
0.621599401542377
-0.293246431535083
-0.00404164959627539
0.297288081131359
0.0
0.00396141572706805
-0.00396141572706804
0.0085596135588107
-0.304984869638818
0.297546795184801
-0.00112153910479378
0.624831044233427
-0.628055366518005
-0.30959293746814
0.0103382080834136
-0.301134702118075
0.302574894487079
0.0
0.619181591509091
-0.613977841865682
0.613632787530454
-0.614097258941138
-0.00473927823272498
-0.00168504027513165
-0.293724148055845
1.55297489618872
-1.25352790631301
-0.00270029579346829
0.618354680642443
0.0070244728047557
-0.625379153447199
0.0
0.624076955981725
-0.624076955981724
0.0
0.0
0.00628104340296224
-0.00628104340296226
0.331772513889106
-0.331772513889106
-0.00159922370857667
0.0
0.0
0.0
0.00720569994577531
-0.298891677793058
0.291685977847282
0.0
0.328632459364957
-0.328632459364957
0.0
0.0
-0.00270792538684919
-0.000321438002234651
0.624635724045406
-0.628007930351263
0.00337220630585728
0.625057715444964
-0.631097846092198
0.00604013064723411
1.25011543088993
-1.25515816010883
-0.625057715444964
-0.293246431535083
0.621878890900041
-0.625057715444964
-0.0631003442221892
-0.00933858090952158
0.00933858090952155
0.0
-0.293246431535083
0.300415490402232
-0.0122117880860487
0.0
0.00144019236900452
-0.00144019236900452
0.00582044951981677
-0.625699790855822
-0.00737292760383675
-0.285873503931247
0.000160819325114125
0.00207257242949425
-0.00223339175460837
0.0
0.300244173841184
-0.00509670346751881
-0.000321438002234651
0.0
-0.292845320701207
0.0
-0.296425256080007
0.919868824053346
-0.623443567973339
0.0
0.625057715444964
-0.625057715444964
0.0
0.0
0.0
0.0
0.0
0.0
-0.296303503051825
-0.00270110802416233
0.000271918144455056
-0.00181649296167814
-0.644176760677939
-0.285262138174098
0.3037746529423
-0.0180973362311292
0.0112297959002554
0.000799107798718157
-0.294527395865221
0.911952228412925
-0.618705796877842
-0.296425256080007
0.296907112611426
0.00564583860682071
0.617157037709444
-0.918110765219114
0.294826032371431
-0.00333572383675525
0.00159922370857667
0.293246431535083
-0.00170690854576472
0.00170690854576475
-0.296425256080007
0.914779936722451
-0.614705730731427
-0.015597734745646
0.0121096041597438
0.324759194817108
-0.00720350476104524
0.627949632246106
-0.924535707651227
0.302435666553131
0.0136753335723144
-0.286472785090704
0.299565310604155
-0.00473927823272498
0.0
0.0
-0.00140301949648927
-0.919051186180332
0.291685977847282
-0.303893251683578
0.309251453478701
-0.925628255121095
-0.00489428830926465
-0.00115782619778987
0.615225046144381
-0.615225046144381
0.0
-0.00262504585343439
0.000596699305434961
0.0020283465479994
-0.00437575316668256
0.00403664117169083
-0.294486920376439
0.29530788890285
0.303991125658427
-0.297217479214048
0.294486920376439
0.0109464416606252
0.0
0.0
-0.00270440681047888
-0.00468963744979064
0.00135391361303537
0.620588072397052
0.00463046237302678
0.0004818565314191
-0.000481856531419088
-0.0106952267516771
0.0106952267516772
0.00597416398943739
-0.011016893208337
-0.288203702316184
0.302706299482969
-0.0118248036483562
0.0087991449192542
-0.00643420921878413
0.625057715444964
-0.614259161052771
0.0
-0.283827823107145
0.287695134161065
0.0
0.0
0.00159131634375048
-0.00223339175460837
0.0
0.0
-0.00198918404722864
-0.306709374678547
0.308698558725776
-0.296425256080007
0.296425256080007
0.00170241368253204
0.00303686455019293
0.00280426757705505
-0.00266738305488573
-0.00191669822955265
0.0
-0.293246431535083
0.293246431535083
0.0
0.000160819325114125
0.00411230564143977
-0.00200609529176482
-0.28687464645846
0.00165020275365804
0.000321438002234652
-0.287436432023374
0.293039891460318
0.000321438002234652
-0.295147470373665
0.287131666765359
1.2581394372368
0.00189089107678468
-0.298474982282447
0.00157960083634721
-0.304175672057029
0.00189553146775072
-0.0120178132130418
0.0
0.0042731249665539
-0.00109430042163002
-0.958429453042646
0.00112153910479377
-0.00127778570634203
-0.000321438002234651
-0.000160819325114121
0.0
0.0
-0.287690463000639
0.910684417132778
-0.623936176340171
-0.00112153910479378
0.00689261630141295
-0.0045840812844384
-0.293246431535083
0.293246431535083
-0.296425256080007
0.290385125432773
0.0117959558205283
-0.292907319540092
0.293246431535083
0.300346811056744
-0.00157573390776116
-0.001595260227318
-0.00933197160091058
0.63406824904364
-0.922836885138007
0.297779169693043
0.00397258357478994
0.00157188586597889
0.624116888945644
-0.627922166566232
0.000961916203980771
-0.000319840793122884
-0.000642075410857885
-0.303652133855183
-0.297533008423505
0.294826032371431
0.00270697605207482
-0.299132232132082
-0.00520374964340835
-0.318109089236351
-0.016912860839537
0.0096342116108635
-0.00128096433013726
0.0
-0.00370713431464833
-0.626974413674517
0.0
0.0
-0.294826032371431
0.299254729384727
-0.00442869701329609
0.00689261630141295
-0.00928830104349574
-0.295752494603844
-0.00355272615621557
0.920361009426665
0.0
-0.294826032371431
0.616980925048819
-0.616980925048819
0.0
0.618858237218937
0.00619947822602762
-0.625057715444964
0.00144019236900452
0.00126678368307032
-0.00270697605207482
0.0
0.0
0.0
-0.296425256080007
0.292049502913325
0.0100423044577559
0.0100565589489719
0.0
0.000160819325114125
-0.000160819325114121
0.330231683073534
0.00051369986135139
0.0
-0.00239144684261733
0.0
0.621690404479199
-0.621690404479199
0.627764691497039
-0.627764691497039
0.0
-0.61740469614709
-0.0027587309886098
-0.00329506460068796
-0.00159922370857667
0.0
0.000961916203980771
-0.000961916203980784
-0.308716130247396
-0.294826032371431
-0.283827823107145
0.301164534312732
-0.00473927823272498
-0.00321138698074315
0.00321138698074316
0.621685509139107
0.00337220630585728
-0.00337220630585728
0.0
0.00128096433013726
-0.0159735057414622
0.0122663714268138
-0.292718121765359
0.0
0.0
0.297865448449012
-0.000970452724575343
0.00065179946036464
-0.00542831139281026
0.00511200692653079
0.00359140891473548
0.619391164153891
-0.6201634271357
-0.00504911196353862
-0.293246431535083
0.293246431535083
-0.294826032371431
0.282700760897866
0.00207514237633786
0.00126058146041738
-0.00333572383675525
-0.290144212677045
-0.328877992187031
0.00158543694728105
-0.00110775234349817
-0.00159922370857667
1.25011543088993
-0.918304146980048
-0.00921895519215801
0.00673775928368373
-0.0024811959084743
-0.2994621206302
0.307115139928075
-0.00765301929787443
0.0
0.0
0.626338679775102
-0.0177380706180193
0.295795739651942
-0.287664935837356
0.622363310032293
-0.918110765219114
0.296425256080007
0.00189427975961662
-0.000454087390612112
0.00409851031937304
0.00207514237633786
-0.0149963191164791
0.0129211767401412
-0.0131158208170339
0.0137578962278918
-0.00734511021337891
0.00670303480252105
0.304460243982294
-0.283981725228004
0.282700760897866
-0.000309094700960817
-0.620414498234166
-0.0056713622420483
0.00583895855287959
-0.291273725191857
0.296477541790307
-0.00555560881234511
0.00243726641255899
0.00443803258439831
-0.616643827655614
0.0081314464745808
0.0
0.913436882321981
-0.618836537173863
-0.625021232975862
0.00418386039212815
-0.298703826235856
-0.0130152224214008
-0.61378021260872
-0.00128401421054617
0.625057715444964
-0.00433808059043318
-0.00270697605207482
0.0
0.000961916203980771
0.00299949952308727
0.000777862505656928
-0.29488349090977
0.290144212677045
-0.00174144230126167
-0.29895502456104
-0.925152650481596
0.0780577591064119
-0.921482971524972
0.293246431535083
0.618354680642443
-0.618354680642443
0.0
-0.296425256080007
0.292357885452798
0.0055075629962141
-0.00449683234304726
-0.300230533700594
0.3037746529423
-0.00870331047532832
0.00526819134382515
0.0004818565314191
-0.000481856531419088
-0.000677800893186227
0.000677800893186225
0.330231683073534
-0.330231683073534
-0.293246431535083
-0.00286445112126724
-0.00802400634686859
0.00930802055741478
0.625690399463971
-0.618414800115706
0.00909448164513836
-0.922275194659012
0.303836560062037
-0.000300433865670376
-0.00600311777286144
0.00663806066702397
-0.291388118987694
0.6122232431285
0.296083672850146
-0.615525370666433
-0.00769489783907272
0.628282993228193
-0.00337220630585728
-0.618663775343404
-0.00128096433013726
0.0
-0.296425256080007
0.296425256080007
0.0
-0.291685977847282
0.282019745580313
0.625532554223119
-0.905164816526256
-0.0076943656060714
0.00298491956800387
0.00470944603806748
0.623248968951708
-0.629620754028332
0.00637178507662364
0.621685509139107
0.00719731668747454
-0.00719731668747453
0.0
0.0107985543921937
-0.328439077604024
-0.0119487848346297
-0.000782427109802024
0.0
0.0
0.0
0.00734939686229294
-0.352493256477522
0.347377251369838
-0.912799637484704
0.00545242393240843
-0.00689261630141294
0.0
-0.294826032371431
0.295787948575411
-0.000961916203980784
0.00128096433013726
-0.00128096433013726
0.0187298155697183
-0.00299399198910658
0.299862401184901
-0.297288081131359
0.297288081131359
0.00159922370857667
-0.00866908704690512
0.00450849988634448
-0.00349243213731382
-0.0124366136477478
0.0174857256112864
0.620008603481426
-0.624095799240984
0.00331120876257312
0.610089363726734
-0.614362488693287
0.0
-0.00470944603806751
0.00470944603806748
0.0
0.0
0.0
0.00520374964340835
0.00317882454492387
0.315460146194336
-0.318638970739259
0.294612059759284
0.00816989993921209
-0.00106331102565221
-0.300139047836496
-0.0015796008363472
-0.292509148377515
0.0
0.00364894991101623
-0.00268703370703546
-0.00799579701538772
-0.628706665355981
0.0
0.0
0.0
-0.00153725710404872
0.324657247605677
-0.330997395065427
-0.289321042146812
0.294392953899357
-0.00214419143555756
-0.00056278461651728
0.0
0.000548684877639082
0.929590086013292
-0.640198710744691
0.0018076668185741
-0.291199042087174
0.914196458951349
-0.935332081057603
-0.000961916203980784
0.0065871930193334
-0.00658719301933341
0.0
-0.299201785538113
0.293493715013861
0.00570807052425191
0.00458408128443838
-0.00332396957085347
-0.0145936278517324
-0.281492516233283
0.294826032371431
0.0
0.00566655129107335
-0.00566655129107334
-0.291685977847282
0.296425256080007
0.00144019236900452
0.0116238786118946
0.0
0.602287321897017
-0.602287321897017
-0.0156568070046413
-0.274487405672404
-0.325984712676103
-0.00446223564581735
-0.00514717795393238
1.25934980460342
-0.630079442726306
-0.627274329967172
0.330702434121857
-0.625057715444964
0.626599480615202
0.293664622672601
-0.623961071334558
-0.00516466102409456
-0.109760685896034
0.615735189307584
-0.622627805608997
-0.296425256080007
0.0065871930193334
-0.0214427659498595
0.0148555729305261
-0.000961916203980784
-0.00663160485744676
-0.290809718971591
0.288102742919516
-0.283907850625562
0.296738863672397
0.00886039839894236
-0.307273975466761
0.290144212677045
0.0
0.330231683073534
-0.330231683073534
0.0
0.00317882454492387
-0.0911112402254088
0.0879324156804849
0.0
0.00945986794788612
-0.290144212677045
0.290144212677045
-0.0138900978759659
0.0138900978759659
0.0004818565314191
-0.000481856531419088
0.0131446029718261
-0.00918318724475806
-0.00396141572706804
0.635708212485574
-0.300794709717655
-0.327444360191438
-0.624656604611088
-0.0100556146071099
-0.00214668062684724
0.00175805883423156
0.00670303480252105
-0.625057715444964
0.00551246886332878
-0.00551246886332877
0.625057715444964
-0.634396296354486
0.0153127448989589
-0.299220595524521
-0.0118999517732871
0.628675031579383
-0.000150399299028494
-0.00144882440954816
-0.320967508358455
0.0
0.0
-0.00370713431464833
-0.291118898056782
0.296742730600983
-0.292060910906598
0.290144212677045
0.624076955981725
-0.616727559119431
0.00348383961835261
-0.00380527762058727
-0.29944698987571
0.287952074824886
0.00818103078726981
-0.00380527762058727
0.0
0.0115362976891909
-0.307961553769198
0.294396909532008
0.0020283465479994
0.0
-0.296425256080007
0.296425256080007
0.00254930811685846
-0.000791249282626908
-0.00175805883423156
-0.294826032371431
0.300800196360868
-0.291321801701082
-0.296453675700176
0.301444537003437
-0.301931118381199
0.300386671807075
0.296425256080007
-0.00499873321530842
0.0103569350104317
-0.00423666269032955
-0.000220620444097149
-0.000900918660696604
0.625057715444964
-0.625057715444964
0.0
0.0
0.331541296462062
-0.331541296462062
0.000642075410857895
0.000319840793122882
0.00653938138745492
-0.00669920245455196
0.0
-0.000802095136883754
-0.291685977847282
0.296425256080007
0.000961916203980771
-0.000961916203980784
0.0
0.0
0.00520374964340835
-0.298450181178492
0.00396141572706805
-0.00396141572706804
0.00376291280681177
0.621884012059363
-0.625646924866175
0.0
0.00333572383675525
-0.00333572383675525
0.0
0.00719731668747454
0.612606188364517
-0.616311072914678
-0.00886803585125232
0.630433319158903
-0.625057715444964
-0.296425256080007
0.296425256080007
0.00553363698372863
-0.00553363698372866
0.0121234633730435
-0.0305160454155506
0.0
-0.00095952632790258
-0.298100607695277
0.297779169693043
0.0
0.0
0.296586075405121
-0.000160819325114121
0.0
-0.00135391361303539
0.00135391361303537
0.0
0.0042731249665539
-0.303653468419907
0.299380343453354
0.621685509139107
-0.00333082849666376
-0.911601112177527
0.924431842118288
-0.630691128698251
0.00375841497000935
-0.00434781983179874
0.00683511821352983
0.625819017799706
-0.301017716574338
-0.623869124453631
1.54562208342642
-1.54971951151486
0.00254930811685846
0.621052899251801
0.00143306696547997
-0.00207514237633786
-0.294722842397475
0.00269775255520118
0.917989283330961
-0.287050367583569
0.295360688913614
-0.302133107398625
0.00187669317902837
0.298410707292167
0.0020522397683093
-0.00737689108509543
-0.292085229545105
0.00213465491343602
-0.293567869537318
0.29155509200329
-0.289994638315489
0.291685977847282
0.000642075410857895
5.55532255916888e-05
0.0132445348685356
0.0
0.0
0.00286445112126725
-0.00286445112126724
0.0
-0.00637178507662361
0.0029347176161067
0.298658647834616
-0.00223339175460837
-0.316206539340175
0.304436857818796
-0.000802095136883754
0.0
0.0
0.0
-0.608858888124756
0.28862069367692
-0.288806333552933
-0.00109768444134757
0.00488408982357855
-0.916743693292247
-1.54654068696994
-0.0126742322741431
0.318559356302036
-0.00786064423930946
-0.592850512160014
0.598812191926095
0.00169133953179332
-0.0013719758949122
0.300853953093303
-0.301619665085197
0.297190968071901
0.0
-0.000961916203980784
-0.296425256080007
0.914779936722451
0.0125974329728619
-0.00190488091519108
0.0
0.00066209573478331
0.00637178507662364
0.0
0.0
-0.306745607016947
0.307687459352093
0.00160745578171297
-0.00254930811685846
-8.02338692073459e-05
-0.303709346296959
0.00432745953596645
0.000802095136883744
-0.00450922945153209
0.00370713431464834
-0.28862069367692
0.906975374319363
0.336934717876055
-0.955289398518498
0.61013709702934
-0.61827561380001
0.628269102425708
0.0
-0.000796142630250779
-0.294208347739064
0.0
0.00765301929787444
-0.00216536914441106
0.00370713431464834
0.0
0.0
0.0
0.0
0.00144019236900452
0.297519556501637
-0.00427312496655388
0.00840895718934932
-0.00840895718934932
-0.301134702118075
0.302096618322055
0.00142953063863654
0.00973201653042619
-0.0121234633730435
0.0
0.300029782014839
-0.00392278531327111
-0.00239144684261733
0.0
0.0
-0.00504272921889961
0.63239478964908
-0.920937603960255
-0.618036814177216
0.295637878377701
-0.00793869804175513
0.00554725119913779
-0.300132390394656
0.300805749191512
-0.000673358796856071
0.0
0.0
0.0
0.00175805883423156
-0.000317866465227061
0.00553502603568369
-0.00505852017513555
0.00117413235849421
0.00055811932296936
-0.303593635804399
0.00896354779473603
0.296106996701568
0.302133326604259
0.621685509139107
0.00313727683631451
-0.00239144684261733
0.609854309547506
-0.609854309547505
0.0
0.0
-0.291685977847282
0.294112003005313
-0.626114206152403
