0.356570702039788
0.0682029379377764
0.654840085092136
-0.00698758480519569
0.425610126745742
0.426488638427848
0.417306800266317
0.408768846083235
-0.239726529451186
-0.594554715226962
0.000448138020990581
0.834282558949596
-0.953918904969392
-0.409585338857803
-0.0969287115344256
0.832723446657536
-0.524933208931932
-0.247102152718757
-0.173933396421111
0.0855727754134749
-1.17820275050822
0.418160977964057
-0.167430166163285
0.422363795144786
-0.00104496599247971
0.249325481898409
0.410877064127328
-0.0984082770409356
-0.0673721717874874
-0.0758288018704263
0.000380378155130646
0.919443416942016
0.417059458538692
-0.514948697478385
0.00135941269100454
-0.771369358229418
0.487841239131856
0.177845547826615
-0.411896716253504
0.582082464582463
0.00856689565947936
-0.924816663900143
0.915234850587726
-0.0692239837780374
-1.59920830142335
-0.781352958750458
-0.0877297959081727
-0.405043458990098
0.00195721981817906
-1.33983691398304
0.845800728960452
0.0647167730580894
0.232439991680844
-0.419461103388672
0.183249664661523
-0.0113460940576806
-0.652845974148611
0.9144520955594
0.668851208324481
-0.158215687897406
-0.414994087584071
0.337555926238313
-0.850368272811312
0.248377488921846
-0.250083683343961
0.162658869038139
-0.418686781181066
0.90567652265664
-0.495069769232594
-0.256046065174407
-0.0169302507642706
0.243237034130045
-0.0743838264921578
0.49899758756695
-0.4169608574099
-1.36573410329667
0.250903738057837
0.26601766579819
-1.08857198054742
0.489938673301822
-0.000473177715976472
0.163023365943208
0.929636048962795
-0.00917258877502939
-0.349452799533894
-0.242535254358925
0.487481841419353
-0.506366531609859
-1.33257849205261
-0.504005308137011
0.422361160787534
-0.244230884240841
-0.416802219524481
0.244570297295968
0.670340185893935
1.33477100261941
-0.416361723328768
0.416361723328768
0.0786796064751071
0.0235254633916784
-0.538452841943142
-0.00423707143195894
0.691599845419575
-1.60839316538738
0.927404596015252
0.89511083823999
-0.23600837704136
-0.65730902555907
-0.155897889665913
0.657310261556976
-0.254863379072597
-0.955790049770905
0.394284159683321
-0.165004538979224
0.425184136405656
-0.163872238333055
-0.511436196446747
-0.255424476206266
0.904129308599872
0.583593010555999
-0.334941771953805
-0.497781674703731
-0.416361723328768
0.7538580610768
-0.25924189682596
-0.351372348013847
-0.169314766709719
0.666095575629312
-0.418717266730982
0.266635492312541
-0.643839647441541
-0.494152447864938
-0.780055495853765
0.270197648896653
-0.252143256092314
0.761815880595248
0.2703091046559
-0.43511905682039
-0.502171170283693
0.489431165529418
-0.239880639367312
0.265294501531949
-0.839519892082851
-0.251599252870431
0.268450036473512
-1.18593777916294
0.00367496352528225
0.515268153633192
-0.513953067117248
0.501948126633568
-0.496257648434242
-0.42975137021356
-0.00348447773916596
0.486698017483863
-0.350014972223976
-0.435639279301634
-0.142376426722225
0.0856131055548112
-0.337399057369132
-0.00135111661429822
0.499870369005111
0.250614948009717
-0.00926399817801636
-0.504476338527747
-0.00878159971503614
0.0102875753352807
0.771183267088856
-0.665722897872671
0.00446500707526441
-0.416361723328768
0.493046761419689
-0.66775993102187
-0.515017831215054
0.934651061311731
-0.272167958707184
-0.405784228713583
0.249419165492101
0.411768124377739
0.589542141272002
-1.10058840732765
0.504302389750933
0.522405152653288
-0.68372400523433
-0.488450000743166
0.00135111661429823
1.1639124348455
0.492948700716244
0.000525789446405228
-0.238540861181149
0.577789817676036
-0.0
0.750870316561618
0.507148584953273
-0.0783282114810041
-0.408758409923089
-0.00802828093128785
-0.00756694502282978
-0.00381587991571627
0.0116980594451522
0.514152353495352
-0.527312887917104
0.914130266680637
-0.669708598716482
-0.247804095688516
0.34932621325514
-0.189155882909833
-0.248731594407935
0.0129923930102691
0.00256657260641299
0.360622868430667
-0.34754558612775
-0.416361723328768
0.832723446657536
0.352160939138048
-0.488474713261429
-0.509447762015323
-0.00534492900100413
0.26079942571747
-0.242540596940063
0.671622913530154
0.00224628477376263
-0.167969641562235
-0.248392081766533
0.0190742691623406
0.832723446657536
0.0713998227392247
-0.0713998227392247
0.521605532588884
-0.862963703038626
-0.503599556522717
0.00843203610349424
0.157802102081375
0.0063498462648521
-0.00219182803523406
0.159209372045766
-0.165354454616962
-0.515585648796022
0.260017469053548
-0.589228684799167
0.944519694856901
-0.928060120714783
-0.261475992010402
-0.0179699181080452
-0.00344846873581566
0.402069392589878
-0.240065446062219
1.08608576631463
-1.33552948975816
-0.690293947793212
-0.493303828699813
-0.506207184053212
0.412841931438251
0.490391915774946
-0.494139179481155
-0.84495772697246
0.515573295865487
1.46575776859882
-1.06727616669875
-0.412490599309713
-0.498582451869743
1.11868234632335
-0.442599567359524
-0.17930044987994
-0.248512512965267
0.236822278739144
0.151225359705392
-0.50933410573093
0.00576123914158871
0.496094089562466
-0.118321091563032
-0.159526960280314
0.917993192547019
-0.506103355381112
0.846010866809689
-0.431113310176374
0.268684563528215
-0.252913232555561
-0.499057480577149
0.403284441025852
-0.161900792529754
-0.244681148976094
0.836304228993252
-0.356341896595931
-0.0117720651021167
-0.40960122971204
0.230331170394531
0.0214654153669882
0.157908302456751
0.0689808246172375
-0.479065574953347
0.5112860691423
-0.264385800854123
0.425184136405656
-0.0710911827576095
-0.777422472781174
0.250839999451273
-0.2625646391863
0.921516920177954
-0.901630871430366
1.35101298816594
-1.61289560894792
0.419106325682309
0.410131460444356
-0.41001396658702
0.409480349036247
-0.105023427028183
-0.411896716253504
0.346517440082221
0.00245188297546588
-0.41569204220467
0.171535027340407
0.00364983182483712
-0.00851894455696812
-0.265387381491604
0.13702641594819
-0.239835890602956
-0.00369460055021558
-0.246527739771574
0.69083634058705
0.657912436534763
0.269709047613252
0.414593822247562
0.667681579462283
-0.84710711275594
1.31736650223
0.00211492000306144
0.500046429998402
0.00269221249400673
-0.0103230324685472
-0.229758399148705
-0.0147824467502178
0.00634533873903577
-0.0240653880386963
-0.258907288134954
2.02269527239007
0.0759292281236459
0.147149493263069
0.914331897037893
-0.499975652987076
-0.164859835630735
0.00230085185077975
0.269292712762779
-1.18268921920413
-0.275465083787813
0.906789256796961
-0.838768520113248
-0.15417345268172
0.246522742749621
0.265110148004585
0.414620133537513
-0.425495097099518
0.920301727939973
-0.516037215696993
0.410248991337246
-0.536332665561336
0.498152013404079
-0.245181885065063
0.407868747125139
0.162961702814101
-0.255551117278692
-0.256531367620082
-0.107383758483082
-0.00831519367301126
-0.153417095437077
0.911935453000639
1.15271643940119
-0.0775879186682261
1.19155099384421
-0.264479861629988
-0.426022165994074
-0.661526531036997
-0.252406674436032
-0.263819500068837
0.506545827138388
-0.000762961285208208
0.256218242752896
-0.501157081483783
0.145451551678849
0.0779562096522654
-0.773948947501981
0.241412811412527
-0.835379721522156
-0.346072499759158
-0.502854939939406
0.911678988989077
-0.222978324856499
0.0138267681205771
-0.510992491379852
0.510667487406807
0.526192527089475
0.0695867520780977
-0.180318481613295
0.424091202414409
-0.00873919927011927
-1.18648921805641
0.268580347306496
0.576588498894753
-0.83385007708668
0.404411071454996
0.409720103690026
0.690135262101411
-0.845234757333777
-0.0954789345054017
-0.254716642600872
-0.103132291126985
-0.677000188645645
0.508852123184816
0.49634004607189
-0.0360550022277902
0.0178121200334142
-0.512300444938786
0.259437726727981
-0.856430149315637
0.845168846201249
0.50164994870713
-0.850728001923433
0.836967802578005
-0.832723446657536
-0.00552925762278504
-0.348231037240769
0.00752618101056375
0.761781256701473
0.0739617679347917
-0.505491243079484
1.09579271367747
-0.83703814765775
-0.0895583606389685
-0.505711260238042
0.50951317676131
0.418783149070446
-0.249923859427067
-0.268654835125799
0.40753931025188
-0.428375888529884
0.684328345299078
-0.679610048367414
0.0888636491259158
0.00122124206650853
0.41399169290868
-0.00833702914109438
-0.0982863141884242
-0.504356381904789
-0.0178211898870062
0.506886183678445
0.256166054336676
-0.00722962288864238
0.144054011541416
-0.492404180090082
0.337878097807543
0.590883439605413
-0.176949520635972
-0.104276571024276
0.3179454369945
-0.261438776479429
0.250161706111194
0.502191052356379
-1.18702789302814
1.33342728618344
0.505862824263696
0.517459480495066
0.39073912328312
0.00560152464009648
0.918719126248916
-0.0128349482682466
0.0145077829337949
-0.249308030208791
0.501009660305016
-0.915125098860021
0.669237301886302
-0.657003021571378
1.59964962866957
-1.112183215545
-0.238557710464577
0.931632608367519
-0.34781786436998
-0.431529475144692
0.927950731566414
-0.255776350066795
0.661095699711437
0.772911161004434
0.421728058476942
-0.501237985077304
-0.420616592554796
-0.499799227193341
0.00105191453672808
-0.00683215642915319
0.0174783013375773
-0.000986639792189268
-0.154863985268687
0.0051212563181188
-0.267716884758552
-0.249778361859557
0.490131597063824
1.07405241619538
-1.48494987698595
0.00320647998028371
-0.942693838703272
0.492512029209132
0.420667250518124
0.355555014109219
0.154962385117963
0.00301003274018682
0.415200390177619
-0.00547762908512211
0.254574551842943
0.00121504843597348
-0.260634319626293
0.912223309436458
-0.397805611075453
-0.428240976540949
0.516130859439385
-0.972766931063144
-0.832723446657536
0.752578309532794
-0.0
0.40970488821827
0.832723446657536
-0.839162290663975
-0.00642805595870502
0.499098273878825
0.24349364674743
0.413435642270258
-0.0101312210860626
-0.776445863144857
-0.421652652791604
-0.415930677596839
1.60790389041951
-1.18037943830802
0.415729840569565
-0.158372114452426
0.0434331771192541
0.413667481878557
0.426520421269086
-0.39179794438334
0.149404884873115
-0.246750185987916
0.497343223027424
-0.748253416823226
0.405399361028913
0.766336578008018
-0.505405962167093
0.49876443444739
1.59909030409609
-1.35252967966979
-0.246560624426294
0.832723446657536
0.651902947929523
0.430359750133264
0.76418486751751
-0.00352407936259445
-0.503225653396345
0.509731513004492
0.167553405702688
-0.771967281996908
-0.00222810421230441
0.16157633379559
-0.154153347295422
0.680848304309479
0.416361723328768
0.492552384098601
-0.906667822653606
0.420826730404032
0.244460285709317
-0.496595962240758
1.08579070763179
0.583052757377258
-0.427324085628623
0.25870390401963
-0.183373073546629
0.41534453410482
-0.684199409249041
-0.496577634870506
-0.0083913673449588
0.677799796000607
-0.665697165862036
0.909782984385046
-0.00665683511049845
0.420288083598462
-0.665235584526918
0.432479090743216
0.485873928063592
-0.00722302752260935
-0.588611413202071
0.674587777501014
0.421065106245934
-0.493392503725166
-0.00446500707526439
1.1202657524041
-0.436854224066559
-0.590983465080221
0.26273821176307
-0.246572874139353
0.353634669356857
1.10530135714151
0.0708302004805077
-0.494198072764334
-0.00319296581489249
0.482223479197078
0.932026691090678
-0.171043997839203
0.00622304473653196
0.657328919275627
-1.11815811183193
-0.601501558400593
0.0177096689085395
-0.0176566808063161
-0.407528796946321
0.10970881633538
-0.251121211982142
0.914002582900396
-0.412138948034021
-0.00490307187524304
-0.777036907719361
-0.0796757121114759
0.258070672201482
0.397084167355902
0.420497298504155
-0.658878253359716
0.479644395016241
-0.0865649263121264
0.149155981380706
0.0987816814742315
-0.164408929561888
-0.256253851982314
0.587096819994854
-0.176897179163488
0.496482863594215
0.255132260295574
0.164487634045302
0.248920090669958
0.168035696883062
0.00552500508970695
-0.0
-0.420313172549832
0.435842337828214
0.665637236723305
-0.0153754756743993
-0.244903082308105
0.513737690569764
0.587383772126842
0.406675298010452
-0.50183094522361
0.0141255379859438
-0.00424435592046879
-0.349858273544353
-0.160226775565985
-0.274801956395044
0.0139077628099601
0.33625630135735
0.419984709795593
0.359033956644556
-0.680062481998396
0.275056154988083
-0.247195947350873
-0.00334094675121259
-0.349946086298796
-0.431737199003167
0.429490914229405
0.92080599936907
-0.243545980947629
-0.661884542747042
-0.424207518416466
-0.0805205042991957
-0.16367437912103
0.930629917913853
-1.18331726212159
-0.427111226747165
0.252345962566976
1.36475031554162
-0.875104571946574
0.243285683698491
-0.49111098456611
0.404108736156689
0.910138129618573
-0.659615325508414
0.652422050710651
0.0625127341024452
-0.128613827764077
-0.0153632914091296
0.433977581998837
-0.419688504080259
0.405368288643125
-0.157844164892051
0.00148081426473925
0.259932775434327
0.579906731317785
0.341192559147088
-0.76201928955112
-0.166214944584794
0.417200813460518
-0.256976855228683
0.0872671963427283
0.672855451628177
-0.832239092375831
-0.251246013733491
-0.425828784499899
0.49977648846807
0.228447958394887
0.538105425828303
0.355198825099172
-0.073833758218728
-0.280449254037916
-0.0681850844975964
0.755630541756029
-0.505989508747867
-0.419898728010495
-0.00771402462495173
0.0747630847223426
-0.248204102052574
-0.502396643158729
2.15680682741083
0.00509972254051505
-1.07779459698659
-0.417038543578405
0.124590116097153
-0.534751565755971
0.917726589876911
-0.488287584245226
-0.432565716369796
0.497503084199178
0.853311351307949
-0.848927439698564
0.00524163074117266
0.498877420110476
-0.493040407429552
0.932326760078168
-0.681150769469964
0.157980490792222
0.257463717753227
0.165653403050438
-0.414413873984612
-0.257435842574532
0.0130772823029163
0.0937426734435303
0.42456804177586
-0.00213994922296674
0.0817813765980528
0.17624273113683
0.12267465582724
0.396887650514462
-0.930712614252104
-0.002311547559658
-0.155761768490721
-0.0131125239382015
0.21096594898804
-0.196635146009396
-0.515505065966261
1.17821436946063
0.1515517005595
0.248910033403811
0.415033759473485
0.760223102033095
-0.935893992323024
0.0059406265635906
-0.945552713086906
-0.334816965882101
2.09149641297122
-2.09773232744131
0.684014065703482
-0.246240634006116
-0.00210262367862585
0.514582257770968
-0.506835673416256
-0.397743230805059
-0.0344296007076051
-0.669745109878849
0.0180318990209017
0.251945785964269
-0.26127648777758
0.50164994870713
0.00446500707526441
-0.0820620334386927
1.19150178961278
-1.34410747088316
-0.494029418923005
0.254783831148485
-0.0721489619799563
-0.84495772697246
0.411361673918008
-0.423947896144498
-0.00676000362131866
0.23903313662013
-0.838846648738746
0.0193676429003158
0.427324085628623
-0.33154918366992
-0.0130404983288035
-0.418742439451312
-0.420150947876519
0.781157791281776
-0.0569218211620661
-1.36748991529548
-0.648619852810815
-0.254347356732131
-0.771606648013364
-0.0012689427438009
0.511297656600101
0.00459868499244639
0.442319365414714
-0.699575717601344
0.165275963230392
-0.264730170476125
-0.907923580640649
-0.911853288660609
0.249359985862396
-0.834074563271834
0.754050438681449
-0.00216232734200071
-1.18539302707449
0.00303184394189873
0.767017393510551
-0.277697007207788
0.279627230776008
0.150759653407189
-0.272448087075577
0.515997626642126
-0.521161947100993
0.683335960737832
-0.908397258115459
0.644124070010871
0.169893437317676
0.0657751890895807
0.635146224926455
0.197713289909406
0.522165156664352
-0.250689273061031
0.495972102562418
-0.261894039090007
0.903288943871399
0.108221467228293
-0.000491190720949002
-0.524309728458345
0.474613298738652
0.419510895443738
-0.666712568902794
-0.654868881995984
-0.782225914008651
0.246093067249667
0.00106025816492632
0.247298133353109
-0.100401727150746
-0.0840767481720147
0.235980419875064
-0.488347883806292
-0.00860701865127922
-0.096013010862149
0.913900169080455
-0.422199677418547
-0.00201957523914155
0.17762165497784
0.677052565948216
-0.849513181078198
0.420495751195804
-0.905667832848186
-0.493996655782731
0.764571390610085
0.494957612315195
-0.161654535228436
0.337374960314593
0.0747184656555216
-0.234472499388129
0.160226775565985
-0.00635423292132347
0.0091656799999064
-0.00453432185594791
-0.16829285245468
-0.507229363973011
-0.337851917175653
-1.61575631805298
0.507758014795092
0.494073789171921
-0.40753931025188
0.40970488821827
0.0826469616924589
-0.0095740260401832
0.402010835563973
-0.416825723369634
-0.25965735809486
-0.331311074766474
-0.504104584385069
0.494661840973744
0.216892282512701
0.649187863978467
-0.660679914248717
-0.180976510651081
0.76208408615457
0.014047481226501
-0.656924167218447
-0.252591848584385
0.64996011156082
0.405399361028913
0.941383517035321
0.254425713607193
-0.904473184449793
0.245898971272697
0.666826574848108
-0.41538375515911
0.249478112652285
0.239535842618463
-0.242902739366136
-0.257073578204467
-0.277599584313281
-0.501330177870014
0.257784510539044
-0.600913369475406
-0.489181471119131
-0.48191949625237
-1.17347440263557
-0.681464736329519
0.167842853211962
-0.66088884509935
-0.791361756417597
0.657226871462094
-0.160726580627989
-0.00144575436213639
-0.426257276640972
-0.899371183265836
0.407868747125139
0.0841371461263349
-0.255935319575534
0.00165396769031426
0.240784286559279
-0.00037118437122003
0.580233961661824
-0.842832865871569
0.0176138646852936
-0.426022254239447
0.258237571441409
0.503737402306241
0.828861681398644
-0.0130417704930073
0.670080303874295
-0.260697253048561
-0.253235742338542
-1.97434543167921
0.249064675243575
0.00510847138338039
-0.163650330472643
-0.49773583293833
0.83317494152111
-0.913212948220551
0.170546232958943
0.00951084649093608
0.256094112826378
-0.176570838991647
-0.232409304372982
-0.784645361534039
0.517630070921439
-0.499371242144033
-0.244778752554126
0.170092828119977
0.343713766310857
-0.525811211466304
-0.663739524662603
0.669525285940576
-0.649835937730485
0.854496283613028
-0.617054529782178
0.265306712371583
0.398048692602438
-0.646080707968773
0.0120162789867388
-0.780252299782523
0.516506654496884
0.258476427905376
0.423626790276236
0.147905115258864
-0.643907747048561
-0.250232716471545
-0.668720501182672
0.507016461238524
-0.259720634665683
0.247543980707885
-0.0860813973576368
-0.423044187182689
0.0136213909680781
0.912259184785154
-0.241630826048738
-0.677141317222683
0.419682266491697
-0.752777890112416
0.251246013733491
0.583897734949579
-0.331907349918659
-0.00979706183277543
0.419171949389401
0.0110115665312827
0.763776270839487
-0.5224258104182
-0.241350460421287
0.414115438555005
0.418608008102531
-0.58313474667704
0.238758922641203
0.0604303231609297
0.679017452652881
-0.09000831838191
0.896455409499935
-0.0637319628423984
0.593504451270667
-0.592308589296093
-0.256865294105089
0.231565302313919
0.0224603479636122
-0.503387051929908
-0.493258751357487
-0.01784972543793
-0.230569796120325
-0.0135530753346894
-0.844110776483
0.0033220211536316
0.248565169483914
-0.253634292141025
0.906866354577758
-0.00975318704970616
0.913203511732444
1.16759034056323
-0.676950647774653
-0.255842809602055
0.341588095949265
-0.238073650344299
1.08508514177288
-0.188294736857328
0.671820077092222
-0.171571828915741
1.09171106367962
-0.836046266355221
1.10100972166133
0.0730818460090519
0.343279877319716
1.08584217127856
0.25020108589762
-0.00560404036997424
