0.654661313699017
-0.957075363673928
-0.900560492763633
-0.00129967499760729
-0.311351280118011
-0.306037127979633
-0.308824272576388
-0.288880001339498
0.622168951660102
-0.0393540475139646
-0.000319048126156467
-0.595585154373085
1.6410581546246
0.291600865677251
1.01110039079885
-0.592850512160014
1.32927729506919
0.62763743268464
-0.345602231080464
-0.980683969522555
2.25131124068456
-0.297706220410144
-0.350232151619536
-0.300698381046561
-0.00146814357963236
-0.63950824736291
-0.287329787267614
1.01177360417204
0.960457854002705
0.956996307064263
-0.000971232222766917
-1.57412811932933
-0.280803141166126
1.32709351497756
-0.000768677470199248
1.96038776133922
-1.25841392251266
0.324158264612007
0.293246431535083
0.0471194620716712
-0.0112248391973456
1.57021285949831
-1.56199281416063
0.959682434052728
2.54994184132872
-0.404925424490907
0.972623459589998
0.28836731218894
-0.00139342632451946
1.87783812430249
-0.602160774218882
-0.962915415042193
-0.610513397455686
0.301575778445591
0.314052871220909
0.0080777570273916
0.931983527775053
-1.57235229658932
-0.941115074435727
0.384033281090562
0.305191066894628
0.671477223310401
0.605412598965939
-0.63947259941936
0.634466474942091
0.33980433273381
0.298080561624806
-1.54828464669638
1.25595659343824
0.645549126224736
0.0178400369068941
-0.609228658421324
0.956210307458678
-1.26844295561853
0.298778202675627
1.91868118835043
-0.630592829025095
-0.655538770868651
1.23993177735835
-1.26222398878373
0.000794813442463196
0.328839552574405
-1.58601716653286
0.0111628359228273
-0.663239434468228
0.624374889334075
-1.26659667859715
1.27206841172895
1.8691470614021
1.28102096612718
-0.300696505537889
0.643310802818827
0.296738863672397
-0.634445285588521
-0.925908184455669
-1.87225733683147
0.296425256080007
-0.296425256080007
-0.967580272685888
-0.0658448751271627
1.34400811043077
0.00279496459016108
-0.982954409831843
2.55675218905398
-1.58464638607658
-1.54766569142263
0.618097689327294
0.925946618089497
-0.358442459681931
-0.921830463213248
0.646763483994754
1.64203043166055
-0.26467051631113
-0.349556957498518
-0.302706299482969
-0.348264562275712
1.30822577866405
0.649042607179819
-1.55893746839236
0.0494478593530877
-0.683519253931125
1.27636976609114
0.296425256080007
-1.94815607088568
0.673379697753197
1.66262023866678
-0.330231683073534
-0.912975425108977
0.299982410867089
-0.692437257072338
0.906912805690804
1.25651122078263
1.96752944370074
-0.659560244254744
0.646706569888118
-1.95501198954851
-0.661876974326722
0.347543868796782
1.28059403995242
-1.26117050257113
0.623179584581101
-0.688847606771604
0.610204102812652
0.634672989753912
-0.661648944631666
2.25544570324468
-0.00261635962921189
-1.32750196497036
1.32656570009437
-1.27260793045646
1.27769491291271
0.30975935547762
0.00135498773167666
-1.26288827397801
1.66038990656467
0.310149751262148
-0.368068952443117
-0.969234094413953
1.65225766938988
0.000961916203980771
-1.27384774064186
-0.634508082792807
0.0261420102323958
1.27234350666719
0.00625198667041315
-0.00732415345200934
-1.96021904533697
0.94115114621488
-0.00317882454492389
0.296425256080007
-1.29064788209332
0.97006383099144
1.28327704443406
-1.58805554779479
0.663200369963963
0.288894697014866
-0.630777753140929
-0.302591340845782
0.0280724209243822
1.24848677217636
-1.27834857497677
-1.32978895300124
0.980325783293563
1.25814690009627
-0.000961916203980784
-2.2406689372213
-1.26688417601606
-0.00817491016299268
0.624128553512957
0.0580800205060829
0.0
-1.94568492958326
-1.32208283611737
0.973959209831219
0.291012140519537
0.00571566764570265
0.00538722339364636
0.00271668387800767
-0.00832833584928336
-1.32652656452109
1.33589609723156
-1.56003344175595
0.937118953236125
0.641354094518964
-0.113003412942597
-0.313192355001756
0.641169495329072
-0.0186862850590959
-0.00861759397510421
-1.6679421097893
1.65863184773043
0.296425256080007
-0.592850512160014
0.671920477283144
1.24931333575305
1.26764124196151
0.00380527762058726
-0.638879834486429
0.625880613633963
-0.966717477315532
-0.00159922370857667
-0.35206017501097
0.648485431090978
-0.0135797668329881
-0.592850512160014
-0.957214385067519
0.957214385067519
-1.33183279321028
0.663062545951957
1.27033085324328
-0.00600311777286144
0.336164782317054
3.22438571029679e-05
0.00156045368780109
0.356084877422437
-0.351709937141577
1.28208874898033
-0.647759586185868
-0.0321859122903215
-1.62362479550541
1.61190653898308
0.646481153931249
0.0225780359662937
0.00245510855302829
-0.284012570347954
0.642557352253176
-1.22511279500288
1.87213483521213
0.997382472760606
1.2720763851353
1.27311404903155
-0.293919369601891
-1.25999665875094
1.26613360733884
0.601560605984951
-1.3279000570652
-2.17520047064892
1.93824079881548
0.302590698673465
1.26014612941959
-1.30596154820513
0.35519739098462
-0.305196475603547
0.628433089049588
-0.62349406379551
0.35048179485119
1.2760324051257
-0.00410166615276279
-1.26428947054029
1.04471779918914
-0.393700337533791
-1.56903578063002
1.2721134119565
-0.602310380107901
0.30692752529421
-0.660720395821051
0.649492128282635
1.27550639157964
-0.28711499402114
-0.349668116671682
0.624752533718961
-0.595399820276873
-0.656001414970668
0.0140082936386263
0.295213174967406
-0.617188214242841
-0.0315089266686477
0.357011163064207
-0.952848261393247
1.24480467890692
-1.28620444319658
0.65010035419428
-0.302706299482969
-1.36047817185875
1.96457039152675
-0.643515480880599
0.6472562072078
-1.55785868095771
1.54370097442
-1.90156030146322
2.55965020928261
-0.298379252833075
-0.278089843982534
0.286778456972104
-0.287076640573689
1.03525063783844
0.293246431535083
0.662054657712204
-0.00174559763339914
0.310960854929835
0.308512905007733
-0.0105162441910789
-0.0096048593493946
0.66058509297364
-1.91573517299999
0.621179007510206
-0.0110334803417293
0.647158128358012
-0.999312167667722
-0.921406570653233
-0.654659424704673
-0.304169056068742
-0.925870781324834
0.603181447527714
-1.80391042198482
-0.0015056996557803
-1.27284473324674
-0.00191669822955265
0.00734939686229294
0.59956648508799
0.0105242396644668
-0.00451751098923148
0.0538791983013591
0.639934842079467
-3.59425458108726
-0.96839252072971
0.366882905933167
-1.57204538969774
1.276604500627
-0.345742897175636
-0.00163807228391886
-0.691730350001393
2.25311479554844
2.41551730850719
-1.56489574285549
0.59243670723224
-0.35967015820942
-0.633490750382861
-0.660387718904942
-0.276526602848312
0.302927685355263
-1.56229793553906
1.28286657559824
-0.284953703808752
1.34304071399639
-1.27194814089175
0.63253613793834
-0.290378752511152
0.387952360648969
0.624577414207129
0.676759323209149
1.0369310561304
0.0059199327790536
-0.355708014054891
-1.55442935082636
-1.69480792415048
0.971852466768541
-2.25949634214274
0.675305246695235
0.321091586352089
0.91015489101227
0.646894108380774
0.6572567544703
-1.27496641665543
0.00521250366367166
-0.64218880223704
1.27921328333449
0.395298715532787
-0.979015698391846
1.96282110686411
-0.634514155358487
0.598801488431586
-0.672259674166346
1.27664648401555
-1.55922721510156
0.597267761378059
-0.018662676338289
1.27489626344766
-1.27489779885257
-1.33491728230751
-0.969302853547232
-0.324829619695793
-0.311203775006867
0.00622180002731372
2.25614612216862
-0.662858298353249
0.0611473877942919
0.593652607296898
-0.287917089158023
-0.302716007140906
-0.980171368143869
0.61779463791891
0.986394158168661
0.639324329037216
0.994518596428439
0.970251706446305
-1.28001707478335
-1.26423138050292
0.0718984106527144
-0.0183168306153002
1.28515694764103
-0.645251862124854
0.650893691395838
-0.601710910558957
-1.28087953569887
0.611658694068921
-0.595872245955717
0.592850512160014
0.0112387493337598
-0.654062214312774
-0.00535820179512333
-1.95451925156041
-0.963755885133533
1.27097969560573
-1.23624176772291
0.597682057380049
0.985297164998099
1.27252971186951
-1.28383807836135
-0.301007156837989
0.66554297515794
0.65159207140903
-0.290144212677045
0.302741260711805
-0.979512890648309
0.976153738502794
-0.987436269292565
-0.0146941571798759
-0.309313489903936
0.0135434451650047
0.985907581778844
1.28324285479876
0.0126876474947601
-1.2758952373515
-0.631794399127604
0.0149026850329601
0.3865335776663
1.27276163977836
-1.65200260569581
0.0373064036013833
-0.338954300216845
1.03293785550143
0.72279563035226
0.655561818168269
-0.643032575594726
-1.27617383478825
2.25656581041496
-1.85546542326481
-1.26771678167282
-1.32906206185196
-0.223186695642225
-0.0114017702486382
-1.57136738896086
0.00687448805187385
-0.0103286950513161
0.644688054468763
-1.27510837589838
1.56993440826981
-0.943653196838988
0.934943103014051
-2.55106869689741
1.28582695699907
0.623101229659476
-1.60962624984571
1.65891624792456
0.307223810472201
-1.574752751869
0.639662102022976
-0.922812529977835
-1.96188352270374
-0.289796243731499
1.26771842732446
0.299454474735912
1.27536593866049
-0.000748901780478242
0.0048640967831984
-0.0124435308520035
-0.00256434518553916
-0.351079632430858
-0.0448114257339764
0.697873029398289
0.627925309519425
-1.25146934450296
-1.91108126603419
2.185046106124
-0.0073620145955516
1.63180411632836
-1.26702751113155
-0.299490540250369
-1.6643522073211
0.357583289783528
0.0140072972141567
-0.314388336510763
0.0217299821726015
-0.648437510618511
-0.00310242367318562
0.654989091821597
-1.55867579945176
0.273125714881122
0.304882591320402
-1.29184347972676
1.61694172214987
0.592850512160014
-1.94720877601087
0.0
-0.291685977847282
-0.592850512160014
0.597434593444453
0.00457640082383648
-1.26051336459652
-0.610379307255302
-0.301211836526694
0.00764679502509369
1.96412868878006
0.303102368198611
0.296118376666482
-2.55669278460089
2.25223007180215
-0.295975392420082
-0.345229233997448
-0.0847242090747644
-0.296107099349828
0.466070443884368
0.239852999467735
0.387279106002292
0.622626754836264
-1.29571951800426
1.94378559954909
-0.28862069367692
-1.95783446096421
1.30263442352399
-1.2576154210723
-2.54964055481978
1.91146145692369
0.638179097896091
-0.592850512160014
-0.901781000909785
-0.306391034506909
-1.95525470895687
0.00250893890810051
1.28046589743761
-1.28243714669924
0.344641840192329
1.96124768560346
-0.00269038896392547
0.352162358673484
-0.352894128055926
-0.984005500266838
-0.296425256080007
-1.26975964863802
1.56458568100945
-0.299604080624931
-0.634695710476748
1.27684392021798
-1.22475793620052
0.0475427704680384
0.304229818483094
-0.644507589008011
-0.313344885657354
-0.297964323008623
0.979073214195923
1.27329545105031
0.00597416398943739
-0.954198671580323
0.945582305000356
-1.56410008724129
0.00473927823272497
-0.299220595524521
0.940804207543018
-0.323661200092941
-1.26545193809501
0.0149843658190269
-0.0525877742354813
-0.937973626545255
-0.30021273360792
1.26422173971359
0.00317882454492387
-1.30764023858193
0.311014721053767
-0.0441862868978307
-0.640260137040316
0.628751359753056
0.651000330934643
-1.25184211748596
-0.974379379320286
1.27579260471105
0.00227320537960897
-1.25947568562447
-1.61270286101272
-0.333501197780423
-0.00772814139194721
-0.93962460164212
1.29874350213596
-0.02737394039828
-0.0264329551412489
0.0240222486119826
0.290136727816843
-1.0385863616752
0.636764592197446
-1.57025456291501
0.29816365547949
0.00267706909281061
1.96518201049354
0.975815545792129
-0.653163924420706
-0.282700760897866
-0.283957598904909
0.929408379194526
-1.24473218896944
0.978470025517492
0.358741678665671
-0.990977798939187
-0.38126748495027
0.676416935590937
0.0376292737573337
-0.32726538743809
-1.27053387325797
-0.646571320187252
0.347826436431351
-0.613517101080367
0.330658329096767
-0.00393348128993722
0.0
0.299238457394183
-0.31029431708645
-0.924686906760139
0.0109464416606252
0.643789368626059
-1.28372046456346
0.0418052836622755
-0.286691810247945
1.280570922688
-0.0100565589489719
0.00302173379570294
1.66123609377535
-0.357572643874299
0.667287721049836
-0.00650463538195698
0.675626977722552
-0.299004611075987
-1.66717286213186
0.977268431464023
-0.689651284647929
0.63397003278357
0.00237855917292346
1.66021401783571
0.307371697740632
-0.305772474032056
-1.56026365808867
0.617768534579459
0.931548681848583
0.29902561858367
0.976416988543824
-0.352906052877513
-1.60538708950683
2.25471839846435
0.304078275377882
-0.639981105621937
-1.93228370466997
0.665940451636502
-0.623979132270263
1.26761156995192
-0.287701844064151
-1.56794924002653
0.924659583723335
-0.91018715149175
-0.961798389629601
-0.402793506193259
0.0114152518639921
-0.319664579099168
0.296991474345685
-0.280464580755593
-0.3548194451946
0.0043547133913977
-0.694672566630021
0.0543355214220395
-1.6541088631617
1.95371294378663
-0.344306974470695
-0.297022639300514
0.652385190550372
-0.98498726776701
-0.931153239668623
0.591613794227393
0.641514821732846
0.303165251316701
-1.26362081727336
-0.620622558422016
-1.33622780037153
-0.922789892571245
0.974763919193562
0.694875361058612
0.964477262372703
-1.9495626526196
1.28110784923514
0.298943397061255
0.00549193548959644
-0.958411466026587
0.637032342575677
1.28075456348515
-3.81263390624094
-0.00139332485246394
1.2039426759853
0.296907112611426
-1.0497235251086
1.34173454806533
-1.57268248591423
1.26694696777535
0.307961553769198
-1.27595084151491
-0.609920764298825
0.604386809849205
-0.00373173528610378
-1.27846818511885
1.27431257262677
-1.62460420980003
0.980849522817733
0.359171867582876
-0.652511966999179
0.332838360391582
0.29503850098631
0.654924061164858
-0.00931026205886746
-1.02740041526377
-0.302267676050088
0.00152351900012491
-0.973929523436289
0.323036130273015
-1.04817914742995
-0.282198987896055
1.62309316766696
0.00164568700464257
-0.360751468419223
0.0160480768352808
-0.638591336458195
0.590947854449047
1.3273084335042
-2.2499108393906
0.387944828911441
-0.639851740021379
-0.295479823289692
-1.95306716300646
1.62492872943323
-0.0159555563851128
1.61514453541175
-0.678470702086598
-3.78477859184175
3.7892181991354
-0.95575050485553
0.628734418828951
0.00149694539016116
-1.28788938346673
1.26238526818779
0.243584552467246
0.0763794889233747
0.946252106577518
-0.027886112421708
-0.646565982677541
0.653208898006799
-1.28087953569887
-0.00317882454492389
0.959971218212884
-2.25937070733849
1.89858438734944
1.26719830825048
-0.653035983750326
0.963163201157683
0.601560605984951
-0.292865512607077
0.304743118932493
0.00617381334423642
-0.628158587769249
0.603937981142574
-0.0595611145555841
-0.304229818483094
-0.686814439335033
0.0150751495848923
0.298120187066066
0.299122962891122
-1.96739277786945
1.72317196150207
1.93537070697955
0.917387451935299
0.636233160872609
1.96140617756506
0.000903413202286694
-1.28220819491601
-0.0101117786933303
-0.35651844420561
1.00055624208192
0.32023501870628
0.679749747972955
1.56681753923916
1.57313875203556
-0.635510701951756
0.593812428363995
-1.94924954395233
0.00148512858441194
2.25523900462525
-0.00215849600603729
-1.95804870092464
0.697188335038225
-0.697658296925737
0.384202695152996
0.685014566185626
-1.30936256428829
1.32214641868763
-0.986830936024382
0.705839113864371
-0.0150118609818783
0.337026724282078
-0.966366144896556
-0.884302233209954
0.293592228519144
-1.33243032113355
0.647908798870394
-1.2741976235306
0.653648558512729
-1.56015606897035
-1.03734627250661
-0.00037403043275987
1.33430056909592
-1.23944481730064
-0.305701642961585
0.937302770308258
0.933423720144057
1.96820754126662
-0.632163011068065
0.00494755999935581
-0.643257125166769
1.03304385010509
0.975107887996597
-0.61787604946232
1.26474224225125
0.00612769513823981
0.991652229218259
-1.57415902775686
0.301898373085515
0.00702201539022377
0.320725477600141
-0.934126102323866
0.607025965735563
-0.298472474924507
1.55400868257351
1.2625630233326
-1.95627119985265
-1.27057503667853
-0.342104539531011
0.684197130385048
-0.96568798664713
0.608932397449361
0.357572643874299
0.00856972221197824
-0.00652542942563983
0.00322817262488179
-0.327325365678807
1.28507012379398
-0.680563567545704
2.561596346795
-1.27491032032999
-1.26074229590741
0.290144212677045
-0.291685977847282
-0.981697930244803
0.00681614798302924
-0.26717310395839
0.279052204255393
0.647133215768215
-0.687422410735165
1.28218962112473
-1.27392804209917
-0.621609933274009
-0.907153519858931
0.926654447120325
-0.319497262077623
-1.95448233684229
-0.0100009870901525
0.910661362811654
0.632841958812536
-0.915852161605168
-0.28862069367692
-1.63087124374616
-0.629447652741157
1.56391612956453
-0.646710481869751
-0.914196279073515
0.282876012283137
-0.649258621721581
-0.61161485148581
0.616223983944256
0.652454051666222
0.69977131906533
1.28087024745265
-0.652960194011987
-0.0227308873810839
1.25152203075281
1.25302921567689
2.24686223883062
0.983665510849158
0.335710525964134
0.928495240752176
0.471391437262676
-0.923515147073539
-0.342225350090033
0.00573549596728438
0.303470312722515
1.5502304623109
-0.290378752511152
-0.970766964042134
0.630434922792132
-0.00346724613093156
-0.644384484404953
0.0161891856517836
0.051839306195705
0.600047828847489
-0.015136169954217
0.303302990484055
-0.655494845344467
-1.26996398256858
-0.582990138198976
0.00928497972200427
-0.944253365072919
0.657245995148647
0.649721736432597
3.48062853137867
-0.624274536156838
0.00235175015803158
-0.340609340158713
1.27210292466256
-0.593171950162249
1.55413411908703
0.337667131698658
-0.0204349882169703
-0.638839413452929
-0.332272803856034
0.623442805649812
1.96983950115773
-1.28806045912689
1.27506123827443
0.628203379293801
0.343835865262416
-1.65615726121184
1.33502609943832
0.923553461208852
-0.946972509362586
0.900784577039641
-0.648443822519703
0.0295171133166241
-0.681003225820492
-0.273992415507608
0.909342324781586
-0.0260354381617875
1.96698340872952
-1.28859544342838
-0.655664897211704
-0.297148081420025
0.362569371671152
0.909198668711835
0.645346377140788
0.938732300946894
-1.32126504217114
0.682562523239085
-0.632461778042736
0.980152156455254
0.301182780482845
-0.00969763568465725
-1.57145357226579
0.629073270417373
0.947017148318586
-0.287904019015592
1.94733277001255
-0.641514821732846
0.0559436381508837
-0.685899921513253
0.00522111844925336
-0.298425973083976
-0.00793019720733313
-1.9555426348911
1.32107286980076
0.634469765090338
-0.294826032371431
-0.298024479788584
-0.0542747428854956
-0.60597433271574
-0.952718920558734
-0.979330725703657
0.98024137332124
-1.5577619991723
0.964911487012282
0.0257708443823521
-0.0332665977189507
0.652305765538953
-0.616796739518428
-0.0324090860453812
1.27386039701839
1.25945401179945
0.0127079631422273
0.611249648006397
0.00514837255315233
0.600957626648334
-0.00236508525158275
-0.646396561045664
0.650005480640198
-1.55766537736814
0.00694370016938971
-1.5543689414508
-2.2424920973298
0.980692462195049
0.678847605009317
0.671831051034963
0.612554685955952
-1.21741999425741
-0.319150991304189
-0.968881588691903
-0.345046149294416
-1.23355472923615
0.600088487282115
-1.27662850983038
-0.96312943205787
0.666704175977863
-1.23624619969329
-0.614766373904012
0.00398974979849579
