0.243767236706616
-0.00415371950958143
-0.23711185869486
-0.163167076999919
0.163811951639663
0.235518627282103
-0.237764912055866
-0.175028809242275
-0.663913481895987
0.230729167623937
0.0164105305836619
0.40970488821827
0.420195582821144
-0.40753931025188
-0.24371724380529
0.00777841263764914
0.00371337796615325
-0.266223959543384
0.668715080090346
-0.411896716253504
-0.239613517197035
0.660400273050612
-0.910388099544149
0.237120475747547
0.255484291786255
-0.247913631934646
0.00367329816582419
0.000530253373251458
-0.00416977290411015
-0.250364913910067
-0.00542093705111898
0.409968755756917
-0.411663583251421
0.40634993771264
-0.651019274666674
0.252153188125674
0.416484136216154
-0.421371629274174
0.00766793391384644
0.388203982409629
-0.409124708147467
0.0109189414510193
0.00310055259683274
-0.241664291571581
0.224929193614515
0.428544388409113
-0.421183011327187
0.00482128799841935
0.591836673751818
0.00516546907982761
-0.239025324377501
-0.00247256681203599
0.24404754769747
-0.00502981322401984
0.164459678894012
-0.164459678894012
-0.240886772905718
0.234099448323265
0.414326634834333
0.00488765937487516
-0.429043802114047
0.0204025631401516
0.163310313755357
-0.170085322923019
-0.00902076844901798
-0.00951866672026956
-0.658803039386563
-0.00479274405700968
0.412079683049924
-0.893416038089676
0.00398425622597488
-0.000356742124063851
0.0110950956570034
-0.256407601269587
0.239411692752882
0.000128478059077937
0.00862824445107633
-0.0129570766908563
-0.00728786706133097
-0.24131884861648
-0.403284441025852
-0.00238726083088931
0.841681053013546
-1.32889513587323
0.00108589923371525
-0.24915807784691
-0.161417930976101
0.586602067381758
-0.190838607456348
-0.398526680322825
0.00480677649312089
-0.418718569175652
0.172283199056469
0.00259319150907594
0.649645862870976
-0.401049206675424
-0.0212071973702753
0.013497314080441
-0.0
-0.238308333993271
0.242470165552108
0.0128668999651441
-0.491400598325862
0.489431068434653
0.00328182509009496
0.179029213479112
-0.00468538930719656
0.418634405908883
-0.40959436556862
-0.00197114487014459
-0.00671215334605533
-0.000356742124063851
-0.0
-0.239613517197035
0.237813186737861
-0.00179509978133938
-0.236193481110608
0.653481223245515
-0.240549247636575
0.00503410293953007
-0.000250154423525935
0.00278461487226012
-0.0103305969661187
0.483479630704481
0.0092587562060732
-0.489601343690573
0.840712263500051
0.00677168596516822
0.00198494598326878
-0.233137911159559
-0.247425881297971
0.493387074343432
-0.00129025346880363
-0.00550723391587456
-0.240468207682976
-0.232842700976937
0.235545871499902
-0.012980750424068
0.0108847056102707
0.416869846047666
-0.00228064271529081
0.00103692119945506
-0.00103692119945507
0.00249547718405624
-0.246852878957156
0.665271557978588
-0.420914156205489
-0.256592473194306
0.256592473194306
-0.23711185869486
0.663122184878137
-0.0206109651543634
-0.405550504125161
-0.0060262223779296
-0.235998096918424
0.65853718572137
-0.00882241307688809
-0.652339982097166
0.65006007209525
-0.407728786346189
-0.00131988614431179
-0.0043052627393954
0.00675786471966756
-0.00976989845345985
0.00706889547011919
0.403656825227751
-0.651773263148959
0.415832400009732
-0.00124347126222182
-0.177684118628677
-0.499165576011713
0.665227704958088
0.00300971445465061
0.254016358086759
-0.00013198708206505
-0.000662404516368142
0.027980753712613
-0.266336083669695
-0.00644534188820445
-0.244800671845286
-0.425298051500951
-0.0053111973858362
0.178915415173412
-0.41917693850044
0.247520391393606
0.416361723328768
0.00365740766691446
0.00385807527923879
-0.0
0.249423816783775
-0.0130720956188281
0.0175025525463499
0.158042442542207
-0.410592214231312
0.239483249898595
0.411552230176379
-0.420627473397923
0.00952117094178788
-0.416361723328768
-0.174501921357971
-0.504138117892509
0.0143621754060512
-0.0173294650175223
0.412431748244576
-0.396964249924258
0.658916110400292
-0.415984688496529
0.00239950331477471
-0.000530253373251449
0.00600207181601743
0.27438024837264
-0.766347178478578
0.490922051121065
-0.350073981798635
0.0761765369535425
-0.503500622582165
-0.00211492000306139
0.725355094199166
-0.461811234747909
-0.25046657714834
0.509341931125096
0.57831514451394
-0.832723446657536
0.661187131026947
0.939436348050107
-1.11400931797473
0.013497314080441
0.647226240264043
-0.495545459780657
-0.858616879981339
-0.0179402502113611
0.85195120185737
-0.000635584481854468
0.00277048057849758
0.41895732194709
-0.0126207208623676
0.269746177879102
0.238983532418329
0.00342069613391653
-0.512150406431347
0.0933535212987397
-0.00292451784051805
0.423768729883869
-0.259282888887286
-0.160986545226982
-0.0824524130428532
-0.258731937716709
0.255222995720812
0.150478565472836
0.00345749172573917
-0.411981366446935
0.0123472623500079
-0.430988959981455
-0.249773453499944
0.239177909863248
0.173573592333735
-0.151696821235915
-0.686532080475733
0.433109289823236
-0.935966549714392
0.531822057986324
0.312076359577474
-0.838725518473554
0.838725518473554
-0.42622258118959
1.1943969705492
-0.0790939288963241
0.838506736113025
-0.350694015942221
-0.490204889259795
0.913744086767377
0.508429855479362
0.674269205481868
-0.353656477805328
-0.412321992258894
-0.202767931831369
0.503237836456215
0.351898055775446
-0.348458230646969
-0.0
-0.887156790908576
1.34317336978164
-0.859362113954896
-0.242750279450518
-1.1058871259443
0.914675377517878
-0.227396259676109
-0.670250386317789
0.832723446657536
-0.509326227528119
-0.492270286369493
0.00339983879401315
0.254379387744557
-0.00374691315677583
0.000810417980869374
-0.643995147824361
-0.507886494726065
0.24931880764105
-0.238143836734788
0.338739298613181
-0.418608008102531
-0.252543537841537
0.257387176945522
-0.00211995234937327
0.00664630339886829
-0.493593079780019
0.242593931683509
-0.247499434954486
0.488944498191404
0.250657957954474
0.655896559072073
-0.406096326408275
-0.246775051338224
0.235048965728264
-0.254913146882054
0.265398075109049
0.497862618416481
0.667046662310608
-0.253407291254051
0.50794015046931
0.0122342803149233
0.235663052552772
0.412156333812699
0.0773143197594229
-0.342097614264021
0.420826730404032
0.401193971512844
0.502891159417478
-0.405217248562879
0.842190507828667
0.393423499699043
0.501363483153338
-0.0250017676624287
0.426119499456397
-0.502435180784389
-0.177794882093161
-0.507105268283325
0.1662529544556
0.00354542288743693
-0.668933529222063
1.33563063331675
0.0907723281867793
-1.33240555912661
0.39651685336418
-0.423684664916099
0.909993243418291
-0.399094882845705
-0.909799745775981
0.00645099085943401
0.500150084550786
-0.244433432858553
-0.257911139778203
0.515373600557138
0.496596471780144
-0.0906898913473538
-0.404827033352153
0.49290173394219
0.348684433653283
-0.253665281697661
0.251404876279321
-1.0970760243983
0.00515902128225487
-0.253009870105834
0.254143548071135
0.660282458949727
0.512993257361232
-0.929575362921932
-0.00385672704145959
-0.246070807051448
0.00479663122064565
0.499006939397114
-0.499006939397114
0.242871991634331
1.07915687658572
-0.6685334160409
0.24727526811133
0.00860701865127923
-0.402284511240341
0.655457964533778
-0.410910726851288
0.591906963027035
-1.08644202720306
-0.241136739923649
0.669049067536506
-0.421016670244991
-0.242907762833803
0.415358909817227
0.251630074103208
-0.0812335570449054
-0.00035978234318157
-0.00249547718405626
0.277079882724989
-0.237203470575538
-0.4124478243892
0.00736815924995047
-0.492377881837587
0.479618494422662
-0.0025943836618278
-0.00393099583650448
0.415721734094993
0.24404754769747
0.239746328683324
-0.0800292669585923
0.0920636501062298
-0.0920636501062298
-0.156888172878519
-0.00474842550207769
0.00742037697792847
-0.00488893402929238
-0.0151670593214401
-0.00680771332700242
-0.489601343690573
0.501198453843555
-0.00123722859636901
0.00390726092998021
0.245403028022894
0.00488893402929237
0.242871991634331
-0.499006939397114
-0.00774286599625054
0.00152227620932887
0.675269657323427
-0.416559582540793
0.899306231908842
-0.00259319150907594
0.00759720126974801
-0.506926719162979
0.253554987322256
0.666604491770383
-0.409780236842209
-0.0766399164621778
0.499734300826787
0.66095090195176
-0.00480677649312088
0.0121341635662943
0.253156478569565
0.417941014528678
-0.672874643510179
0.493015201923673
-0.407618668942404
-0.490790716229813
1.92910293113195
0.411905735790205
-0.501831562182446
-0.00120131878128291
-0.506240009240513
0.419898728010495
-0.167929856272897
0.243415761408464
0.0119298829707763
-0.262505762467666
-0.670827289030619
0.432855414342499
-0.168712410532111
0.00883574883268905
-0.000776029583852209
0.50164994870713
-0.253346875387713
0.500277689057936
-0.232832645540147
-0.00235572597895818
-0.251362854566569
0.49691864016376
-0.0
0.247425881297971
-0.24285905432498
-0.253718580545527
-0.489375455342749
-0.1649801702004
0.253146217328464
-0.248041111537419
-0.905124341411659
0.492356127298173
-0.244930246000202
0.256554956622602
0.668479691647242
-0.668479691647242
-0.495921534792167
-0.64528632699718
-0.000766702223861254
-0.244800671845286
0.42154887797702
-0.242969853991035
0.240307694974493
0.00501032865056384
-0.241497891189537
0.00446255090249718
0.491847628464335
-0.0732396203618045
0.499734300826787
-0.659961076392771
-0.256134947762783
0.249987826493538
0.00374446230849139
0.393393385202073
-0.245416995779723
-0.00768881315042626
-0.499567360045156
0.00355438665667905
0.767727812167042
-0.770841702628008
0.498784680842213
0.00768564768649328
-0.000236783128942124
-0.00778881438217529
-0.00237028411071611
-0.489601343690573
0.493001639790946
0.159654324044413
-0.407822739307449
-0.253718580545527
0.654505560063556
-0.179864005430024
0.418447069518561
-0.414196145362378
-0.500515284176505
-0.236119594988961
0.00622058978692165
0.235479295365858
-0.00035978234318157
-0.00272544068943561
-0.434281354073599
0.2355689392198
-0.490395735289006
0.496066326060032
-0.00288420003374387
-0.0
-0.648198874698361
-0.0128482256634889
0.246314621591278
-0.489601343690573
0.495921534792167
-0.247425881297971
0.248714570784855
0.660777425842323
-0.00804595001948689
0.0113369331427997
-0.656648031987707
0.248721541842019
-0.243479964414794
0.250050309939914
-0.00657034552511999
-0.499128512401726
0.494445119894716
-0.0825484036412127
-0.167205580654347
0.00643884400643908
0.262973961969648
-0.268004665796156
-0.234582813370527
0.412495276111009
-0.00552554253299103
0.0012694555877017
-0.66661537031866
-0.496296546048538
-0.0
0.244956495201745
-0.00208208321370218
-0.23711185869486
-0.640396299720712
-0.0
0.0228782904017695
-0.500456719785024
0.661884542747042
-0.161307895616025
-0.483172925080251
0.498029317971017
-0.246783304237526
-0.251246013733491
0.232426469387664
0.168744735144283
-0.160510037170548
-0.000729296762203871
-0.25750360539301
0.0240372094652203
-0.256134947762783
-0.00585838818522668
0.011508094433762
-0.495545196059554
0.500336657004394
0.410329707902146
-0.0103743092965031
0.00493372048545505
-0.00279919706150224
-0.00213452342395281
-0.251424818140333
0.000857988402772729
0.00216341465486049
0.904642997271872
-0.409349435840911
0.242175462392602
0.500547618776797
-0.255404988314066
0.659105205718595
-0.661055849326977
0.406456730140201
-0.40230380123663
0.496545820678442
-0.00290256408828478
0.0010186001840214
0.500394264720127
-0.00483947628283856
0.242675720226093
-0.000505204625893264
0.00723174806404802
0.405193009538391
-0.430110463470464
-0.475058199055002
-0.0
0.906611515297042
-0.655154008341257
0.249735583788959
-0.170528853269252
0.00416977290411015
-0.00416977290411015
0.41770210943904
-0.247002914518638
-0.246650813308657
0.248919950528096
0.905963067019341
-0.906188955367164
0.906586893127881
-0.00821111100706353
0.430108219754252
-0.000579752540591596
0.00290630163705245
-0.512746920551368
0.257932680219077
0.174127154403674
-0.418597260087613
-0.250228631989349
0.24794721969796
0.000216967212581628
-0.244332250346257
-0.403187649788691
-0.00105313983722917
0.253753990840547
-0.240466570688395
0.491290109856301
-0.238292205313499
0.239062499756412
0.175547332763045
0.00144133047424684
-0.66950056240008
0.668059231925833
-0.175381183919002
-0.492226553143257
0.248488682437031
-0.0092522526565254
-0.0
0.492485543724316
-0.0827806555060469
-0.160990317433415
0.416361723328768
-0.412300395245015
-0.265642798833752
0.914303354395075
0.245643018149516
0.242106884598255
-0.232033403059315
0.662105490432758
-0.664464424876376
-0.0111671695091127
0.902273206212934
-0.40579729878963
-0.00632019110159406
-0.159590951013436
-0.495796236509015
-0.0
-0.491260240044511
0.421363777424635
-0.00219182803523406
-0.157215403222557
-0.252489484995713
-0.000225888347823553
0.907984583492986
-0.655071350937425
0.239927458597484
-0.00663046160750899
-0.00201961823796025
0.489601343690573
-0.489601343690573
0.66283000933986
-0.00280121409226755
-0.0
-0.00562913070419541
-0.502122106455461
0.511900874765645
-0.247071692471941
0.241487627440222
0.00840920678483086
-0.505958960033851
0.0148288813795416
-0.499006939397114
0.501768538324499
-0.00597230181548471
-0.00764453175773838
0.169375431994142
-0.160856897584726
-0.00706889547011919
-0.0732396203618045
0.487259374701478
0.00349749797953197
0.414115438555005
0.0754859051355672
0.00595099616113027
-0.505545470581439
0.510631260603761
-0.00879563659826544
0.418500524816535
-0.50164994870713
-0.766317653207123
0.493985036524542
-0.147229331304228
-0.271237719849842
0.00404191289958483
-0.246217375292187
0.662234753316589
-0.668254964610122
-0.0119603703727983
0.257316315101704
0.0691099522825283
-0.00490550327097729
0.502195660111976
0.489070606247052
0.00811075302232585
-0.00600534398752588
0.00860388425353478
-0.00858678153079984
-0.238703633008874
0.239217186520162
-0.498029317971017
0.664386201249216
-0.66483769611279
-0.257272752744128
0.262115334545466
-0.2481989621108
0.250229710387834
0.00518715464825153
0.00213014182493614
-0.406600679810196
-0.256732883616789
-0.252976130389767
0.258718102409742
-0.24535548921701
-0.247054388532014
0.242611978561146
-0.00490152324380898
-0.00270725598000433
-0.496421256421722
0.247312534685895
0.24439413682998
-0.403844803300947
0.25558844044691
0.412935838576237
-0.65809833350796
0.00120131878128291
-0.00614712126924528
-0.00342720206724366
0.666510354814826
0.00774216210911796
0.673507085050964
0.491652538239817
-0.908014261568586
0.481835624891493
0.00776571879907986
0.012048605016557
0.493192753611819
-0.340496893514279
0.00954198518124229
-0.00850978696701231
-0.0133388418316392
0.24767255329018
-0.00350660321642455
-0.00386644721775912
0.00604859960133062
0.246026018675585
-0.251574580087325
-0.50021422889412
0.506418339633564
0.171361554823416
-0.000916654565745083
0.423322368934073
-0.910260546342348
0.0134242778957739
0.24246835968913
-0.0763771319092299
0.490509627032488
-0.169846408972776
-0.248043943793088
-0.252565899877803
-0.405687464274561
-0.260490268890922
-0.239613517197035
0.422839270253897
0.499855045395073
-0.252429164097102
-1.32298719486448
0.668851208324481
-0.668851208324481
0.490481867097966
-8.61318089603103e-05
-0.00843190956115511
-0.249987826493538
0.657003021571378
-0.665825434648267
-0.0
0.00391389893956834
-0.00850972616507361
0.0105424736524033
-0.255273150191455
0.252418035983392
-0.417263588534544
0.664325333969572
-0.260139027737945
0.0958053870278915
0.00518113468386906
-0.246618076458868
0.414115438555005
-0.172666498681309
1.15318723821043
-0.741202029407041
0.00118922471456397
-0.415741805648461
0.169059392981307
0.246894401134426
-0.913243950956732
-0.00534492900100413
0.420659706656091
-0.414115438555005
-0.243479964414794
0.419070957245504
-0.673044741045335
0.245297117983157
0.00862961073524857
-0.00657034552511999
-0.244800671845286
-0.00438971279285706
0.00858141782042286
-0.497413707791509
0.499371242144033
0.253124869713519
-0.00127325570868319
-0.00391389893956835
0.251371017370406
-0.496171689215693
0.401193971512844
0.0884073721777284
0.421736115244269
-0.916578181811655
0.591674614694078
-0.587534525150285
0.424443359871122
-0.416841704193457
0.40363313524898
-0.0118493496703018
0.407061025272959
-0.402557001446034
-0.501174262987617
0.489199489480022
0.908328653434707
-0.412032107386168
-0.508530826363461
0.501835624005496
0.164059345837086
-0.152486426540042
0.159964307373254
-0.161084083937463
-0.00873713903667655
0.504817418107171
0.423984007206503
-0.411686310185438
-0.00520566651658185
0.173822125073224
-0.415997587465826
-0.489601343690573
-0.0960672668893347
-0.68142535722405
-0.244800671845286
-0.0040206050132541
-0.0733270461632613
0.0801840973496741
-0.00968075130060047
0.417300903230811
-0.23711185869486
-0.420944231702674
-0.23711185869486
-0.66375558668313
0.00934674473396151
-0.00813939103933045
0.171276719542189
0.00414491635328087
-0.00709009584061421
-0.00781236410093601
-0.490503208896349
0.660594579917584
0.251836431634707
-0.911529146346514
-0.00157532445321225
0.913482243841534
-0.911906919388322
-0.00217941638637271
-0.405604017005948
-0.258627094682846
0.258382409693486
-0.248286740907915
0.247199992950147
0.00773363603135297
-0.263293270443147
0.25413759956724
-0.067588503131837
-0.415017303760781
0.245702537051062
0.00391389893956834
-0.487382621389071
-0.427163160335064
0.429409445108827
-0.178809808585952
-0.161577627196263
-0.500677357598158
-0.425303611073543
-0.0
-0.410322566136687
-0.0754859051355673
0.0871779455441754
0.241133448622554
0.00648199988335046
0.917297342936838
-0.426506626707025
-0.490790716229813
0.254897417351553
-0.244201014393231
-0.168147234448264
-0.00356097855157709
0.49587164992913
-0.426066652404895
-0.00372932986319437
-0.482437390989809
0.183866317768009
0.244800671845286
0.240058266372107
-0.489601343690573
0.248107974190289
-0.496296546048538
-0.242088972807223
0.660642524171225
-0.419390015043725
0.00171734486353434
0.00738776620036468
-0.15967163011889
0.0132811015472709
0.270261124048787
-0.0
0.668851208324481
-0.00636810571993384
-0.17461187557025
-0.234667714709072
0.238581613648641
0.167742648167266
-0.171656547106834
1.21280067908601
-0.243818534782704
0.490880280217732
-0.490880280217732
0.248714570784855
0.646286133934631
0.662186611491571
-0.1699520681425
-0.499249946545081
0.499492399514351
0.170683662296105
0.0113342759174968
-0.0056683706144431
0.23651419003018
0.0135958799524963
-0.500576647131016
-0.0708672754241756
0.483158026873736
0.00203276648010041
-0.411492786645122
-0.0167613837644926
-0.241666052600535
-0.247935291090038
0.246121379275779
0.247649737318904
-0.24128163159897
-0.254735769769475
0.910959858013259
0.0121671946339268
-0.00647497689353881
0.00407768071307188
-0.258773006072187
0.00643884400643908
0.498396980288838
0.0169742931898805
0.00232534234089833
-0.265470584826101
0.233466395927789
-0.40696755178277
-0.250164664843764
0.409970345487142
-0.412439731583367
-0.234642472598635
0.831479975395314
-0.179097936889875
-0.250020098899487
0.248714570784855
0.001108105258466
-0.0
0.246121379275779
0.489601343690573
0.00249547718405624
-0.239607335878916
0.653473582023628
-0.241856346678584
0.499128512401726
-0.00464856899074323
0.233949058832537
0.167650901582583
0.243723248651254
0.00298077055727792
0.412238243399093
0.0188074496865023
0.00603370866649654
0.00289311950024926
-0.0138618450833012
0.0135044814495178
0.263972388565119
-0.488494542036936
-0.170670374265258
0.00968005683184265
0.246000459036293
-0.492096820874629
-0.493335603753775
0.256400809190065
0.243379496125833
-0.24716768295146
-0.268937018724478
0.0196834452542159
0.414115438555005
0.40970488821827
-0.157215403222557
-0.493001639790946
0.489601343690573
-0.489601343690573
-0.0
0.911146662798585
-0.169314766709719
0.422632029567325
0.160396858009479
-0.160396858009479
0.00327150676790846
0.239043197489751
0.0150984940780003
0.332838284516716
-0.582735620163998
0.246183862722155
-0.41840386209964
0.422654959987587
-0.0183871565036151
-0.651019274666674
-0.250144814461477
0.493624778876271
0.424300694016373
-0.424300694016373
-0.49560341550659
0.260935700797518
-0.906811705482857
-0.662816776820287
0.415631698657988
-0.00179087189534092
0.161625953559293
-0.413552282941007
-0.248952866654796
0.243038291268663
-0.00143665779606319
-0.242836348841197
0.244507902692611
-0.494726693309503
-0.00506051308360623
0.427456818985772
-0.917058162676344
0.903985912653475
-0.657864533377697
-0.00989555331220393
0.690923914607443
-0.685996709274219
0.246780991256096
-0.431088875539284
0.165539852498861
-0.415404128041889
0.00128868948688386
0.517839055324356
-0.0921983861229021
0.00380931977468468
-0.00333008348488333
0.422681914430362
0.239854869357324
-0.00354621932219542
-0.259882631123058
-0.670080303874295
-0.0071013725894698
-0.255656047939738
0.241441622951111
-0.0167015296347679
0.0120973268566722
-0.0133850314517198
-0.419493917523252
0.00620093732281857
-0.00327150676790845
-0.489601343690573
0.416361723328768
-0.164990705958362
-0.00265644658555165
0.412845762149917
-0.520829157742186
0.432389216991295
0.348743193022248
-0.259584901018472
-0.00290299485319959
-0.000368511914708873
0.02211690081169
-0.243770972939462
-0.416101310148002
-0.250721235944244
0.498396980288838
-0.244365216513114
0.64766132304345
-0.40292971128792
-0.00486455251767339
0.251620584576436
-0.243931771426009
0.159407231257791
-0.415477498589219
-0.427299693408636
0.233636478371283
-0.48735505891681
0.905963067019341
-0.247286934478784
0.915951062560501
-0.410495690777339
-0.00490550327097729
0.0122696534680986
0.91038809954415
-0.253059180268522
-0.401193971512844
-0.240850807141138
0.23167942757323
-0.766366857438551
-0.00179925463528882
0.498905935875022
-0.497106681239733
-0.00687456373273152
0.252008352181871
0.00891790870024042
-0.00801604349446436
-0.489601343690573
-0.00262197212131142
0.00792622460685648
-0.00805903609314569
-0.243550702701299
-0.239167807144636
-0.236823129304295
-0.000145664726502526
0.25119074759371
0.408689618670951
0.00787277671179743
-0.426638182202773
-0.230955727560178
0.647714645969084
-0.652603579998377
-0.251246013733491
0.0121007910580388
-0.249298073917611
-0.000751349988984108
0.419823466666328
0.601050692452326
-0.589621769238641
0.00494580248796236
-0.246183862722155
-0.00245989738203395
0.245086873693718
-0.261868899203843
-0.252762008977977
0.0109728668087915
-0.43546877877907
-0.226536234894119
-0.429017995898032
-0.417757423649854
0.025809296079869
0.166666577968939
0.082679181322009
0.167308645171529
-0.00298288450550717
-0.183394862524176
-0.168274561193464
-0.234667714709072
0.250132875946766
-0.250132875946766
0.000451494863574151
0.00770035014846999
-0.243542484605333
0.240720916372448
0.251225578628559
-0.00946706117113096
0.776128666735673
-0.903716782245578
-0.244123851595649
0.494535064176028
-0.40753931025188
-0.647728698596659
0.658010277055355
-0.670300125855883
0.257329164025361
-0.495760593641998
-0.170264194004257
-0.00392083382879881
-0.247425881297971
0.00391389893956834
0.933994331022492
-0.280284626836977
-0.656528784042415
0.254320967554932
0.504193302350179
0.416274709467088
-0.505396708426219
-0.47071229003479
0.40753931025188
0.00657612830312544
-0.167994059279227
0.0114443644357357
-0.914211562468228
0.239236429780506
0.497660379783718
-0.252578813314326
0.83231917740423
-0.832723446657536
-0.160734443468873
0.252489484995713
-0.484657147079841
-0.247760925663623
-0.256151517004468
0.667735512610838
0.242068346704589
-0.406256972013613
-0.424420759421914
-0.667251415028082
-0.511035790928395
-0.00500400976067207
-0.248714570784855
-0.415135997894497
-0.239127281489925
0.250448199673272
0.40601727297026
-0.412263661167477
-0.00365728090725439
0.419866419322019
-0.250558164869483
-0.937154978315769
0.00646148442360433
0.242394552066016
-0.0021683631540672
-0.000540032660536476
0.00372593983836623
-0.00116062350067789
0.415327681218091
-0.418072976525266
0.419720772222944
-0.00657034552511999
0.223582835554073
0.498152013404079
-0.00605519252945049
0.00883879873344058
0.156293296518389
0.247053499138823
-0.154826361513651
-0.233037388893909
0.65718446252857
0.0877167027172257
-0.0255709909004391
-0.259177984901969
0.914121321879378
-0.429098035345225
0.422654422576324
-0.242699348666577
0.658785323985371
-0.412486073116544
0.170062472459941
-0.165447562786268
0.00752618101056375
0.477215086467669
-0.477215086467669
-0.013497314080441
0.927829211118334
-0.914331897037893
0.493515242630141
-0.00216784905081238
0.655854292523121
-0.0
-0.499128512401726
0.495921534792167
-0.247206964007312
0.0167897922467124
0.00299500315054632
-0.662757465546357
-0.252940979859287
0.498970747254387
0.390871889419212
0.409313259968482
-0.659237584107242
-0.00373498240448407
-0.251246013733491
-0.00436443549764679
0.223636648342366
0.0120364529701771
-0.413679294699892
-0.233466395927789
0.510349907003029
-0.240307795669855
0.247931368161603
-0.00904859977017577
-0.242554387071524
0.49114078956967
-0.417901169207865
-0.00228917989498049
-0.00982735199294447
0.00494561433424734
-0.00387561262708382
0.167994059279227
-0.414115438555005
-0.248699137006654
-0.165169629556142
-0.00927394878336976
0.013600309267164
-0.255949659131229
0.168805519918658
-0.410933983768084
-0.17504911975124
-0.416316706994903
-0.488636311048486
-0.0
1.33472876811098
-1.08860810399642
0.253250578029472
-0.00337828159751306
-0.0145269799549351
0.260860471860563
-0.241700872647863
-0.253718580545527
0.500576647131016
-0.652043541403876
0.66716940609465
-0.42469974170214
-0.00158289148679192
0.00351543459832187
-0.499613418970729
0.494892477720244
-0.00597703882575151
0.241947227772254
-0.410335660433011
-0.421438961860307
0.00280443042069649
-0.664002640112843
0.667834019100532
-0.172863522875302
-0.00429807547087967
0.250037143220461
0.498179044870003
0.00393101787322023
0.420554282561444
-0.00221872230150177
0.488515444456857
-0.907286724443093
0.241069917793297
0.00910965746228666
-0.49266463742638
-0.418029337494574
0.241885907201442
0.49746664686621
0.0090375512330425
0.489601343690573
-0.246860851699798
0.173621231337994
0.0722461578829947
-0.488607881211763
0.481197857046445
0.420300202897632
-0.400204675844896
-0.414540579198814
-0.41821695731208
-0.00506051308360623
-0.245881510967646
0.00999874782259973
-0.254170075409101
0.172881758913974
0.241313238713204
0.00410085259404886
0.00911009749739865
-0.244338433469158
-0.0163746225639296
-0.495670790381247
0.479726767717299
-0.241582930982511
0.528183659140578
0.00774286599625053
0.00182248121968357
0.247430538059102
-0.0812335570449054
0.0846491044249385
0.00294657883590881
-0.00486245040141252
-0.0
0.232777757537968
0.261630362645725
0.00151341460847318
0.398694102082799
-0.6450028216378
0.244800671845286
0.40719833996542
-0.662194373213982
-0.00474256101725627
0.0079881727949833
-0.0140849067532796
-0.2549336289815
-0.00281319497610331
-0.651192515658491
-0.649203601823461
-0.522196128676714
-0.24210845935128
0.905199690035598
-0.905199690035598
0.498763375531253
-0.24652195904376
0.00468538930719656
0.490470556257491
-0.000651585303542546
-0.492288357050174
0.253832240662794
0.660418321955589
-0.247486167991363
0.247123933975017
-0.419302593203257
0.0004442992619811
0.490263748206941
-0.195453857674936
0.665362167449715
0.176001790879308
-0.652339982097166
0.424912393042275
-0.159181809573505
0.646010928106967
-0.408329754283245
-0.0062526583832533
-0.238355329957082
-0.00327150676790845
0.00795929163419649
0.249987826493538
0.0052452560634692
0.227428774068495
-0.00261100105293162
-0.162047632959826
-0.243530995440198
0.409825754953947
-0.903084506311434
0.00130469646133271
-0.169516597883867
0.2549336289815
-0.2549336289815
0.652145807879743
-0.402281532336715
0.486952074587955
-0.493258751357487
-0.43225505448189
0.254395400795164
0.242077655963488
-0.00305233158598698
-0.492743904923028
0.247199992950147
-0.247199992950147
0.499734300826787
-0.26055886491683
0.668108338539877
0.219885543824569
0.00674478559165657
0.416361723328768
-0.161428094347268
-0.2549336289815
-0.492765590491452
0.495293561430961
0.00395638511412059
-0.264207925852618
0.245685091989833
-0.502468243655717
0.922230263084858
-0.408308354862435
0.00667201116168899
0.659322597551474
0.244394184694104
-0.649998201700051
0.104133122661384
0.320114531327697
-1.09331659093579
0.257884161876584
-0.00598417419728344
1.81699644274798
0.419681615283656
-0.501174262987617
-0.001126630429144
0.248552511727115
-0.251695672698154
-0.0029147646438446
0.416984763611135
-0.420556613122562
-0.00612318635664982
-0.662405866436276
-0.00809568501341669
-0.254907843672725
0.506957650093687
-0.416822133237085
0.00785345228007916
0.00776927323965891
0.403284441025852
-0.166121249132723
0.482972474071945
0.248585800212557
0.41661445601925
-0.263540248390265
-0.234773442137831
0.494420220138037
-0.412998441977435
-0.245294016493658
0.260078496360129
0.00990279725294531
0.658517168232969
-0.418285211459116
0.172881758913974
0.249925306302998
0.23950549588047
-0.246674527041017
0.498519252390813
-0.166224923803476
-0.408799657129287
0.17823267540996
-0.423033347255246
-0.244800671845286
0.245039315224833
-0.00277728269877851
-0.261501299032298
-0.236895681256541
0.903210100633127
-0.232959714315338
-0.174830933124399
-0.251652216486773
-0.248714570784855
0.22404718408416
0.505877378966327
-0.246478742909562
0.234667714709072
0.00378573065285987
0.24296907712713
-0.241611044877165
-0.258735873192929
-0.236469819771019
-0.256134947762783
0.249352441775731
0.895800549360269
0.415177635309222
-0.245671792450028
-0.405142375352683
-0.671295352310268
0.247964918646165
0.407422268876286
-0.413830280380132
0.240720916372448
0.235571723753092
0.0860097645219318
-0.0
0.253187938346518
-0.762856389395923
0.252123451091796
0.254814240332291
0.00193182511355837
0.415164200867588
-0.241723967529028
-0.00735483847074185
0.0099319467421586
-0.406283791662647
-0.411518592863989
-0.00581810950281701
0.0110950956570034
0.161188103399466
0.416455253694494
-0.499728943363465
0.489601343690573
-0.407670096666801
-0.00253144294863609
-0.661369325949531
0.244761216459623
-0.25011123403026
0.24283786690897
0.0178439890907848
-0.498396980288838
-0.00224628477376262
0.903527475906717
0.00360315051218392
-0.0831747182859934
0.0725711042246758
0.0102540310154817
-0.423670959383594
-0.417156114927201
-0.238355329957082
0.414164537830212
1.08629261147473
0.249047175460681
-0.0794345131802465
-0.2549336289815
0.497906480775435
-0.831841154615114
0.418540772086981
-0.508812201439315
0.903716782245578
-0.246586012729338
