0.00750129759143569
-0.60035180975145
0.625973988729477
0.289609239724095
0.640438999545166
-0.00314005452414831
0.294320282212736
-0.293418482269576
0.0163472860343826
0.618410404690651
-0.614766693922857
-0.918600353015633
-0.00356913587774463
0.0110832938477582
0.611331638619162
-0.612975415314171
-0.0192925417889085
0.00279185155336818
0.000229882242334724
0.00191432305122374
1.25246898552689
-1.55833370806939
0.296095214560095
-0.00065888167465486
0.630038756419833
0.604774075484202
-1.24197892457238
-0.0148765015542396
-0.285626701687813
0.293431264090901
-0.000911946101674213
-0.00816022833977691
0.6383022503135
-0.0193073212336289
-0.0228197956985725
0.0269274394797046
-0.293499019049732
-0.0265917677912161
0.354726640465356
-0.323736557090272
-0.000942544296221783
-0.00912875584201239
0.632422039531124
-0.592850512160014
-0.0514932391930763
0.0240364578179449
0.00159922370857667
0.00709506406652519
1.25510815268481
-1.55862847283134
-0.00456621888488127
0.00310158383289296
0.309840812506153
-0.289814171157133
0.296492469014174
-0.00269106656561765
0.630454701503869
0.00198299859239421
-0.000791522429500114
0.000791522429500089
-0.287792794914326
0.293766958903763
0.631552893897745
-0.333516411187677
-0.279416032783723
0.909991868097439
0.283980988922967
0.0
0.00195941697642502
0.00825429483065261
0.0
0.342356954547098
0.00673999523669397
-0.307541004483384
0.307776227651378
-0.599825730564703
0.921060980125413
-0.326293769735846
0.619768810909555
-1.22842611917509
0.90502586523709
-0.604171912143786
-0.299254729384727
0.000164310278858019
-1.25011543088993
0.00380527762058726
-0.00482134536961796
0.00101606774903066
-0.000575339664281214
0.00265048204061912
-0.0135231974654322
0.633404898209774
0.0166182456482032
0.632527248553435
0.00204572138968991
0.00902382316589345
-0.328297113232448
0.955076549638633
-0.0010751728668453
0.0127632845795936
-0.00878092782900038
0.625911389121676
-0.621869739525401
0.00572036365914397
-0.916743693292247
0.620318437212239
-0.328632459364957
0.000642075410857895
-0.00668930138124393
-0.289632972475889
-0.00297764356678775
-0.0193341548859645
-0.301827553046999
0.00252431329045002
0.0239679363059418
0.317508523376186
-0.00871009382493628
0.00424879301241682
0.292490597735078
-0.00236493570047005
-0.000671928849722874
-0.00334318343502022
0.28945707384217
-0.296384926987423
0.298112618397276
0.00398037911439822
-0.621685509139107
0.624549960260374
-0.916235938107657
-0.0101739353355552
0.304566889234912
0.00878412724242737
-0.0114911032945022
0.623443567973339
-0.910635851305673
0.00573050926485402
-0.917955568270828
0.948950896577197
0.0166037364021999
-0.650683867097077
0.0088830061132178
-0.285673064759797
-0.309474479479385
0.297441323829038
0.291049652366069
0.627179825769899
-0.0153995354691192
0.023392307090848
-0.633504127992338
0.333938817388182
0.292018852342321
-0.919829048685989
0.301009337364446
-0.00140525673951452
0.000626453075663396
0.324405190344811
-0.328210467965398
0.0
-0.590391457222885
1.21790822760498
0.0059199327790536
1.25088114288182
-0.623776751114827
-0.00798399913265831
-0.289722221277486
-0.32624101252234
-0.00239144684261733
-0.00334398230760258
0.00239972839763297
-0.00994690793936588
-0.00077208796795392
0.00142210185233968
-0.00142210185233971
-0.00652096566408956
0.637042452700316
-0.624219829034233
-0.304357992515512
0.93541937518663
-0.276771212379679
0.623525860883033
-0.33390705103978
0.28947992972161
1.25011543088993
0.288518933608858
-0.000726138694532222
-0.592850512160014
0.592850512160014
-0.00966623226696886
0.634723947711933
-0.0185863139893962
-0.606471401455568
-0.293181077227238
0.933115294226442
-0.66200175659975
0.298479785965014
0.284469740378607
0.00570807052425191
-0.633315839748855
0.00566655129107335
-0.298912982826157
-0.299604080624931
0.617288457861753
-0.624014149664586
-0.00254702559641775
-0.00296544326691101
0.618362088049939
-0.00381268502808285
0.336437021768044
-0.341812625481983
-6.67193024382378e-05
-0.304449262426876
0.307313713548143
-0.00286445112126724
-0.293246431535083
-0.00408719575955784
-0.00667507511821927
-0.297759556704215
-0.298245819920773
1.55072618651117
-0.624001224737526
-0.626114206152403
0.630433319158903
-0.613942687714473
-0.300408101287111
0.278738370356488
-1.26430998912954
0.665947008106201
0.0
-0.321587090088759
-0.319814001487098
0.641401091575857
-1.2738202801513
0.000934455713420274
1.27288582443788
0.928350274675202
-0.928350274675202
-1.27691210305843
1.27691210305843
0.631603877574838
-0.631603877574838
-0.329001143499857
-0.942320070746755
0.00411070000267799
0.00288277877351831
0.617367559864957
0.646960175605458
0.0
-0.0531857321968183
-1.90383030668804
1.95701603888485
0.0
-0.650930532666097
0.635051204070662
-0.650930532666097
-0.543657821471115
0.0214991471722971
1.25906216788275
-1.25162113054571
0.263047282956108
0.682838329450726
-0.659629854430385
-0.0160016212505898
-0.295016156957602
0.963379980180275
-1.65549987354279
1.96272368401499
0.292060910906598
-1.23104547162628
-0.396583272368978
1.02834402261646
-0.6383022503135
1.56634329237712
-1.89264282097992
-0.000600102605705592
0.297934806425219
0.636749723556086
0.668067036981283
-0.649986792296036
1.55352870316385
-0.6237096837244
0.95020991511072
0.650106451962073
-0.963641402484573
0.339178310974437
-1.2735091521898
0.9236015401262
0.00903389663296032
1.22166500476101
0.33425416376384
0.319454766702104
-0.606575007342155
-1.25011543088993
0.623698905774603
0.302216421847598
-0.632453112129095
0.956653215396823
-0.0271704524014581
-0.617519365954261
-1.55598941124073
-0.610935984398237
-0.344453702249254
1.57565175094976
-1.24119153732621
0.282217838429088
0.0152143835999766
-0.309501015469958
-0.29130075037486
-0.322939513440509
1.88265792374814
-1.58032672530252
0.00143853257627699
0.00685687404943931
0.649394802836852
0.0955587176954585
-0.625057715444964
-0.640603290136637
-0.662634684045283
-1.24329151714914
-0.00061976994202169
1.27506123827443
-0.625057715444964
-0.653997899954306
0.321546124380542
-0.304229818483094
0.000650981407148836
-0.0105465304579888
0.963366862445761
0.328572873225031
0.307385201190424
0.313378881699632
-0.938835484070339
0.614143428154378
0.935207466707112
-0.928586184387272
-0.0127653483068796
0.00778430733201058
-0.0193162691151638
2.18045840931294
-0.654283398174469
-1.23790976332683
-0.286236901263635
-0.00835324728072627
-0.619960685723457
0.621597592389578
-0.608005620126058
-0.597552263302295
-1.85035249139307
-0.653081323562897
0.0266696945048976
0.317124196712857
0.00960385721752048
-0.650003522829465
1.90882323490114
-1.88676203768367
1.22522730549605
0.0245933531870632
1.22439812041521
-0.942923324504343
0.018340770323137
0.334291011260646
-0.667720789446136
0.0426630740011716
-0.0419783759804322
0.617801974471333
-0.0127806119048486
0.328308146853717
-0.00620591142028419
-0.00235494335353202
-0.300805742400681
1.26993664572526
-0.652775109072797
0.282459261761747
0.0397274980094022
0.635051204070662
-0.0220600241631518
1.28027292289518
-0.00333082849666376
-0.0181547716201361
0.649915521867622
-1.57930357332059
0.028023608117933
0.602287321897017
-0.625681043196889
1.24902390183522
-1.25088534307206
0.279185543378858
-0.923629652151819
0.280292537595992
-0.30633859930827
0.301825685721687
-0.959744698338685
-0.92222144940796
-0.00641524844767132
-0.661098662403794
-0.0119912817490982
-0.281569022948556
0.293188972481618
0.629598023299333
-0.301110389225819
-0.00481912082999005
-0.00654150006601456
-0.324786609523421
0.0117337712742399
-0.633449220652142
0.0274679250522251
-1.25747975497609
0.928425304211572
-0.925756712018248
0.306286126926074
-0.620821544862056
0.284602982426021
0.627790770876794
0.350108924442313
0.309784005530159
0.00612545864298532
0.624205347311981
-0.638733377027838
-0.307225718970967
-0.965694700397704
-1.29068121140122
0.331811946388296
-0.632016561304855
0.928617554521488
-0.296368841434924
0.285153981747967
-0.637264651277488
0.298505553276944
0.330746315028858
0.301478463812695
-0.625096344521084
0.623590644865304
-0.292989538938227
0.625057715444964
-0.919883747816395
0.294826032371431
-0.33198050376721
0.611813180576429
-0.618184965653052
0.631429500521588
0.0004818565314191
-0.000481856531419088
-0.00595834782582804
0.0
-0.290144212677045
0.295193324640584
-0.0243653810787024
0.0193162691151638
-0.29685437891943
0.00360794738434661
0.294208347739064
-0.000961916203980784
0.641669130814949
-0.298198238677288
-0.326859476767677
0.0
-0.0183665569510599
0.636721237593503
-0.620046020174237
0.00169133953179332
0.000961916203980771
0.320855879080203
-0.321817795284183
0.0
0.0
0.625057715444964
-0.621408765533948
-0.00364894991101624
0.615064226819267
-0.615064226819267
0.0
0.00223339175460838
-0.0029628150824209
0.000815702083781658
-0.330231683073534
0.00412910998802347
-0.00412910998802344
-0.290144212677045
0.290144212677045
-0.00101606774903069
-0.00168504027513165
0.00270110802416233
-0.0103203509369399
0.0103203509369399
0.618354680642443
-0.913180713013874
0.00467417380009784
0.292227000947671
-0.295321573911421
0.293246431535083
0.627922166566232
0.0
0.000160819325114125
-0.000160819325114121
0.00112153910479377
-0.00112153910479378
0.0
0.625057715444964
-0.625057715444964
-0.298790191780477
0.298790191780477
-0.00135391361303539
0.00624820192230002
-0.296580266156547
-0.00473927823272498
0.00159922370857667
0.294826032371431
0.00239144684261731
-0.298816702922625
0.292383606483732
-0.0174777780664592
0.626945040196944
-0.607629728909565
0.286870617134961
0.633674932055668
-0.644042172545202
0.0110285297731727
0.621685509139107
-0.621685509139107
-0.00504272921889961
0.00441676357107514
-1.26009754280117
0.907813994537664
-0.618515499967558
0.615064226819267
0.296517371903224
-0.0053756037139385
0.00537560371393849
-0.300534102895682
0.295158499181744
0.00933701944100654
-0.00396141572706804
0.00317882454492387
-0.00191669822955265
1.25011543088993
-1.25681846569245
-0.00815253812800507
0.0175248764063515
-0.310067456760578
0.308200248421637
-0.000802095136883754
0.0
0.0
0.0
0.291685977847282
-0.915209059561873
0.29685437891943
-0.00202834654799937
1.25011543088993
0.00242334057934249
0.00396141572706805
-0.282779888590886
0.291902271511277
-0.00311197244726695
-0.291827163614202
0.296731405696378
-0.00355032846914048
0.615064226819267
-0.617765334843429
-0.293724148055845
0.297067331490865
0.617712605231585
-0.618354680642443
0.0
0.0065871930193334
0.615098316119774
-0.621685509139107
0.0
0.00734939686229294
0.61798506218783
-0.628371323600316
0.00135391361303537
0.0
0.00411736468982417
-0.00220066646027153
-0.296742730600983
0.298631309992018
-0.00380527762058727
-0.302520397977502
0.303960590346506
-0.00144019236900452
0.627291107199573
-0.0067540235721496
0.00190884177020484
0.310580699940819
-0.00931026205886743
0.618354680642443
-0.910040658489726
0.280713080642536
0.0109728972047458
-0.0178812524365431
0.00673999523669397
0.0096662322669689
-0.000356362890951575
-0.0115924219436782
0.0119487848346297
0.0
0.00159922370857667
0.623458491736388
-0.625057715444964
0.0
0.0065871930193334
0.61176748762311
-0.618354680642443
0.000782427109802005
-0.295608459481232
0.290866981964192
-0.301123058900759
0.00333572383675525
-0.00333572383675525
0.00612769513823981
-1.64966045212244
2.26859047242917
-0.625057715444964
-0.0076943656060714
0.00865628181005217
0.016335108674161
-0.00765301929787443
0.625057715444964
0.00333572383675525
-0.628256465776443
-0.298156860868094
0.621685509139107
0.0
-0.621685509139107
0.0042731249665539
0.620784590478411
-0.300137701302743
-0.618166445677305
0.286212550723676
-0.913678409121884
0.28862069367692
0.0
0.0
0.0105639066147943
-0.306989162694802
0.296425256080007
0.621685509139107
-0.629379874745179
0.0076943656060714
-0.301065695860018
0.629379874745179
-0.617568144449283
0.618210219860141
-0.626034718864613
0.00167878776664894
-0.00992043828663035
0.0127508799715135
0.0
-0.296425256080007
0.914779936722451
-0.00203054919862649
-0.00207514237633786
0.0
0.00643420921878413
0.32200486838524
0.0
-0.0255276830795648
0.00191669822955266
-0.00191669822955265
-0.00855961355881071
0.000802095136883744
-0.000802095136883754
0.0
0.625057715444964
-0.625735516338151
-0.00572649384422758
0.00640429473741382
-0.0030947888365453
-0.0199502842757965
0.0290192371017793
-0.00597416398943739
0.0
0.0
0.0
0.915097411243427
-0.620271378871996
0.0
-0.00622117827110192
0.00117844905220234
0.00504272921889965
0.00315232787469044
-0.00315232787469046
0.0138900978759659
0.0
0.00144019236900452
-0.00414130039316685
-0.293724148055845
0.296425256080007
0.0
0.0
0.00333572383675525
-0.00692363077002899
0.00101227879896871
0.000623368063771514
-0.0022156383869381
0.00187652639194634
0.000339111994991757
-0.0106468201484946
0.0106468201484946
0.0
0.615064226819267
-0.614582370287847
-0.000481856531419088
-0.0076943656060714
0.0076943656060714
-0.304449262426876
0.302084326726406
0.624050444839577
0.00337220630585728
-0.625057715444964
0.0
0.0
0.0
0.00207514237633786
-0.00207514237633786
0.00175805883423156
-0.00812984391085517
0.291789971131562
0.00396141572706805
-0.00396141572706804
0.0
0.000298859286562318
-0.000976660179748539
0.000677800893186225
0.00112153910479377
-0.00112153910479378
0.00139183246310317
-0.00139183246310316
-0.625177941276421
0.000160819325114125
-0.306610730308439
0.0
-0.29986876159033
0.0
0.0
-0.00570807052425192
0.630765785969216
-0.913678409121884
0.28862069367692
0.625057715444964
-0.641195270057701
0.625057715444964
-1.249248711236
0.0
-0.299535478409498
-0.00163250684389863
0.626690222288863
-0.625057715444964
-0.0101113061149578
0.00198146220410264
-0.92144648905587
-0.0125974329728619
0.310081763680176
-0.000416999216449315
-0.613408440803747
-0.00768576208839401
0.0127225258812827
-0.615064226819267
-0.0103203509369399
0.0103203509369399
-0.293246431535083
1.54464282675515
-1.24557594570025
-0.0121544332406246
0.00697605913166573
0.000160019726025847
-0.00249343466867706
0.000642075410857895
-0.00468372500713328
0.62909936504124
-0.625057715444964
0.623299656610733
-0.625057715444964
0.0
0.615064226819267
-0.621104357466501
0.00604013064723411
0.0
0.608600609157082
-0.910529130068452
0.30192852091137
-1.6513834810147
1.6513834810147
0.0
0.00364894991101623
-0.00364894991101624
-0.00984472501161083
0.631530234150718
0.615064226819267
0.296425256080007
0.0
0.0
0.0
-0.296425256080007
0.300542620769831
-0.00919951567235465
0.0050821509825305
0.0
0.0
0.0
0.618354680642443
0.00578163688991888
0.00349243213731382
0.62086056712056
0.29685437891943
0.0
-0.291685977847282
0.291685977847282
-0.303893251683578
0.622001813605387
0.00202079680116226
0.299380343453354
0.621685509139107
-0.648789435575484
0.0254125869045833
-0.640555035995152
0.306449910983325
-0.302520397977502
-0.00470944603806751
0.00247459301142063
-0.29419040305336
0.619803505051992
-0.318949551958688
-0.00442869701329609
-0.0105085924656252
0.0136098894064187
0.618836537173863
-0.618836537173863
0.0
0.0
-0.00470944603806751
0.00470944603806748
0.625057715444964
-0.62473627744273
-0.000321438002234651
0.0
0.00470944603806748
0.618354680642443
-0.624394811289678
-0.910627640818262
0.285248487371063
-0.0062940259611116
0.0128450568118928
-0.00317882454492389
0.615064226819267
-0.615064226819267
0.0
0.0
-0.00658719301933341
-0.291685977847282
0.291685977847282
0.000802095136883744
-0.000802095136883754
0.296586075405121
0.000316897195647413
0.0
0.000642075410857895
0.00378662160243821
-0.00442869701329609
0.0
-0.00202834654799937
0.624656152156997
-0.622627805608997
0.00270697605207482
-0.00394442765038716
0.00123745159831238
0.303516193136776
-0.0097550729131561
-0.298500398456345
0.298658647834616
-0.00588572355816098
0.00916480066688135
-0.0165810924002199
0.00337425793081973
-0.00535820179512333
0.628706665355981
-0.626789967126428
-0.00456798060583494
0.601836180600114
-0.603226547820107
-0.3004076128306
0.304449262426876
0.00270110802416233
0.615064226819267
-0.616080294568297
0.627831842028227
-0.626815774279196
-0.294826032371431
0.294826032371431
0.625057715444964
-0.631429500521588
-0.000331249725897418
0.0105083124231083
-0.00380527762058727
0.0222137146592522
-0.0385049022587249
0.0162911875994728
-0.294826032371431
0.277098862362632
0.637522043020246
0.00205145545277334
-0.621846328464221
0.000424124619973833
-0.00778844870613318
0.00736432408615936
0.0
-0.294826032371431
0.00157960083634721
-0.625057715444964
-0.00101606774903069
-0.291829252952177
0.292845320701207
0.625057715444964
-0.625057715444964
-0.629641796729403
-0.0167673332424832
0.0167673332424832
0.000961916203980771
-0.00933858090952158
0.0
-0.2981165956118
0.0
0.0
0.298790191780477
0.0
0.0
0.00237434253225493
0.00152889839255006
-0.00450922945153209
0.00370713431464834
0.0
0.00286445112126725
-0.00286445112126724
-0.00507821444325336
0.0076275225601118
0.00234498019240617
-0.301319544389272
-0.295165144366422
0.29246403634226
0.327961361083262
-0.332294133870507
0.0103696046481622
0.00507323335259407
-0.00413583222279541
-0.299099157337984
0.294826032371431
-0.296425256080007
0.296425256080007
0.0076943656060714
-0.305472852519925
0.907760174416942
-0.321929424562436
0.0
0.0
0.621685509139107
-0.621685509139107
0.0
0.0
-0.00917776158440746
0.00917776158440743
0.625057715444964
-0.628764849759613
0.00370713431464834
0.614046572331037
-0.611339596278963
0.0
-0.0215194276627347
0.0181472213568773
-0.00266792434137687
0.00502406289820345
0.00101606774903066
0.624255620308081
0.0
-0.62156528330765
-0.00349243213731382
-0.0106468201484946
0.0167745152867344
-0.00815604168623919
0.00330931087813666
-0.294527395865221
0.0
-0.00868208937628658
0.0144060168639499
-0.0110995312016018
-0.00363492988473742
0.0
0.625057715444964
-0.924344277627282
0.298156860868094
-0.621685509139107
-0.0151766363821324
0.0088048513055088
-0.315308633540098
0.309082985643859
0.0125974329728619
0.0
0.00520374964340835
-0.0135569969241346
-0.00261964992401957
-0.318219753671302
0.318219753671302
-0.000677800893186227
-0.00539828917588086
0.00236493570047007
0.630245122697918
-0.636948157500439
0.00670303480252105
0.0
-0.296425256080007
0.629490071542194
0.285289865180256
-0.0142123045804868
0.0148543799913447
0.617712605231585
0.637331018090733
-0.609706025024143
-0.0117299868717469
0.324298336855119
-0.316249725368493
0.00101606774903066
0.0
0.00254930811685846
-0.00254930811685846
-0.00270110802416233
0.00759539633342698
-0.315853673686396
0.31319277713174
-0.00199603190994104
0.293448283410638
0.607059883265064
-0.29760394151312
-0.300251024286668
0.279216829519885
-0.00463744004397567
0.298035101202816
0.0130382669911119
-0.00676720000929989
-0.292049502913325
0.28785357830785
0.00857167777215673
-0.00950541294185474
0.00637989642536447
-0.621685509139107
-0.00570807052425192
0.000332466810313427
0.295503833264617
0.626579797448372
0.00368166764000098
-0.000677800893186227
0.000677800893186225
-0.294826032371431
0.292124924347268
0.627758823469127
-0.628076112296496
0.005725372903606
-0.295953407587158
0.296425256080007
0.0042731249665539
-0.0089825710046214
0.00470944603806748
0.0
0.331811283909881
-0.625057715444964
0.0
0.296738863672397
-0.00518377166910713
0.630710470703826
-0.310380160432773
-0.326003294825419
0.632422039531124
-0.627273353831903
-0.00940824022495652
-0.00209257411585861
-0.00202108926778081
-0.000318857936230168
0.0063815968002864
-0.294262499284114
0.289980427471111
0.622636752455446
-0.616279538266106
0.616279538266106
-0.924697958238448
1.43987577596864
-1.14345051988863
-0.00404164959627539
0.0
0.608439789831968
-0.90502586523709
-0.294937771066877
0.289013985825669
-0.286404042750361
1.4692996158442
0.0155041666043511
0.297288081131359
-0.299132232132082
0.00317882454492389
0.293246431535083
0.00673999523669397
-0.00673999523669397
0.0
0.000802095136883744
0.00300318248370353
0.610791101852713
-0.624306035601821
0.0038662050686164
-0.00132743108858253
0.00529492683944253
0.00268907229321577
-0.286907666017951
-0.00761972984726986
0.28687464645846
0.00637178507662364
0.625057715444964
-0.631217471809562
0.00648119436683233
-0.000321438002234651
0.0
0.0
-0.624394811289678
0.006682206058092
-0.0026483784123189
-0.00999348862569783
-0.619187659236948
0.00948163421280478
-0.00535820179512333
0.00302173379570294
-0.0185190543458902
0.641036892526571
0.00437575316668255
0.0
0.0
0.0
-0.00270110802416233
0.00173231573263536
0.00539748930482304
0.00370713431464834
-0.00764151299571099
-0.296850751642688
0.308859572231473
0.000526980716190696
-0.311966364537766
0.311500773241798
-0.0111317318158171
-0.323957771110436
0.00378640538223096
-0.00513026514008884
0.621726886948301
-0.618354680642443
0.626497907813969
0.00734939686229294
0.617708318582672
-0.622508407328106
0.000472425678844475
-0.0110457401425715
-0.290598028902153
0.924112822008716
-0.635175690704208
0.015692214467832
-0.0112918252049885
-0.289122000186963
0.302927328353122
-0.29345430200536
0.908238436656436
0.00702335659743369
-0.613478335378739
-0.01392987956728
0.00857167777215673
0.0
-0.00521478438882437
0.00521478438882437
-0.296425256080007
0.296425256080007
0.0
0.0
0.0
-0.0017729825972806
0.00177298259728061
0.0
-0.00901053359867593
0.635124739751079
-0.626281213551088
-0.303309259208761
0.31021626184414
-0.330231683073534
-0.625057715444964
-0.0170950833540051
0.609795067083633
0.323820060690096
-0.340436889441232
-0.62650008068571
-0.299740936394653
0.297910680075975
0.324218314752084
-0.314552082485115
-0.00651016566113567
0.627393579663359
-0.621685509139107
-0.304678341974169
0.304678341974169
0.0
-0.28813106177017
0.28813106177017
0.0
-0.000339111994991765
0.000339111994991757
-0.00216057444275101
0.0004818565314191
0.00194416862661178
-0.0011450608278936
1.25310759152635
-1.25438855585648
-0.0170855926209226
0.642143308065887
-0.625057715444964
0.615064226819267
-0.915760738265225
0.300696511445958
0.618354680642443
-0.618191337545338
-0.294989375468535
0.273024760366094
0.288293809605426
-0.28669458589685
-0.300466905676283
0.300466905676283
-0.297436278167442
0.00710421393319504
0.916743693292247
-0.633410962725691
0.633410962725691
-0.625057715444964
-0.0103203509369399
-0.284505681434491
0.295787948575411
0.000478276165023748
0.000951254473612799
-0.00239144684261733
-0.0121485968784513
0.62396177745488
-0.906200266447873
-0.37903821384202
0.678319588022729
-0.0110226236240776
0.00447813256115486
0.00286445112126725
-0.00556555914542958
0.61067602867523
-0.000714541184935971
0.00266522838841133
-0.00535820179512333
0.00101606774903066
0.0
0.00175805883423156
0.325101417933445
-0.631308739194552
0.926134771565983
-0.296425256080007
-0.328751075589476
0.62251646507671
0.00349243213731382
-0.00349243213731382
0.00396141572706805
0.00474867809786824
-0.012077404790702
0.325296735528202
-0.330282671843162
0.00835324728072625
0.00112153910479377
-0.0068296096290457
0.0
0.0
-0.285126673033329
0.0
-0.289994638315489
-0.0111110633093486
0.305030432911239
0.610480145534828
-0.619105876415542
0.625103306290794
-0.621435236050679
0.608974188513243
-0.602934057866009
-0.0130308753772327
0.0237393456619458
0.619127871273047
-0.640000316655796
0.296425256080007
-0.0237048492613675
0.618354680642443
-0.618354680642443
0.0
0.0
0.0
-0.0138900978759659
0.0138900978759659
-0.301197817448054
-1.54654068696994
0.296425256080007
0.00364894991101623
-0.00364894991101624
-0.293246431535083
0.911601112177527
-0.618354680642443
0.0
0.0
0.0
-0.306091488346976
-0.302083807975695
0.293730560694969
-0.284893184254357
0.292541197749533
-0.295720022294457
-0.2885545777333
0.293246431535083
-0.00637178507662361
0.00637178507662364
-0.00504272921889961
-0.289783303152531
0.294826032371431
-0.0154973205501873
0.637182829689294
-0.00259566858537788
0.295842100120461
0.625057715444964
-0.00619618514037724
-0.00180688018296621
-0.00518377166910713
-0.00600302607427809
0.0076943656060714
-0.00935141321483994
0.634529354491261
-0.625177941276421
0.621685509139107
-0.621685509139107
-0.00470944603806751
0.626716393179409
-0.622006947141342
0.0
0.0
-0.00820843846179218
0.00820843846179214
0.618354680642443
0.0
0.0
0.000160819325114125
-0.300627725001397
0.292113658395556
-0.295866081459103
0.304219328739829
0.000642075410857895
0.626092545691788
-0.626734621102646
0.296425256080007
0.319473197112914
-0.319904499463952
-0.0254664198915615
0.0175174521374856
0.0031554484858434
-0.00730129656649882
0.0096662322669689
0.628882825826582
-0.299289707201274
0.300386671807075
0.617724093412039
-0.630266959501236
-0.301510331985973
0.0
0.000424124619973833
-0.00112153910479378
-0.294826032371431
0.924001112506219
-0.00411736468982417
-0.633410962725691
0.00835324728072625
-0.0172405936189818
-0.605378971357645
-0.330231683073534
0.631031879434402
-0.63473901374905
0.00370713431464834
0.00151053750823186
-0.299050301933442
0.639952598596265
-0.334928132673386
-0.300800196360868
0.285815498772755
0.00901053359867589
0.0
0.00236882654211519
-0.00258279915426212
-0.00879656098652898
0.0123462574354311
0.0
-0.00303686455019293
0.628094579995157
-0.00337220630585728
0.0004818565314191
-0.622167365670526
0.00851449416202739
0.00537560371393849
-0.00202834654799937
0.627086061992964
-0.0021891658731135
0.0020283465479994
0.00175805883423156
-0.00111598342337366
0.00111598342337366
-0.000317866465227061
-0.00144019236900452
-0.294826032371431
0.628119718357891
-0.926075595931042
0.624635724045406
-0.624635724045406
0.00643420921878413
-0.00643420921878413
0.0
0.0
-0.28862069367692
-0.0124038650798838
0.929261098746692
-0.628236539989888
-0.00303686455019293
-0.00863957501266246
0.00999348862569785
0.625057715444964
-0.00134483300739773
-0.623712882437567
-0.00163199193831047
-0.000396354609688916
0.0020283465479994
0.00380527762058726
-0.00380527762058727
0.0
0.00825812430389037
-0.285108787437283
0.0
0.0
0.298658647834616
-0.622623142961895
0.00549729227147632
0.000159425225343479
0.00576409231237075
-0.294826032371431
0.294826032371431
-0.00270110802416233
0.00619354016147616
-0.0131586644042827
-0.6247223736893
0.00762058557140081
0.615064226819267
-0.906750204666549
0.291685977847282
0.618354680642443
0.629978559254338
-0.618354680642443
0.0
0.625057715444964
-0.628390870040124
0.00488388337520066
0.0
0.0
-0.294826032371431
0.300184234166554
-0.00535820179512333
1.25972473106935
-1.25828453870034
-0.00144019236900452
0.0143554918070934
-0.00671145100209472
0.00685364160804274
0.00063968257337467
-0.00112153910479378
-0.304882591320402
0.294826032371431
0.0
0.333064815462187
-0.333064815462187
0.00194494877362252
-0.00108769623647059
0.620213714435192
0.0180542528422895
-0.00117470714435179
-0.292427968932483
0.622006947141342
-0.622006947141342
-0.00236493570047005
0.00236493570047007
0.623443567973339
0.611813180576429
-0.917577017565958
-0.296425256080007
0.608600609157082
-1.23038678847647
1.20794137928465
0.00835324728072625
-0.00236493570047005
-0.303478928807475
0.302471658202088
0.00337220630585728
-0.00370713431464833
0.00370713431464834
0.0
0.000160819325114125
0.918491529750489
-0.289166666255571
-0.325419284398672
0.294826032371431
0.626974413674517
-0.632017142893417
0.00504272921889965
0.61929406229649
-0.621685509139107
-0.00119692862175868
-0.00583695218964825
0.0113070057779608
0.0
0.00137849404851989
-0.000313607592389946
-0.0117505023170806
0.624740240923988
-0.0212313266193317
-0.611457685432839
0.634111522139297
-0.914779936722451
0.296425256080007
0.00191669822955266
0.00254930811685846
-0.00958318892826539
-0.287792151560024
0.299201091907654
-0.305798929576176
0.293598134531436
-0.00509301267877694
0.00254930811685846
0.000787377702306559
-0.00317882454492389
-0.0158142867982914
0.0158142867982914
0.629138528459883
-0.647258372657069
0.0181590076158296
0.00404164959627537
0.0
2.98321946574606e-05
-0.711175392473435
0.711145560278778
0.0
-0.00313829063719219
0.0
-0.011955357562004
0.0113484806957655
-7.09240269477709e-05
0.0022770246017629
-0.302066129384859
0.308574020164603
-0.00810711448831995
-0.00802400634686859
0.328003921827031
-0.622964476374123
-0.00150770374443868
0.919484269759752
-0.00317882454492389
-0.286893166434207
-0.325911032825917
0.00834504355317358
-0.00982043744094067
-0.303536697895613
0.937932994250099
-0.625057715444964
-0.290144212677045
0.293636644814359
-0.0240572118587422
0.0222976908944797
-0.000576837250111451
0.00260518379811085
0.000921422815390444
0.00319594187443373
-0.0103055756949347
0.00595583649686898
-0.296425256080007
0.278058699128947
0.00596446449834722
0.00050065655865053
-0.00477378152520445
0.321310501000038
-0.324820319422925
-0.298273639452244
0.911489482899274
-0.909890259190697
-0.288075625353822
0.916611225530484
0.294914251717751
-0.00142251008712628
-8.44907704271913e-05
-0.0153374557072465
0.0166168287511369
0.618672547107671
-0.619150823272694
-0.0109554048296786
-0.0105839168654675
0.34395565446315
0.000321438002234652
-0.000321438002234651
-0.29484565524366
0.918304146980048
-0.623936176340171
-0.00333082849666376
0.625057715444964
-0.632091596256371
0.292907319540091
-0.00735525361107964
0.00913455797507592
0.617075307598553
-0.913341532338988
-0.0105034483049224
-0.00112751166468014
0.620567491650629
-0.615403338814258
0.00889872555380246
-0.307427295526517
0.296839335419706
0.000281691750815491
0.00174665479718387
-0.00437575316668256
-0.00500286352405163
-0.29336892878444
0.296639540627028
0.619768810909555
-0.621685509139107
0.625057715444964
-0.615064226819267
0.0
0.629641796729403
-0.0145775699101362
-0.916593293993218
0.29375802435387
0.00793186214519559
-0.000160819325114121
-0.0132445348685356
0.00753646434428365
-0.301279180103728
0.305593471320097
0.00979842485100307
-0.00840464554311971
0.00470944603806748
0.626114206152403
-0.644689818355719
0.644689818355719
-0.625057715444964
-0.00404164959627539
-0.292383606483732
0.911489482899274
-0.625057715444964
0.626656939153541
-0.626656939153541
-1.75083414920719
1.74313978360112
0.629379874745179
-0.626974127492478
-0.298875994927581
0.304164613280952
-0.00270110802416233
0.00296600460526891
0.0
0.621685509139107
0.00765929456251659
0.624596701786902
-0.641013984247721
0.0170950833540051
0.0
-0.00302173379570296
-0.00741059327598266
0.00504272921889965
-0.291685977847282
0.291685977847282
0.0
0.0
0.00128096433013726
0.00453948518967953
-0.00582044951981676
0.328439077604024
-0.64036900613398
0.0
-0.00437575316668256
0.627342226635927
-0.0109060934410686
0.627291107199573
-0.00223339175460837
-0.62361752307596
-0.00144019236900452
0.00175805883423156
0.00375441002909721
-0.00551246886332877
0.00223339175460838
0.0
0.00364894991101623
1.24678791898115
0.918821586318726
0.329733986965523
-0.329733986965523
0.0
0.625057715444964
0.00683309425759599
-0.624693493015086
-0.00912008264488448
0.627100707233831
-0.625177941276421
0.927921091732344
-0.619547050817708
-0.296425256080007
0.623422009267286
-0.622156781854595
-0.00286445112126724
-0.310659942041951
0.310659942041951
0.621685509139107
-0.621685509139107
0.0
1.25547363268505
-0.650048020150843
0.297885907179793
-0.293557485070954
0.291685977847282
0.0
-0.00575253183922992
-0.000619253237393682
-0.0170950833540051
-0.280192997777354
0.00223339175460838
0.00587372273371158
-0.00810711448831995
-0.0122826186645548
-0.00430108756060842
-0.930540967156714
0.925288842084346
0.013591288858825
0.94256933236849
-0.640085870533815
-0.0104774052496205
0.304618873877567
-0.634778040055903
0.000323358128394359
-0.283504079339866
0.921482971524972
-0.00337220630585728
-0.619768810909554
0.316722272509707
-0.318638970739259
0.625057715444964
-0.623727321181055
0.00637178507662364
0.621685509139107
-0.00527159551370857
-0.630963203214352
0.0130866735942945
-0.00432675080420246
0.000677800893186225
-0.0137545484451034
0.00406964450058966
-0.28741815302868
0.297745132384051
0.00378662160243821
-0.00442869701329609
-0.306745607016947
0.614925645004034
-0.931556760698016
0.317122392495055
-0.00567298455436605
0.000178292669877635
-0.296425256080007
0.296425256080007
-0.296425256080007
-0.625490786759694
0.0
1.25011543088993
0.00128096433013726
0.625057715444964
-0.62235073939289
-0.00270697605207482
0.605425612534209
-0.602561161412942
-0.00286445112126724
0.0
-0.294826032371431
0.286244582009302
-0.00883206014473956
0.0174135105068681
-0.296425256080007
0.296425256080007
-0.314474502513712
0.313899527625745
-0.00232939680277082
0.000494002341181885
-0.316120512283242
0.318530881632798
-0.0205774054911653
0.0205774054911653
0.00860241259412683
-0.0109279326152552
0.0085364857726378
-0.310002668753563
0.935060384198527
-0.622035981649261
0.618663775343404
-0.620883414002223
-0.284436142152793
-0.604623517397326
-0.018360305417816
-0.2861535106718
0.928500610813959
-0.0154618840941291
0.0129188709750965
-0.000321438002234651
-0.00437575316668256
-0.00331861243938882
0.0076943656060714
-0.00404164959627539
0.00404164959627537
0.91493194067419
-0.00987232856267834
-0.615185386882286
-0.0108412912138109
1.2643289284096
-1.54494146326136
0.299565310604155
0.613615402409718
-0.0032904538231768
-0.624402807728788
0.0122030320307888
0.605425612534209
-0.00254930811685846
0.621685509139107
-0.621685509139107
-0.00504272921889961
-0.345909246281984
-0.27695954294037
0.908238436656436
0.00390628039125215
-0.00390628039125218
0.0113890868635301
0.00396141572706805
-0.624255620308081
-0.000802095136883754
-0.296425256080007
0.918229478135968
0.333485176462538
-0.96298376412457
-0.000329640740797191
0.0080240063468686
0.0
0.0
0.0
0.000961916203980771
-0.00898592255084938
0.0
0.00750129759143569
-0.625057715444964
0.627352060430181
-0.00470944603806751
0.0140197080969349
-0.00202834654799937
0.618942834821438
-0.922474302328522
0.925615111456801
-0.287328207977792
-0.621660909733164
-0.616026143023247
-0.0109728972047458
0.932688188358692
-0.626889258782515
-0.000575339664281214
-0.000440728084749464
1.25113149863896
-0.628269102425708
-0.638941411818226
-0.290652125757567
0.926903984890899
0.00264744627663343
-2.18209675924583
1.56029253718987
0.0
-0.293246431535083
0.290545323510921
0.00603683186091759
0.294937339838127
0.62336680714192
-0.623299656610733
-0.619859150203691
0.0
-0.00670303480252102
-0.313454855317353
0.00404109481036876
-0.00597416398943739
-0.0185046114139216
-0.621730203536183
0.000961916203980771
-0.295787948575411
0.623458491736388
-0.328311021362723
0.328632459364957
-0.335409601209025
0.00507191175254489
0.616197317046022
0.0
0.00784460563247256
0.609722148261876
0.0
-0.303508121747717
0.925193630886824
-0.621685509139107
0.308423067917216
-0.00637178507662361
0.00637178507662364
0.0
0.0
0.00157201694239157
-0.634396296354486
0.000985333628795334
0.0180492464337043
0.00166782018266755
-0.0116613088083654
0.00999348862569785
-0.2994621206302
0.295321573911421
-0.00207514237633786
0.621685509139107
0.00202983718799739
-0.021670570550071
0.0167762822408064
-0.000677800893186227
0.00584916735098396
-0.00570807052425192
-0.294826032371431
-0.00159922370857667
0.289060931993848
-0.28940004398884
0.283601560767347
-0.00670303480252105
-0.618354680642443
0.00191669822955266
0.000158444146785215
-0.00175805883423156
1.25027625021504
-1.25027625021504
0.0
0.00128096433013726
-0.00128096433013726
-0.00637178507662361
-1.51933726936793
1.53183674958279
-0.00612769513823982
-0.629700149413754
-0.291782822111218
-0.00101606774903069
0.00591035605829531
0.318638970739259
-0.321340078763422
-0.293246431535083
0.300686817791971
0.613615402409718
-0.613150930999035
0.000154452151714976
-0.000154452151714981
0.00350634418152792
-0.00871009382493628
0.621685509139107
-0.29147598109051
-0.00604013064723413
0.287106597717883
-0.000802095136883754
-0.299201785538113
0.299523223540348
0.0
-0.000160618677120533
-0.309507252145263
0.0075455730262027
0.301800859793946
-0.000339111994991765
-0.296425256080007
0.291685977847282
-0.310959385377131
-0.0012951993848129
0.00504272921889965
0.0
0.00200566604667225
0.332907836721247
-0.334913502767919
-0.291685977847282
0.296580266156547
-0.299720320680695
0.298787448098498
-0.00396141572706804
0.0
0.0
-0.00437575316668256
0.00437575316668255
0.0
-0.293246431535083
0.297675128548379
-0.014094929280265
0.0096662322669689
0.0
-0.0122733026457687
0.0122733026457687
0.0
-0.0158176263297554
0.64087534177472
-0.626267198445339
0.00961412854349387
-0.0107695812435897
0.00639813972313679
0.000861084286597873
-0.00826649461512192
0.00544734868219514
-0.00411736468982417
0.0004818565314191
-0.304601478217498
0.927563189659417
-0.622076496046471
0.621657797596745
-0.00504911196353862
-0.000747382217862119
0.000747382217862147
-0.0016913395317933
-0.622982573068626
0.622982573068627
-0.614016537469265
-0.00209717082922332
0.0147640015835626
0.624853159181788
-0.631593154418482
0.0
0.611813180576429
-0.611813180576429
-0.305435789678683
0.00144019236900452
0.0
-0.00349243213731382
0.0
-0.00455151696644432
0.343889629167791
-0.322954474649317
-0.0231826112552448
0.0161375546127368
0.0
0.0
-0.293246431535083
0.28997717786602
-0.589581258490951
0.593652607296898
0.625217536512061
-0.626019631648945
0.606779526147245
-0.605425612534209
-0.00504272921889961
0.00504272921889965
-0.293246431535083
0.283660978631697
-0.304683380383898
0.296425256080007
-0.00392455026743016
0.00392455026743015
0.611813180576429
-0.917980788851653
0.629219670680079
-0.92450687927279
0.0227703935479472
-0.625735516338151
0.627016480668288
-0.0145254991986729
0.296283296085276
0.305377770302166
-0.006627006644334
-0.010257398101477
-0.0180243925425236
-0.00470944603806751
0.00975855800160609
0.626901219782839
-0.00623361897202085
0.293348316885838
0.00944872427079245
-0.00473927823272498
0.0
-0.00270110802416233
0.0113725237197772
0.298631309992018
-0.0121585249013135
0.00835324728072625
0.0
0.0
-0.00247605428345913
0.00247605428345911
0.616241877589725
-0.286010194516191
-0.330231683073534
-0.294826032371431
-0.00370713431464833
0.00514732668365286
-0.00913455797507592
0.0076943656060714
-0.294826032371431
0.32576800824369
-0.34380909574709
0.0183554609270563
1.24644475383747
0.00266465076197527
0.00370713431464834
0.0
0.0
-0.0016913395317933
-0.0103203509369399
0.0116013152670772
-0.00128096433013726
-0.297190968071901
0.297190968071901
0.0
0.0
0.00190488091519108
0.317078517051458
0.294284111464335
-0.292573258477505
0.340581244199587
-0.0116238786118946
0.0116238786118946
0.0
0.0
0.000802095136883744
-0.0121006781835622
-0.289168322629604
0.298695332275282
-0.00227007619527472
0.000961916203980771
0.00193082554866432
0.319036682809791
-0.336868605224779
-0.292981294460462
-0.0119836758504327
0.291226632178741
1.05244194786641
-0.329145330651897
-0.00706797390438141
0.336102312837589
-0.00810711448831995
-0.00760905447300364
-0.292523335921652
-0.00317882454492389
0.007045056642508
-0.00592351753771423
-0.0100974239655027
-0.00183475415338221
0.333403676959126
-0.321655727124268
0.616481759495699
-0.00125568612032589
-0.620429823018781
0.00302173379570294
-0.29944698987571
0.290053471003384
-0.291069538752414
-0.00160897810440369
0.299050301933442
-0.28862069367692
0.287604625927889
-0.2938099646224
0.916202446809577
-0.626162751011115
0.633336484155247
-0.919372161152509
-0.28382279662233
-0.33190171303402
0.00800853190178793
-0.00171754443702203
0.619896445812681
0.299868981275269
-0.932624463822429
-0.000974719599090213
0.00523942183436178
0.285566789749541
0.00786848136349119
0.32223296572988
0.0164233594134595
-0.329749826542115
-1.70413812326375
1.39785733715616
0.00411946310319628
0.301621282069348
-0.921323940185399
0.922275194659012
0.295513461209872
0.000124417167828257
0.299126364104169
0.621847112779757
0.63852998408676
-0.625396827439956
0.00507839022771673
-0.293359971909645
0.292269643587936
0.614705730731427
-0.618354680642443
-0.296425256080007
0.296425256080007
0.621685509139107
-0.622521890142933
0.000836381003825753
0.611813180576429
-0.611813180576429
0.0
0.0
0.28862069367692
0.0
-0.00135391361303539
0.330231683073534
-0.330231683073534
-0.00778482129513771
-0.0112152461340831
0.0190000674292208
0.0
-0.00604013064723413
0.00604013064723411
0.0085596135588107
0.00236124900103847
-0.00175805883423156
0.00157201694239157
-0.296398049313822
0.00157960083634721
0.293246431535083
0.0
0.326859476767677
-0.334410628911519
0.000321438002234652
-1.84745863685187e-05
-0.000302963415866128
-0.301529067173952
0.302171142584809
0.0106305579617662
0.298313274913227
0.32345398670856
0.301009337364446
-0.631487586232726
-0.870144194648943
1.17561704716887
0.625057715444964
-0.625057715444964
0.624076955981725
-0.920502212061732
0.289722221277486
0.0158176263297554
0.0
0.00333572383675525
0.000156708300558566
-0.00349243213731382
-0.0129211767401412
0.018024631119066
0.323335623225099
0.61842232549772
-0.907293003866121
1.96459671500546
-0.00333572383675525
0.613412404285006
-0.627302502160971
0.00270697605207482
-0.0130870597993431
0.640021880476671
-0.939957150685376
0.315209642265238
-0.00489428830926465
0.0
-0.00802400634686859
-0.283661971500414
0.291685977847282
0.0
0.00239144684261731
0.620415601401284
0.00392757285874485
-0.005902073882859
-0.62531548803868
-0.00626229492423494
-0.285567089460006
-0.0099317470928753
0.633331429749164
-0.00396141572706804
0.00528061845792188
-0.607083755694098
-0.00535571732759293
0.628057294215731
0.632332329287602
-0.917413136582665
0.0
-0.296061731013965
-0.00128096433013726
0.00112153910479377
-0.00179933999798001
0.625896335663265
-0.623911157481323
-0.0142123045804868
0.0166037514231042
-0.00274191935277165
0.00115256764703807
0.00156214693312767
-0.309139059276072
0.312748981195498
-0.00469319965930015
0.615541321323361
0.0082354297914663
-0.299949466337604
-0.319750047312237
-0.00535820179512333
0.0
-0.301800859793946
0.299099751769783
0.621055788666606
-0.618354680642443
0.000802095136883744
-0.000197983019783677
0.0
0.0
0.0
-0.00604013064723413
0.0120142946366715
0.596955233318438
-0.602929397307875
0.0
-0.00202834654799937
-0.292797685823431
0.294826032371431
-0.00270110802416233
0.00270110802416233
0.625057715444964
-0.000822898188998811
0.915101374724685
-0.00304867612300028
1.25283064445309
-1.24662730030403
-0.00702115621687351
0.00655103085078115
0.00417057231736907
-0.00606843253215568
0.625859810581848
-0.625859810581848
-0.318794167687546
-0.299410113655869
0.294826032371431
0.0021782780976324
-0.00211895351808264
0.0
-0.0103203509369399
1.26043578182687
-1.25011543088993
0.955289398518498
-1.25011543088993
0.283375511198699
0.0114505211727315
0.00159922370857667
-0.298024479788584
0.921482971524972
-0.000321438002234651
-0.286572546673533
0.336501372095745
-0.00933858090952158
0.285289865180256
-0.614591921204674
-0.00910912497730108
0.00570807052425191
0.00159922370857667
-0.00362757025657605
0.607453959082209
-0.901850868614216
0.291049652366069
0.00537560371393849
0.613427384835217
-0.0225006109152755
0.301117109881791
0.000160819325114125
-0.627132857821302
0.625057715444964
-0.00901053359867593
-0.288768636094367
0.297440057698051
0.000339111994991757
0.608600609157082
-0.608600609157082
-0.00236493570047005
0.624050444839577
-0.627625890390662
0.00594038125155515
0.00455884647133403
-0.0125828528182026
-0.000321438002234651
0.0
0.0
0.0
-0.293246431535083
0.293246431535083
0.0
0.00670594464751623
-0.00711631984917227
-0.00795808298616197
0.00836845818781801
-0.00475916631709687
-0.000416991360736327
0.293114205436858
0.00054921745896155
0.00612769513823981
0.307476221449698
-0.000404145221196194
-0.274120697585338
0.29155509200329
-0.00584220674916397
0.629219055420064
-0.621685509139107
-0.00771117186986837
0.00303854005949989
-0.304711354337452
0.312248437269087
1.51530908779906
0.309066346635538
-0.630995771197975
0.00582044951981677
0.619670337239878
-0.918737218294778
0.0
0.626618169132766
-0.615251299920323
0.625057715444964
0.00333572383675525
0.0020283465479994
-0.294826032371431
0.913851674917765
-0.296425256080007
0.00317882454492389
-0.00317882454492389
0.296425256080007
0.00349243213731382
-0.00349243213731382
-0.282588702630189
0.000512661485647702
0.919929338662224
-0.928785495821204
-0.607259664416179
-0.00255988350500826
0.00397544166141611
-0.0146218471157621
0.0160220091682844
-0.0359185067145135
0.0308693947509748
0.621685509139107
-0.628388543941628
0.630621935696237
-0.927098180545872
0.929995053931353
-0.301351649715897
0.293747442109458
0.284115111534172
0.0109016948097744
-0.625739824303555
0.621351933738323
-2.03901667923835
0.00396141572706805
-0.308393540647118
0.00637178507662364
0.619648308103705
-0.619648308103705
0.621685509139107
0.00337220630585728
0.0
0.0
-0.297508536763204
0.621037185034217
-0.337924489009951
-1.16552848535908
0.289911036229365
0.618781742827568
-0.28883636799739
0.633107577870544
0.341377149084888
-0.331928337497142
-0.00105138237523357
0.00948362484210722
0.00156667046783158
0.0
-0.28711499402114
-0.0186007830097854
0.309053699358785
-0.00229444001318484
-0.292236663042714
0.294937771066877
-1.48606745741003
2.10538405425645
-0.619316596846424
0.630106228102373
-0.622477675177145
0.00236493570047007
-0.0016913395317933
-0.288452873145252
0.287428786129087
0.326244074818971
-0.625057715444964
0.301529067173952
0.00582044951981677
-0.0238696959535211
-0.0127148583752379
0.0353481860933806
-0.00661242783243778
-0.00665374282828721
-0.286143942995144
-0.00101606774903069
0.303798027447526
-0.0159799336739337
0.00538970268513898
-0.297163158724135
0.624905711493224
-0.634568730899569
0.0162140502571254
0.620106956038166
-0.612199775697999
0.00442869701329611
0.610876915700447
0.617521251100681
-0.922265562707116
-0.000322973407151416
0.290144212677045
0.00172758898913377
-0.886167597287286
2.13455543918808
-1.25011543088993
-0.296425256080007
0.624864333684031
-0.328439077604024
-1.06732991323373
1.6923876286787
-0.626749054976758
0.00169133953179332
0.0
-0.00225066720106351
-0.294174588878944
0.296425256080007
0.61969476839331
-0.61969476839331
-0.000339111994991765
-0.00076806059174624
-0.00628104340296226
0.00191669822955266
-0.00303686455019293
0.622805675459747
-0.923875865596697
0.294407987430363
0.630908070535339
-0.623125701508112
0.00364894991101623
-0.298474982282447
0.0106706135892893
-0.00302173379570296
-0.00504272921889961
0.621387920368303
-0.614587132315172
0.0
0.0
-0.021155541144509
0.0211555411445091
0.0
-0.294826032371431
-0.634218197553239
0.00380527762058726
-0.00380527762058727
0.0
0.00333572383675525
-0.00771147700343781
-1.62432373554141
-0.00211393808879395
0.913200335886103
0.00173160478808707
-0.620647975909525
-0.00966623226696886
-0.00679087402091317
0.00709867155492287
0.00935843473295914
0.0
-0.291685977847282
0.29139618452315
0.322107588608315
-0.291685977847282
-1.81066881950357
0.00286445112126725
-0.00286445112126724
0.0
0.627905326531546
-0.300029782014839
0.298359058002402
-0.00012385889094121
0.626347309873553
0.00654150006601459
0.000670961903891252
0.00635351090086448
-0.629314564792133
-0.290890621026497
0.907760752052653
-0.614963066229222
0.329977579346126
-0.322745483154719
-0.301629005723415
-0.00702964345307731
-0.605425612534209
0.320238194447836
0.307113865982344
-0.628255479540536
-0.297629747575723
0.2787675756984
0.644823306432643
-0.624133164268089
-0.293246431535083
-0.00921895519215801
0.00902475986998103
-0.00470260056976696
-0.00809085298092322
0.607714829956974
-0.615064226819267
1.25011543088993
-0.625057715444964
-0.625057715444964
-0.00191532544539916
-0.0217495176089644
0.340651991259362
-0.316987148204998
-0.29986876159033
0.29986876159033
0.0
0.000320625771540606
0.319439803539283
-0.3252602530591
0.0
-0.290395126503938
0.625646924866175
-0.920472957237606
0.289920056984062
0.00490597538736816
-0.0076943656060714
-0.00871009382493628
-0.0271039264363766
0.00303686455019293
0.0
-0.00703388081140693
0.00477033279326372
-0.00152052607467002
0.00851839631214839
0.0
-0.285626701687813
0.624255620308081
0.00135391361303537
-0.0107030571544198
0.0107030571544198
0.00504911196353861
-0.00504911196353862
0.608600609157082
-0.608600609157082
0.00175805883423156
0.00999348862569785
0.0
0.0
-0.625057715444964
-0.2994621206302
0.2994621206302
0.0
0.0
0.000961916203980771
0.00331120876257312
-0.000780692829240082
-0.0101673241115879
-0.288648836505167
-1.64774573038254
2.56918366501439
-0.63399507689885
-0.628388543941628
0.00670303480252105
0.00207514237633786
-0.0117413746433067
0.016100441485753
-0.014970694991422
-0.286289546598793
0.294826032371431
-0.018816633869926
0.637171314512369
0.00670303480252105
-0.00654221547740693
-0.618515499967558
0.0
0.0
0.0
0.0
0.0
0.326859476767677
-0.333040658271124
-0.298311083134952
0.306943628645951
0.620332013648188
-0.626545142544502
0.625379153447199
0.0
0.907392054810835
-0.911489482899274
0.297387172283988
-0.326982165193615
0.0059912807760788
-0.00411736468982417
-0.297527140395593
0.297527140395593
0.00175805883423156
-0.298183314914239
0.920185907595452
0.0
0.0
0.000947841886853901
-0.000947841886853903
-0.298867681967706
-0.00845212408527121
0.000321438002234652
-0.000321438002234651
0.0
-0.00966623226696886
-0.00270697605207482
0.0
0.00396141572706805
-0.00396141572706804
0.00411736468982417
-0.0106468201484946
0.0106468201484946
0.625057715444964
-0.625057715444964
0.0
-0.00470944603806751
0.6311342334099
-0.629185543216685
-0.0117733734522709
0.0108269949824756
0.00968129830408574
0.320885312778239
-0.621685509139107
0.287434701294685
0.617092573367266
-0.615064226819267
0.0
0.00090063048052197
0.0756728956168765
0.555071382366899
-0.00453522199358617
0.0148555729305261
0.0
0.0
0.00208901814182479
-0.328314984843981
0.614173481923211
-2.37585759457737
1.4593500405643
0.289545611353049
0.600146814427812
-0.600146814427812
0.955289398518498
0.0106097573072526
-0.00518440437527182
0.613508635957844
0.00662128231984057
-0.625858548244988
0.290378752511152
-0.00812984391085517
-0.0007419910852009
-0.293246431535083
0.293246431535083
-0.00736432408615936
0.00736432408615936
0.621685509139107
-0.621685509139107
-0.275548423234545
0.913371486986389
-0.628719389950514
-0.00426470223527154
-0.287751718886763
0.306939581480192
0.00838526793683165
0.621685509139107
-0.0158176263297554
0.013789279781756
0.0020283465479994
0.0
1.25011543088993
-1.24819873266038
-0.00191669822955265
-0.00359987226502601
0.625057715444964
-0.305472852519925
0.305472852519925
0.0
0.00270697605207482
-0.00270697605207482
0.323528648271013
-0.323046791739594
-0.293728288066502
0.919671218906915
-0.622151662405278
0.621586685615294
-0.622210860670832
-0.298249295059135
0.293246431535083
0.0
0.0
0.00520374964340835
-0.00376355727440384
0.289974607289955
0.621685509139107
-0.00333082849666376
-0.618354680642443
0.00254930811685846
-0.00851110855496743
-0.290885447041457
0.0
0.00999348862569785
-0.622824323690356
-0.00223339175460837
0.0
0.0
-0.0042678781552474
0.623039422752142
0.621685509139107
-0.623039422752142
0.00135391361303537
-0.300201636085369
-0.628013713843514
-0.296110882656351
0.911601112177527
-0.61533294684674
0.909890259190697
-0.617429162519737
0.324182730984653
-0.00520374964340835
-0.322644340975566
0.00890853421068961
-0.0121893581435998
0.0
0.0177206274236122
-0.00871009382493628
-0.000681928852110804
0.00495505381866468
-0.0132836585652298
-1.42728420843767
1.4253218448316
0.0109728972047458
0.0
-0.00886413713008512
0.00257349459641584
0.00629064253366924
-0.293246431535083
0.00175805883423156
-0.0117515474599294
-0.0013670719268677
0.0
-0.0180492464337043
0.0197186993622738
-0.00166945292856951
-0.296425256080007
0.00317882454492389
0.293567869537318
0.00301428583452059
-0.00472199497389674
-0.00349243213731382
0.618354680642443
0.0
0.618354680642443
0.621619468095883
-0.933542372517274
0.306984186310248
0.0
-0.293246431535083
0.289204781938808
0.00112153910479377
0.331552569856439
-0.635051204070662
0.306418744705705
-0.00454862671295339
-0.0234594128623606
0.0329023278845787
-0.0053756037139385
0.00537560371393849
-0.296425256080007
0.296425256080007
0.00532289832270627
0.90502586523709
-0.606848180167728
-3.5725482328332e-05
-0.00373942768546903
-0.0016913395317933
0.329901807497192
-0.344819522030098
0.0182082777732765
0.611335495972646
-0.912745164625236
0.921495954083121
-0.621685509139107
-0.287991637388283
0.287991637388283
-0.00303686455019293
-0.0105306437254941
0.0161168163925455
1.24756612277307
-0.632021206910538
0.00669466588183648
-0.00223339175460837
0.332626472212869
-0.327367231952267
0.617560502596243
-0.630165374870104
0.0111965106134092
-0.914587450359614
0.930490207896365
0.00501847779563648
-0.302077901921675
0.299556678563612
-0.927896877477057
0.926807801343451
-0.00488231164117369
-0.296858323360495
-0.339505649515953
0.0102436737229299
-0.00254930811685846
0.305575730724946
0.329042456916743
0.301569510751582
-0.627734420540988
0.925501463667522
-0.621819834728195
-0.0118918024001773
0.633055820506912
-0.624671527756262
0.00759781144395585
0.32735149503482
-0.625218534770078
-0.303179279652157
0.30298333529039
0.00195400319599868
-0.00978206518110015
0.00699153073606785
0.0125680737295677
-0.0245200187585721
0.0239003503996022
-0.309779297654151
0.621685509139107
-0.628087917021286
0.00656322720729271
-0.307619555440684
0.926621313554292
-0.929155341794416
-0.626991703179186
0.0120036133637909
0.00025540780159692
0.629044141082795
0.0
0.615064226819267
-0.286431767454309
-0.623458491736388
0.283202153759536
0.0168251553815143
-0.0134781260205952
0.0
-0.00770256834463394
0.0122866496290723
-0.00891101861906287
0.00432693733462451
0.621364071136873
0.0
-0.627061112853046
-0.244443539558386
0.566806291477323
-0.616605364816705
-1.85144030861488
1.54415498257713
0.300512036626916
-0.00246097535806962
-0.00109164914712456
-0.329999531291825
0.000802095136883744
-0.000802095136883754
0.296738863672397
-0.296738863672397
-0.012382217067945
-0.00305380443453112
0.0037282373694951
0.613888322952767
-0.622540866837562
0.333760792992155
-0.0053756037139385
-0.302047861630354
0.291257306633545
0.621685509139107
-0.000642075410857885
-0.00736432408615936
0.00768576208839401
0.626969669197338
-0.627291107199573
0.331811283909881
-0.331811283909881
0.000160819325114125
-0.00364894991101624
-0.00737901433650403
0.00700502199833125
0.00453254758846616
-0.0041585552502934
0.00286445112126725
-0.00286445112126724
-0.00404164959627539
0.626037124024012
-0.334281760387563
0.00585439354397065
0.32043704236803
-0.323082290102493
-0.928461856152996
0.0111363666667674
0.325384005930481
-0.315460146194336
-0.00142076571069233
-0.921482971524972
0.288695686811468
-0.000294437078329929
0.00148179086946171
0.00654221547740693
0.618836537173863
0.00813787650065461
-0.9202208452096
0.295842100120461
0.00254930811685846
-0.605546128020392
-0.0115286503761352
0.00464611296607792
0.00370713431464834
-0.293246431535083
0.918304146980048
-0.0123397415980579
-2.12274280163468
1.50447872551524
0.00335968541765192
0.604743582015052
0.0214910205040568
-0.620789837756782
1.24568673387663
0.295409188330976
-0.295409188330977
-0.624546836042708
-0.294206004587264
0.919053061689005
-0.928391642598526
0.309725252716597
-0.00396141572706804
0.617632956377205
-0.631784657862314
0.00946419871587312
-0.00481239867486179
0.00337220630585728
0.621685509139107
0.00337220630585728
-0.296728707066182
0.296728707066182
0.0
-0.00670303480252102
-0.294097974444169
0.000288695211715078
0.632984092185786
-0.621685509139107
-0.00337220630585728
0.295467779991092
0.633531691575204
-0.614610653752633
-0.00262527252304007
0.619181591509091
-0.914007623880521
0.294826032371431
0.00689261630141295
-0.000305423282079545
-0.00658719301933341
-0.00999348862569783
0.333938817388182
-0.337926048679605
0.613119978140281
0.289344356652545
0.00869167912991588
-0.298474982282447
0.296901174747768
-0.29724028674276
0.295165144366422
1.25011543088993
-1.24553134960549
0.00276531557785456
-0.306811517492493
0.299783558632435
-0.295147470373665
0.294986851696545
-0.0134053541936497
0.336773183139548
-0.61995390435102
0.296425256080007
-0.00470944603806751
-0.29171581004194
-0.00377638000536183
0.0
0.298787448098498
-0.00331934031621014
0.621009344427742
0.0103077081535028
-1.6264376736302
-0.0084563526973159
0.326912749177353
0.626472842134964
-0.000642075410857885
-0.00314552255705888
0.00314552255705891
0.0
-0.00589165392364382
0.628698702167545
-0.933450706945087
0.294183617899845
-0.00124339659567628
-1.12559422959953
1.11391644945507
0.0129211767401412
0.00460518508953612
-0.00394065815624046
-0.0120365880388854
0.635766872395267
-0.615490229521176
-0.00286445112126724
-0.0142293679718747
9.57689636579677e-05
-0.283504079339866
0.295022236583518
-0.00734939686229293
0.0
-0.293246431535083
0.00461604064880863
0.622557911598284
-0.640584742226004
-0.289607293780424
0.629253715239766
-0.63701021768425
0.928128859454955
-0.920637383284165
0.62235073939289
-0.628311929506853
-0.290460110333393
-0.00424063408201586
0.624512012954012
0.00795592732706515
-0.00477710278214129
0.125457181944918
0.203175277420039
0.286543396732562
-0.920939693087048
-0.296425256080007
0.294733916548214
0.00169133953179332
-0.00385096477412062
-0.000802095136883754
0.619156775779327
-0.91240320731441
-0.0015796008363472
0.913180713013874
-0.292124924347268
0.293472118758395
-0.00554855362903946
0.296271907815285
-0.00612769513823982
-0.00736432408615936
0.00601041047312393
-0.298108207017165
0.2994621206302
0.326859476767677
-0.62514863752166
0.296777858708568
0.00529618043975169
-0.00936637409206364
-0.287664935837356
0.293246431535083
0.00126834378672122
0.00218997011586651
0.620318437212239
-0.0132445348685356
0.00987232856267829
-0.621685509139107
0.000961916203980771
-0.000961916203980784
-0.293246431535083
0.292197167414148
0.00104926412093544
0.00180109260552052
1.54025964356697
-0.623776751114827
-0.626338679775102
0.00987232856267829
1.28465183778138
-0.000160819325114121
0.625379153447199
-0.625379153447199
-0.617928677940534
0.0
-0.311948648095435
0.315597598006452
-0.00835839594908375
-0.0158679594530978
0.64563512093613
-0.624575858913545
0.624575858913545
-0.614407218404355
-0.0158885325509602
0.0107505043736791
0.616654896807198
-0.61851841575951
-0.00157380753467836
-0.295503833264617
0.295503833264617
0.0
0.0
-0.00504272921889961
0.00504272921889965
0.00112153910479377
-0.0120448771252845
0.00813059021197591
0.326321396079528
-0.338250729538817
1.53520991949266
-1.82855840546482
0.93361013921635
-0.936177132636878
0.00745828100833726
0.628287528759517
-0.630581101627285
0.292446949080142
0.00236238177980535
-0.00501985211353958
0.333669803853564
0.295249352213507
-0.613888322952767
-0.00504272921889961
0.00504272921889965
-0.00359530933357249
0.00471684843836628
0.617121512259397
-0.615221317568488
-0.00159922370857667
0.00473927823272497
0.302336474887892
-0.00351793653991565
0.00241890853896945
0.0
-0.00504272921889961
0.00462839177928509
0.000414337439614512
-0.00835324728072627
0.016197577930638
0.295728135198513
-0.00988185580315137
0.634939571248116
0.27843003867487
0.646577143107699
0.632752081051036
-0.630433319158903
-0.291815364357962
-0.00332674649675857
-0.612149341947933
0.277647796472174
0.0109728972047458
0.000802095136883744
0.00973417660487522
0.618663775343404
-0.910306202816027
0.00301428583452059
-0.0122733026457687
0.00533788751907899
-0.630395602964043
0.0
-0.313509101783236
0.297854358647224
0.00151053750823186
-0.00151053750823188
0.000802095136883744
0.0
0.614262131682383
0.00995700615659582
0.298295543498622
-0.00538822395853039
-0.350008497263646
0.350347609258638
0.615064226819267
-0.615064226819267
0.0
0.0
0.0
-0.306418744705705
-0.00176700568068023
0.629209131176205
0.629362761909572
0.00369815697465169
1.22622626085798
-1.22622626085798
-0.296425256080007
0.921482971524972
0.300821447636431
0.0
-0.00101606774903069
-0.00504272921889961
0.00504272921889965
0.0
0.321929424562436
-0.618354680642443
0.325415690244313
0.644124448413407
-0.00268891021455669
-0.640658648408537
0.342517928564189
0.00344245777491668
-0.00990607543710086
0.302259357314126
0.301159928823687
0.00820023284486749
-0.300132390394656
0.918487071037099
-0.927377369695313
0.0125974329728619
0.290220849687839
0.00404164959627537
0.315387924496422
-0.320430653715321
0.610789779755344
0.00650250853165463
-0.610491500233867
-0.0204415558291041
0.0261847945863082
-0.011263062480198
0.0076943656060714
0.00286445112126725
-0.0227703935479472
0.647828108992912
-0.625057715444964
0.0
0.61346500311069
0.00885467407444895
-0.624258012888707
0.00297199415697731
-0.00263288216198558
0.00810711448831996
-0.305970011409943
0.293047880952323
0.00846396588031713
-0.00364894991101624
-0.00370713431464833
-0.291118898056782
0.288785901724196
-0.0104147135913376
0.0164548442385717
-0.000711838202177494
0.000711838202177482
0.0020283465479994
0.624549960260374
-0.62879059434239
-0.291263199182601
0.00975407148536096
-0.626990697888237
-0.00193669632426204
0.00787160554589359
0.00603683186091759
0.615018956805688
0.00333082849666374
-0.315387924496422
-0.630477743261811
0.0076943656060714
0.0
-0.0191337174120323
0.000467716269553966
0.0
-0.00135391361303539
-0.0102219149013963
0.639972462046485
-0.00972344403203418
-0.929432823659961
0.296425256080007
0.296179945984466
0.297690483492698
-0.925303826865225
0.30131095165459
0.00155491772753957
-1.69875610895085
1.70972900615559
0.0
0.618354680642443
0.621685509139107
-0.62040454480897
0.622795991651587
-0.00239144684261733
-0.622701576888138
0.00101606774903066
0.620588072397052
-0.918110765219114
-0.91493194067419
0.91493194067419
-0.617101427854669
-0.0088814089410887
0.624941873661777
-0.624941873661777
-0.00303686455019293
0.00746556156348904
-1.44325706774951
1.14240311465621
0.296425256080007
0.625057715444964
0.618422995499759
-0.915097411243427
0.909503664069127
-0.00999886295806157
-0.617439126154662
0.636362564783687
-0.62360220736866
0.000802095136883744
-0.0166197214666391
0.637503135468863
-0.620245316770103
-0.00144019236900452
1.54494146326136
-1.25097067931385
0.000855248423916539
0.305118277780486
-0.00768949772796042
0.0114184308780437
-0.295210983213911
0.294826032371431
-0.622818657601504
0.000153655385006976
-0.000524298855144808
0.00221563838693809
0.62839343928172
-0.31147880797192
-0.325267878590526
0.62670792792317
0.00670303480252105
-0.62094035075514
-0.00289180878673614
-0.000583480492230137
-1.29379792084352
0.320396906840899
0.301971471817758
-0.622403863883011
-0.293711977337224
0.29401763041243
-0.623098831342216
0.29716077738993
0.00722047414119925
0.600230036456887
-0.604086661894997
-0.00112016632064028
0.0
-0.300132390394656
-0.621726886948301
0.00337220630585728
0.0
0.619476219747237
-0.623183354061886
0.00370713431464834
0.0
0.0
0.000321438002234652
-0.0059029336999619
0.00938677331831455
-0.298631309992018
0.295147470373665
0.00395168696431924
0.301529067173952
-0.0122733026457687
-0.00206235598438352
-0.00249343466867706
-0.288452873145252
0.0
1.25011543088993
0.00637178507662364
0.00112153910479377
0.00126990773782354
-0.000633388008385764
-0.313359951296371
0.00112153910479377
-0.00112153910479378
-0.296425256080007
-0.0107580423174623
0.92573995735405
-0.000313607592389946
0.0
0.00380527762058726
-0.00268373851579349
-0.0251371601421624
0.0240156210373686
0.0
0.0
0.624868133946072
-0.625057715444964
0.0066091540347051
-0.296425256080007
-0.00202834654799937
-0.295169569959681
0.918152143028308
-0.00640298123165011
0.617757875245164
-0.631321127396163
0.634606685879248
-0.62008628543053
0.327033235656381
-0.63863512811852
1.56011809964349
0.357904235837346
-0.320427351330219
-0.00638602505493712
-0.305779329750695
0.620429823018781
-0.620429823018781
0.615064226819267
-0.00670303480252105
-0.0127769049222494
-0.00286192734927646
0.621257766980743
-2.21901969910515
2.22230936861279
-0.915092759999305
0.293567869537318
0.621482784053726
-0.636338351353084
0.0162921881313555
0.61601314403711
0.00391430626776575
0.0
-0.621685509139107
-0.00437575316668256
-0.330635856773038
0.000666157675870988
0.00300253749230275
-0.0131486643847614
0.0128272263825267
0.00922566323547394
-0.622006947141342
0.0
-0.311602314612237
0.299628914965824
0.00208294272562613
0.00989045692078706
0.00175805883423156
-0.00704505664250799
0.628079449240667
0.0110326602137154
0.00283293259754938
-0.625958634105661
0.0
-0.00470944603806751
-0.288536985497016
0.275056920698258
0.000961916203980771
-0.295787948575411
0.0109728972047458
-0.329999531291825
-0.00999348862569783
-0.284832543745733
0.294148231478244
0.00463921662025427
-0.0263859997535053
0.0247527393698651
0.6252507834596
-0.62094035075514
0.62094035075514
-0.621096299717896
-0.00396141572706804
0.619476219747237
