-1.55684142356307
-0.00468538930719656
-0.354300752341215
-0.0105774946151852
-0.330954908333037
0.251531787629738
0.420861923354779
0.93581927497054
-0.35151189562899
0.00912213988244413
0.00660713637983992
-0.258402773254831
0.498800723511426
0.00474344814299407
-0.366302947547474
0.0907410189272869
1.33353954339641
0.405962741930242
-0.212452679851984
-0.480615509413776
0.51268472470539
0.758713922022071
0.66729532156174
-0.410484491000724
0.239062475661558
0.494153776567294
-0.503620837738425
0.421363777424635
0.527509209598296
0.406281653071336
-0.937898210067646
0.007417206720026
1.6018316980597
-1.61943006154892
0.229261403352124
-0.906719630327884
0.0915040573129723
-0.499032854259293
0.917672298835321
-0.939496104450901
-0.018314496145483
1.11000912999064
0.406121718588944
0.414027646862671
-0.903059740812632
1.35481959193501
0.00600565142382742
0.26287973335444
-0.255704927110851
-0.253301729852802
-0.000655554550949793
0.922322820885944
-0.265683944005305
-1.35785209362037
-1.60711844341914
1.18197362854179
0.438465197177679
-0.874585253752592
-0.265566767298629
0.0886043707726702
0.415613701099916
-1.17653123139556
-0.0873094525555475
-0.425285409776501
0.436247772076356
-0.17536569367192
0.250210580862725
0.497581468619207
-0.929597321558531
-0.252641605361186
-0.00761475033676783
0.429905647436253
-0.00989555331220393
-0.422722457206285
0.677729572412736
0.250296242552735
-0.422782454694933
0.418427624161942
-0.918900780739207
0.251175990608204
-0.00792537596731683
0.00408247844220463
0.700607718538128
1.1850142125367
-0.411783666172349
0.000442111709039734
0.836525690868965
-0.344352959545732
0.421806440731127
0.229399326613242
0.503168533959004
0.678934795125668
0.257678521761845
-0.0626121108678519
0.255440894946857
-0.25051585068676
1.18801683207402
0.265286898033244
-0.281941256902904
-1.35827649226817
-0.948276346437332
-0.174749598704889
-0.255649128296581
-0.247254177974099
-0.411562745437578
0.409573869907433
0.0141255379859438
0.491040066295865
0.262402447508907
-0.686907015014769
-0.417576771764741
-0.506405294912993
0.434370122690983
-0.936261943086104
0.156013722571957
0.49586665925164
0.499234451397825
-0.0803845449870404
0.00772013698617296
-0.244635838623391
0.416584824651231
-0.417917682766435
0.239774435529722
-0.261532549227396
0.0132874201521525
-0.000539002685407665
-0.504681465558152
0.0881994076597189
0.415920126948547
0.340945500648164
-0.58818793853799
0.00132395702458898
-0.275077218651609
0.4169035953582
0.179674659090388
-0.48652529091579
0.512412883074018
0.255489850427836
-0.24514166642873
0.927349795013499
-0.000950521730414127
-0.169682005696453
-0.0106481075129651
0.426257276640972
-0.00882241307688809
0.25405095424939
-0.417016576830554
0.423058953654079
-0.677781642454181
1.09205486625163
-0.422985596881006
-0.421267021611098
-0.256691579127342
-0.0128180548712878
0.411806226751299
0.426795948679334
-0.846821354817346
0.423991215138872
1.09088673169555
-0.591847682874983
0.00678085423429686
-0.0106556395144206
-0.881500386559625
0.00938656193304058
0.238329665911497
-0.241422427825793
0.00204381092886179
1.08502582414922
-1.08182828003302
0.252108257218709
-0.492604767533802
-0.0170287315239804
-0.173250951840735
0.415498601886076
-0.00333779327068145
1.37659078280662
-0.840864234582282
0.839006214282978
0.430250810149144
-0.435430336094799
0.25601198103258
0.337682116853661
0.0601623380588883
-0.415131536926964
-0.497842673277723
0.680325243319046
-0.422172766522144
0.179939957498314
-0.414687274393046
0.843898819470896
-0.846824051919444
-0.0129094355380911
0.0157416138054479
0.596442584817394
-0.60859424501787
-0.219183399151704
-1.32606143964457
0.834746354504909
-0.341670222687075
0.4707783393686
-0.00577520765160329
-0.923794698161428
0.25870390401963
0.225516559809105
0.855261581637671
-0.430023143919586
-0.0657730925894281
-0.356562809826347
0.836304228993252
-0.179898204330652
-0.160728421452255
-0.0121113135788617
0.429372667311552
0.00124347126222181
0.833368321297281
0.242175462392602
-0.832096911074704
0.405153382627076
0.187330011250593
-1.06328970346501
0.417178208623628
0.00489640585043661
-0.250151402632381
-0.416502680277228
-0.421143030946089
0.174530439755614
0.0867263449615668
0.395045065285712
-0.227426177752118
0.416960283186273
0.019677190743766
-0.590122932302726
0.483224605221766
-0.475123304022917
0.0732396203618045
1.34093641335888
-0.00105263811354047
-1.07283494482187
-0.012692857940096
1.08710287721402
-0.927345950817509
0.0925171763346706
-0.174280550857499
0.16041635873291
0.65853718572137
0.00480677649312089
-0.847077323601844
-0.00662935406921133
0.0123076811767489
0.0002432759186682
-0.50403023906993
0.16252901674754
0.2408137877213
-0.244638039705424
0.411969706554033
0.657563383975537
-0.65780064108799
1.0867375651209
-0.00581810950281701
0.837186028682533
0.419175454407972
-0.682228023084361
0.258935782728557
0.832723446657536
-0.425229196392149
-0.224863596394837
1.07196082681296
0.00465124102241268
-1.09290438643657
0.843743502467268
-0.244450240569298
0.235721332759814
0.4275546167291
0.425141194861043
-0.836242486903852
0.928326856697637
0.408541078286042
0.674717948982985
-0.837852541517454
-0.0
0.915762463362294
-0.421631495280146
-0.423337671132113
0.603471275222722
-0.854958997426989
0.433819546375822
-0.181242485648206
-0.415751166331579
0.853215947395327
-0.355846355265159
0.0185827095176955
-0.251246013733491
-1.04753405077658
0.00086085960994401
-0.00867322371088002
-0.839803908137418
0.173732998826044
0.241122710215099
0.16858217800317
0.845262101529255
1.09761985831451
-0.00213489609664309
-0.843836008758687
-0.505444638014621
1.3391476896371
-1.09376966260414
0.604168318913571
-0.589099809570994
0.589099809570994
-0.341303446032544
0.410078059319085
0.0114840507616249
0.593963424522145
-0.606066381531729
-0.00820883755706025
0.420510084365373
-0.666005888596815
0.666900567597931
-0.0674774642524218
0.489601343690573
-0.655714827438398
0.433078701274681
-1.08126045158172
-0.644131123974951
0.849613013520947
0.348658610143711
-0.590044856218824
-0.826130012279933
0.330836450848973
-1.34356582649009
0.854706515643401
-0.175803931667283
0.435258467366156
-0.671897028914315
0.243480276562435
0.251111826230949
-0.242651122433268
1.08076493813502
-0.000862855828030362
-0.848091338480222
0.0112995418618727
-0.665430654033284
0.657248496234486
-0.429439005631684
0.842514448585161
-0.236655196431256
0.910688242530911
0.00377978830181961
-1.38268794008569
1.37021835365581
0.00377383884630582
0.0142028331619182
0.244200574512412
0.604208991512901
-0.190541569334026
0.900738321246642
-0.253718580545527
-0.231177495486925
-0.180980664308446
-0.246221398034597
1.09428134487225
-0.839865663351095
-1.1063836977049
0.425284139554825
0.432772946406914
-0.837403127402169
-0.0061979016730105
-0.842655572769588
-0.00128868948688387
-0.599516419068711
0.350801848283856
0.0770775654739561
0.834825976911263
-0.243877902175511
0.00759720126974801
-0.856598209972214
0.602879629426687
0.489601343690573
0.00340029610037333
-1.08565404362125
1.09166461236759
-0.411246933836342
0.0123969166190488
0.591281823706425
-0.836348944082517
0.247777443737801
-0.85326958906419
-0.422016193516205
-0.174903775568521
-0.417863475323987
-0.0108010645668537
0.17887513783757
-0.410592214231312
-0.00774286599625054
0.240949077477209
-0.188613862243605
0.8506056625813
0.0319057940917055
-0.274081256484307
-0.610838560248166
0.425955394281017
-0.00166106208004957
-0.0184630338797609
0.00559613391461678
0.00132070743049241
-0.480747363649928
1.08790514414726
0.252671703905416
0.590861807424346
1.08196939184826
-0.84770485025956
-0.501257992713075
-0.243252359321084
0.240886772905718
-0.84573720109402
0.263961019797057
0.435899007668959
1.09761254399108
-0.399527315751863
0.0121947866272993
-0.46122262179272
1.05483647869828
0.244038549721844
-0.675229082568226
0.253563257278124
0.662938300446605
-0.236465474554065
0.66331794292516
-0.840773720853101
-0.838499673473644
0.847992791536706
0.839016145905092
-0.493515242630141
0.354170488114962
0.597051666649064
-0.835473626134551
0.244675301480737
-0.265010814250589
0.00824027205948186
-0.0164816967996235
0.00315220237427253
-0.66152546472101
-0.0
0.00105787520528551
-1.09091657331246
0.65374071586332
-0.598304979557096
0.17710377994549
-0.40424686457154
0.34522811482077
-0.354407584824675
0.010703777835017
-0.0079605386363501
-1.00347594851221
0.421435666952475
-0.85214946762943
-0.495816475672817
-0.00576753522515638
-0.659004034403689
-1.09906478884294
-0.288020774186327
-0.843046479126083
-0.497642307395839
-0.169893437317676
0.00500400976067207
-0.68403801214156
1.33852878338914
-1.09076222186883
-0.838460624652694
0.404848513966593
0.00920133775580991
-0.00352736507228794
-0.0945999936111578
0.664188116706192
-0.428673567190099
0.0110402530761387
-0.0118019586154629
0.00141390895956329
-0.603717901999617
0.598530747351365
-0.425525106692116
0.497826092593641
0.836755468711672
-0.502968765047323
0.0851677710020265
0.843651860983664
0.656825961944262
-0.00413609346537418
0.00388056146682714
-0.417477648690713
-0.260513345396487
1.09081360375986
-0.251869567315406
-0.591372739134285
0.836173410979572
-0.846010866809689
0.421621122002466
-0.837014343560534
0.405636003880858
-0.911556110948942
0.25827489698575
0.240410872915659
0.418239659417787
-0.665679415585705
1.34886827806798
0.423458530000408
0.00751149346997842
0.67506213754519
-0.501513791869005
0.243758353879394
-0.0130371686361264
-0.838007572048537
-0.00473313264942001
0.232083362531253
0.398772829513466
0.246431118777176
-0.483427116946263
0.414636798101009
-0.416820321191034
0.00790784053978848
-0.421111110207668
0.168390374128819
0.918059888243142
0.0148053524465768
-0.509217787077575
0.913551184526115
-0.426816866224746
0.431727552740826
-0.509702815991952
0.363614603704755
-0.842973430734179
-0.403643936335299
0.15382261345892
0.672691364952768
0.00445432631578352
-0.842581907294751
-0.00785339283496624
0.422921468480825
0.226413176555883
0.613800129561092
-0.181444816209402
0.420664963795196
-0.841968639757428
-0.250869796461178
0.422861541309894
-0.237357177825596
0.409100963178804
0.424886572754963
-0.836790515972084
0.243541769444115
-0.913031546811553
-0.242175462392602
0.592172129092297
-0.3410891399494
0.835497260133093
-0.829161393132105
0.828907049515705
-0.848452725908246
0.845352173311414
0.434342130368505
-0.491170219097466
0.774821310354658
-0.162064551516281
0.917684775002514
-0.0683444958576862
-0.00645034882999264
1.0954809670452
-0.420886657082649
-0.00969593685715375
0.182602186861871
0.667049105519334
0.01490714641408
1.08351264712716
-0.40466968292016
-0.0
-0.00994939995218935
-0.49985072324891
0.601243205598365
-0.43213534244071
-0.00761410187796651
0.851936988178739
0.233598983469944
0.602705245523307
-0.186425192334276
0.258421073251998
0.148998551120412
-0.408064928035132
1.09980098292792
-1.09938908389123
0.420727504029321
-0.160821773958875
-0.249945732693653
1.0858332314024
-1.30913486631634
-0.877825764249542
-0.0577190320852133
-0.23549664585534
0.247115078634191
0.461653759429421
1.09930038399899
0.0122504336079354
0.854761628486245
-0.00521743058068185
0.00750774768352942
-0.660213253511021
1.08046844366952
0.853697818246804
-0.00425319039049923
-1.09581322086044
0.599996776773956
-0.413416341461982
-0.184507160937002
-0.415252397640033
0.425077469203887
-1.07265056004031
0.352469124099689
-0.182814904359837
-0.682092228936002
0.0575596817812799
-0.429368679044419
-0.236601946098965
-0.0157425817122196
0.00992836972399558
0.833331470605506
-0.00350865296565702
0.405758010576565
-0.410978672259139
-0.242333599070072
0.248869809122219
0.351648630694204
-0.183149794305922
-0.178231137438448
0.429725427602056
0.00327150676790845
0.417985341064978
-0.414381388515828
-0.00581381071136706
-0.423276495205487
0.672876038888502
-0.679266319660577
-0.0365340350223242
-0.24623488077837
0.000816360749667241
0.243655018739055
0.854301456372269
-0.852493405150424
0.421909728258743
-0.00642044719241779
-0.250527913251438
0.656118477958239
-0.00240179749142907
-1.08750471567049
-1.07610569674731
-0.658323456051445
0.845400033139242
-1.08718746800633
0.249530300863344
-0.50035084710897
0.24869584377854
0.843491677082248
0.847475033505142
-1.30115625120557
0.874097622845817
-0.846612966872364
0.845017896500061
-0.853370011535997
0.850360879130203
-0.238146076672423
-0.435197704892661
-0.175392908611901
-0.0728684198868449
-0.41044883565376
0.00447663767313813
0.0156171067010499
0.0133772350991731
-0.417334057818371
-0.0119978868226526
2.4774216044036
-0.603628475100838
0.00278234615635148
0.165402754860227
-0.242710202332279
0.493856212916601
-0.410545046247239
0.598617323958036
0.239347395453705
0.423395689517725
-0.0256097006131707
0.00953802040864738
1.15469520028
-1.82402717056624
0.258805759162405
0.163895323209177
0.251990425360317
-0.656640011558614
0.226882542926416
-0.236066028139731
0.856907969404785
0.00551465713987117
0.431131537383975
0.914153204162085
-0.242592587373231
0.00100168528170064
0.669824919776673
-0.070777452851203
0.490527558716866
-0.428259892832676
-0.351959014383489
1.08414604051198
-0.854478508076179
0.846010866809689
-0.167647152543913
-0.426064560695055
0.847430293784495
-0.399044493015882
-0.00160806154929501
-0.0154269313824286
0.420451721568397
0.00618463457745608
-0.665830195289339
-0.255507450549203
-0.000627497213580195
0.258538998905025
0.233278479850722
0.182471400446951
-0.174554406825382
0.0102759846936809
0.402949435719217
-0.851266291025998
0.0196184566126698
0.394273976681422
0.00885831417744765
-0.424245767032851
-0.240627079610419
1.58882598293621
0.841923003371522
-0.43049688083697
0.00257709788689616
-0.659891943227895
0.247778915133962
0.845284963180346
-1.08109380186858
0.425887070699284
-0.832056793573093
-0.432332705011509
0.0144920332851157
-0.0013483601964061
0.419112229548924
0.901137974306571
0.00747700824536862
0.42275540092632
-0.42394477346556
-0.425500399147971
-0.24368364201629
-0.002802357060354
0.671862823495729
0.180110795605463
-0.591478182445063
-0.255633886156046
-0.193982535857417
-0.650782396933515
0.66063166209667
0.423746787891296
-0.41753394627468
0.413154296866692
-0.499708203132252
0.671068840556615
-0.179521607997289
0.408223314541645
-0.491296604830425
0.0778858368180576
0.418162053787942
0.251135838096772
-0.242676471992706
1.07765213246284
-0.85567496880812
0.42839775436977
1.11855042609362
-0.415019370431199
-0.254212043133487
-0.0030064555339881
-0.00224473202296563
-0.0863073104869616
0.0733969346168561
0.00163843611319804
-0.245315494078406
0.413500615130253
-0.228945742243974
-0.227703039637609
-0.00836527305865876
0.405629882421613
0.180484737931215
0.504733478894538
0.410462964726655
0.23828117094105
0.00589958322392947
-0.912392632658152
0.482690046433436
-0.478388181994286
-1.29411750072464
-0.0484978656067021
0.234667714709072
-0.243479964414794
-0.00781438529872579
-0.163810884607766
0.24960773662521
0.611478717473804
0.906287424621245
-0.416228911842479
-0.430240785657808
-0.242002732351126
0.246697239849938
0.00428287753878428
-0.503887828418853
0.505496472699853
-0.21986532773679
-0.428542080571529
0.0148009337548133
0.397084167355902
-1.07887523511712
0.400434096952606
-0.00127784688528437
-0.36766598103251
1.29290660402472
0.408409790644782
0.254645157109037
0.247644805465449
-0.87144378653217
0.469741312809344
0.466657456492433
-0.238753267717799
-0.928383184224662
0.416323356081301
-0.839634744951645
1.08692455082697
-0.599361290310042
-0.00821688977369817
0.00144904510925812
-0.415328664273324
0.415522079105787
-0.00344010921084142
-0.660113728473085
0.425959126847454
-0.670406201578544
0.661162395174054
0.244418507678154
-0.416189697010871
-0.0384830951223048
-0.441411610751831
0.657359050583544
0.479883110281832
0.427192720857922
-0.660747705118449
0.835875748806185
0.00881224970572149
-0.246982238885723
-0.59390703315911
-0.497204657096252
1.33381740602122
-0.424788174752614
0.424257921379362
-0.846010866809689
0.847724608258781
-1.30506490389391
-1.97841179352412
0.456384971573328
-0.416270557908775
-0.256851088589126
0.667114635577306
0.172834307192165
-1.08739666245827
1.33395465664317
-0.675245107078235
-0.21275179194552
0.253718580545527
0.839732098094463
-0.439566591200737
0.19608811999279
-0.483541984871151
0.504614259708986
0.408191582627641
-0.00313444105628674
-0.00352124795949361
-1.09256725820231
-0.610658265793975
0.855708798109022
-0.434567269835743
0.00144652096074252
-0.904936795064116
0.910596559660347
0.00295216541670677
-0.83823869662589
-0.436691439511828
-0.401724224886096
-0.24152911176074
0.245404885139429
0.674742955865314
-0.619345476218009
-0.240219291964317
0.00124347126222181
-0.182789414818284
0.0165181057094354
0.246791782697556
0.881450245798627
-1.33275059703356
0.594392825421573
-0.60257121418721
0.605196423639894
0.248370355211044
0.706147124324057
-0.650567495745784
0.00754747401846566
0.585297565359565
0.411982978556557
-0.00950603086927685
0.442606998585691
0.411873004971181
0.182814904359837
-0.250969932679995
1.08860908711559
-0.494644898233471
0.83981547716202
0.00451427177594756
-0.172234356023529
0.666487144095922
-0.417112624096996
-0.847889252271271
-0.233916516303017
0.245909163866373
0.344320301793231
-0.241531654498645
0.845168846201249
-0.666379643982016
0.00453829828159765
0.607177012906965
-0.2549336289815
0.859311339436338
-1.09434701779181
0.244278431866779
0.240939177720576
-0.00648979220986842
0.661031608759133
0.428871751653666
-0.606697976075052
-0.868014574549529
0.807232597429441
-0.812183669418191
0.460963763703862
0.000579293362343442
-0.233147999893239
0.227531815144981
0.18947455627803
1.34241321583637
0.0095271687111537
-1.09947669887978
1.0952631757074
-0.850337701436546
-0.453902074022244
0.588247750677058
0.713820940475406
-0.241497891189537
-0.180252678145449
-0.256644788396138
-0.183107936007386
-0.478426372784311
-0.173943345791071
-0.24324784504225
0.260201756358526
0.228965788831176
0.425784905537873
-0.663002192796634
0.663002192796634
0.41256636351583
-0.606082681881204
0.248208992066635
-0.259547632029049
0.00635253040284315
-0.485190793353837
0.480053284851954
-0.403148213871957
-0.26376988381323
0.250509141093071
0.60495150633623
-0.427746081601223
-0.420852986622624
0.000694107548915916
0.0155607895719643
-0.00663589774052712
-0.0175860531412336
-0.662307834194599
-0.170446518244324
0.00528541304798931
-1.09195215043878
-0.0049680823918392
0.00820171344012536
0.409767149654857
0.186437312722905
-0.680244045929547
0.921130818835265
-0.489601343690573
0.0768364869558065
-0.0768364869558065
-0.177336259135085
0.244939876865992
-0.24220748033621
-0.838256492064889
0.651939796097768
-0.00843581042879523
0.441331497042022
0.00430552718935634
0.0760187648919602
0.655104289546568
-0.42249407813257
0.18568747605657
-0.181974279274651
-0.540293084076921
1.38131056747587
0.00533862294705728
0.00687789643237238
-0.669927571975353
0.423636470380613
0.601739376869164
-0.410452421107529
0.417640659855928
1.09309338977232
0.000254343616399756
-0.853926944083194
0.85374350703608
-0.236250606195864
-0.2468824871799
0.663778290549009
-0.495674857864646
-0.400968056906402
0.345685285086971
1.13329911264166
-0.883311286148125
-0.607262718217766
0.000853456538165845
0.415698232590092
0.43538505937015
0.432000950827251
1.08292112907573
1.08475150105955
-0.845130619780254
-0.0110666120026639
0.852052859806166
0.00540704217430573
0.411335883221719
-0.249462700106235
0.165358332913297
0.920884779885469
-0.491445774253784
0.766425872472511
0.655370375636664
-0.828346763681424
-0.600673160081782
0.413941207000115
0.659202558361126
0.00710835808198766
0.179720655546156
1.13747003859351
0.850769098535168
0.421801709442071
-0.419296512711888
-0.0217827527030485
0.0189409119639617
-0.922243255497728
0.503515194346816
-0.00850272093924054
0.183488901826758
-0.0
-0.169893437317676
-0.188604141323687
0.00635162140603364
1.48227929686115
-0.63296687748283
0.017644114551625
0.163420969018664
-0.229618160485842
-0.0043892724027201
-0.394499363881096
0.0061998493574237
0.403857494001117
0.244646712593913
-0.386968672092335
0.38988515023541
0.423670018300013
-0.433036564720091
-0.421848099854615
-0.425135349256772
0.181361941787151
0.915774470245518
-1.55580064799924
0.88255611396112
0.00368761524800946
-0.175856995938772
0.41833707474878
0.00746846652886405
-0.00746276797471725
0.424185703718173
-0.423168614792324
-1.09696330202755
0.432989881175806
-0.432492972887335
-0.237675761333635
-0.0180122846679104
-0.00643884400643906
0.00342535486020492
-0.0724102526764411
0.643915189785484
-0.231096499079871
0.257551962665775
0.599296064162582
-0.17705763270597
0.840466312653787
-0.832723446657536
0.50170327756016
-0.256924653951463
1.08660856880621
-0.00351073911284908
-0.00629269924755595
0.24544696916051
-0.835994953425444
-1.08618577453833
0.00243443499208545
0.415049817219274
0.423018558439267
-1.0819984875455
0.83473279247785
-0.19215931488684
-0.48755811744339
0.608199752613671
0.662041361191947
-0.00813987632589158
-0.48056379245753
0.491958136282399
0.837435549535829
-0.435027934374557
0.843051639329953
-0.00747082010449879
0.00178038138655209
-0.426982676711092
0.260033496416739
-0.162755313872345
-0.253521365600954
0.239716148507632
-0.693027186406585
-0.339464695300049
0.402976549959232
-0.237815842313595
-0.41895286933935
1.08285820068433
0.00352892960783652
0.409597734330301
0.344406018049447
0.0703362941550954
0.179651532338442
-0.849519652221922
-0.420299762381161
-0.0039216617507834
-0.683758594063217
0.43301406984895
-0.587090787954788
-0.438264488754319
-0.171154249064622
0.492356127298173
-0.429104502477529
0.00547235258576994
-0.0753544219473296
0.916925429319195
-0.70662572757276
1.54726813661592
0.00293039325433199
0.839730481426635
-0.412124116744761
-0.00636810571993384
-0.00132070743049241
-0.599135599848958
0.412664155733549
-0.829035436065791
-0.00349518958932017
0.654037484662404
-0.658983287150366
0.495796236509015
-0.858601784730194
0.00390239290478468
0.840466553661806
-0.24035993244946
0.241736610179192
-0.00509393624600707
-0.244150421616714
-0.588274318593705
-1.34837575037268
-0.437974817032896
0.677124538588411
0.00866067798224782
0.65961172748426
-0.511650784637303
0.690452026427077
-1.30737748629102
0.207245627503869
0.254497247427714
0.594735763173563
-0.417763759427728
0.169049188642873
-0.360561797392652
0.668849253928455
0.0161764545203982
-0.927059992605982
-0.494217094933195
1.33872319459591
-1.10137733666115
-0.206753643599034
-0.0797433972088366
0.546046083900132
0.836526824315353
-0.0024592816555836
0.255535985159108
0.00107571488666784
-0.445214770743278
-0.0601623380588885
-0.592292286264162
0.668520521749568
0.421982811889983
0.238272438313655
0.181015366073623
-0.420238333917694
-0.189900327066788
0.360150834490944
0.852338955379413
-0.830434266762556
-0.26221822099134
0.664933100798148
-0.065410886342662
-0.36235480374491
0.36235480374491
-0.429439005631684
0.921145677147559
0.432670617753171
-0.654360053276094
0.658531235186889
0.433970973702208
0.617318061460454
0.256246032542111
0.836335875064647
-0.0121707260279419
0.666065740551051
-0.41129555747786
0.162414646903115
-0.632575833930284
0.812859295341485
0.662693932861233
-0.83465518178467
-0.0183516127887473
-0.00262885949916575
0.00891554430188827
0.159240432900814
0.25337628787235
0.423672329447152
0.498591663014349
-1.09324931838569
1.34890604145366
0.00197802135291455
-1.5300886996726
0.867728625293922
-0.401157424946975
-0.836912551424769
0.417287139802019
-1.08998318189685
1.09151476537262
1.33276735611147
-0.608267875252082
-0.010076209577285
-0.245031462706074
-0.683450524037668
0.261173392457947
0.602175512073595
0.496942615358589
0.163473909336198
0.436189244563528
0.00380390314601463
-0.849284482608582
0.587503932587533
0.4139924795479
-0.176295888384621
0.428196271632106
-0.424521874510848
-0.00241969438474908
-1.0852022272134
0.406831744442835
0.435639279301634
0.664011460647672
0.419037867433478
0.898424144693955
0.846182862172362
-0.419553474695349
-0.433700703389047
0.0200792365632859
0.646031838101027
-0.411568134064466
-0.00639394902438132
-0.501174262987617
-0.357807013785051
-0.495408933610276
0.0136179370050597
-0.842511249126413
-0.161238838408255
0.245170894788006
-0.0137940914517636
0.426207639674541
0.846455099766528
0.0130945424382918
-0.165115709595277
-0.187065762478904
0.417393070957531
0.0175034765079949
0.170016488032056
-0.596700288333112
-0.460628472083732
1.29950422280945
-0.0
0.00543998611330257
-1.29976404953862
0.453187290994314
0.0077738685091248
0.491954460261556
0.0124103736950877
-0.259565976087892
0.0167965528118308
0.404738668090131
0.00644534188820445
-0.848599409420642
-0.239388737320335
0.432627485780029
-1.10046190619449
-0.251476455789281
1.34812559594915
0.00608378666127483
-0.935601374507893
-0.668344906388197
0.414033944444249
-0.490482424333116
-0.0101556799855604
-0.178901335591353
-0.649153471580183
0.234907027774285
0.00538402790239982
-1.34347947222359
0.00458962933816648
0.400062234664388
0.185364624096527
-0.608178129900964
0.423418914258509
0.0110622085309892
0.155802039793414
0.178192991898193
-0.411301347766092
0.166500675920806
0.670911023277236
0.0061006518290093
-0.409145500912662
0.00841377906881638
-0.0206909157024364
0.851061329750686
-0.429205938054571
-0.252367049545692
-0.663688826336732
1.09932810563837
-0.592389595864049
0.171212631504672
-0.428009311744295
-0.000399432164563484
-0.24714215198788
0.431325507510575
-0.256134947762783
0.0925171763346706
-0.905350996833649
0.680591422828658
0.243316932377828
-0.00316764233151249
0.429833425046011
-1.0867613689009
-0.243479964414794
-0.00614235877362463
-0.244652536730454
0.000523326095127295
0.25054174331282
0.427931170777043
-0.00974688600582926
-1.07583362105646
-0.267459793325175
-0.420032338805599
0.83782423072072
-0.928695937287679
0.0907405410239406
-0.156704439538504
-0.0928119112724747
1.10261686469608
-0.678774290975766
0.179039990148979
0.0596626983030353
0.00772425807613452
-0.243044598022023
-0.00731373773358148
-0.840340810795642
-0.00403454331799769
0.427638049658718
-0.252489484995713
-0.00525542087263306
0.672577999760018
0.000511133585240458
-1.07348273719096
0.648742982569769
-0.420209278010081
0.605856285397396
-0.602004346252384
0.594496598568854
0.247542674739907
0.234262590655774
0.0129746814271102
0.16697175593252
0.236819132573719
0.189132232288025
-0.851614188089454
1.09049977141979
-0.572405599800003
-0.258144293583097
0.9030059046768
-0.176411796299766
-0.503924062053684
0.684481804882284
-0.191831087089942
0.00206186497305753
0.000829851488025756
0.00571734772338799
0.417422902000841
-0.427144370259458
0.0200779376584146
-0.015997219320477
0.854095160905486
-0.00214276948124434
-0.426184300764956
0.400166885535982
-0.399353515995896
-0.836848838819398
0.673888338190738
-0.906047998418704
0.0153002198559236
-0.0119417911930846
-0.597140202059121
0.432917662129394
-0.249504573020813
-0.599221470927724
0.840040743130724
-0.85208820491372
-0.25060293550022
-1.09889100335323
1.0887941608913
-1.08973335720684
0.388960121145033
0.499128512401726
-1.09298584854368
0.262547669655667
0.236558468472805
0.466007428194888
0.412042654741092
-0.426623382364042
-0.235219186662344
1.08646520598719
-0.359913953199608
0.415919243835729
0.917906927913358
0.247848332646891
-0.251220432214013
1.08935692186762
-1.33676437872518
-0.234944469591627
-0.179594651379194
0.17057437909028
0.673630271018013
-0.00819171468504176
0.425251879715102
-0.00813116139746588
-0.00204322624718237
1.09324931838569
0.247071692471941
-0.922832051857474
0.910428074094605
0.0757912742003674
0.851814935207205
-0.912793660509971
-0.25660788117947
0.405937856088909
-0.417810804000136
-0.251220719444176
0.495053202364325
-0.240145671077359
1.09246015301776
-0.432699490684112
0.436601417822424
-1.09614539517039
0.0131912663766782
0.440141837549646
-0.447065263609345
-0.917300119701326
-0.211306709914165
0.474174144747613
0.586692132193239
-0.00135135742117776
1.08854822289208
-0.84205860440645
-0.408862858832832
0.410143784941645
-0.660942882767319
-0.428689463895123
0.665627402249319
-0.430711853020708
-0.425184136405656
0.235899811229981
0.418423937108971
-0.403485045691644
0.833432107252891
-1.08329544157681
0.846183582881954
-0.848720665978013
0.499118410005056
-0.50058427233771
0.675705539809625
-0.18371130972754
-0.602950446896138
0.412243012289186
-0.425368294212588
-0.656593618928179
0.435750894645795
-0.683798766639793
0.00512683609996134
-0.0652891741588497
-0.676452884476674
0.178643915023357
1.09037972776906
0.00144649280249484
-0.00388974449870998
0.00416364772176945
0.600221572641305
-0.481257053564962
0.0790246197063429
0.831403454388262
-0.240886772905718
-0.59530804825621
-0.174508611736854
-0.00479599926390144
0.610001803872393
0.240980539409766
-0.240980539409766
0.408804421821967
0.353819007997946
-0.249556741071651
-0.171174236942533
0.500816096738878
-0.585139464932801
1.07474080862337
-0.889277176653849
0.0430926417290549
0.261640562774526
-0.263683789021709
0.175363654042378
-0.16736199436904
-0.64375074581982
0.234920314905727
0.00812914926833908
0.416080344467415
-0.505677378848412
0.924531114935638
-0.414965189972934
0.853452882910291
-0.839351025666002
-0.00578666357127715
-0.00896969543083474
0.0114934872804854
0.417550132897245
-0.0178991306410676
0.353580488965824
0.00289121232610867
0.435589468853637
-1.08229471523842
-0.155318326089207
-0.0199040707070044
0.856244331148634
0.235776271739877
0.253103761129128
1.09410296460111
-0.420462479740098
0.412403443646952
-1.09048187023086
-1.08382183989831
0.250531929612515
0.673541637084031
-0.0061400190279255
0.00299149154608204
0.00440102159424997
-0.232618620173096
-0.84442171148881
0.845726213511002
0.672919149072342
-0.353759919279341
0.843361262969913
-0.675771515447054
0.243532532245793
1.06614177353806
-1.12350413402737
1.3037024224949
0.846271302121258
0.184103593846721
0.0665225351102187
-0.912112881732899
0.490294427013639
0.850337249412916
-0.242551844808163
0.242425504233641
0.836897007638873
1.34418579831981
-0.419272760020308
-0.664907682092151
0.23640319974942
0.346783915278153
-0.0
0.411571211508041
-0.49389882301358
0.0658919473597147
1.07692181689751
-1.30229814358863
0.663502049001652
0.417651976797572
-0.845761611039216
-0.598249329135046
-0.84967777341275
-1.56126585849291
0.0150573479814032
-0.189261434068798
-0.845735498052778
-0.00458226626073703
-0.49177734586928
0.431933252495913
-0.672039279542891
1.08911254422858
-0.000211613364019382
-0.245112337142325
-0.00378440739083914
-0.435639279301634
0.419578941384216
-0.41801687080183
1.09361126689037
-0.428082673176537
0.420694906976172
0.251776022389361
-1.47143640436566
0.650504441368167
-0.431110009994924
-0.0596058794890716
0.0806424123527218
0.407852129684214
0.16643641702577
-0.595229512101724
0.349108132825945
0.489601343690573
-0.434318571871142
0.015954348196635
0.839277541886295
-0.00753354867544289
0.419585630148344
-0.491836880449418
0.0692136256905819
0.0125728033106799
0.589946700222859
-0.66471997902412
-0.185613962605224
0.354663151248097
0.499371242144033
1.09372811154385
-1.08206815146394
1.0904158719652
-0.426653960474539
-0.430642833705462
0.427695999246265
0.0111143598358181
-0.423261543810608
-0.24720464314821
0.234011754658614
-0.649025856069245
0.261709550529514
-0.247256055248792
1.08185558659357
-1.09256038393989
0.251039231020389
-0.669951805479992
-0.671944442770331
0.260538339173024
0.420928503736332
1.33477018989182
-1.34039350311529
-0.910644756291373
0.411783666172349
0.0767903511817338
0.179047446765032
-0.158082963921887
0.828714069488054
-0.832954026793714
0.835122506139108
-0.432764071741925
-0.668967750931969
1.10581900527175
-0.861731229868136
0.854829270609667
-0.673982583814858
-0.418220895580834
0.000204024779003785
-0.246577115421265
0.23398960527222
0.675282780694187
-0.24137288179433
0.234552204420177
-0.24567262643027
-0.601687196190971
-0.095044904043109
0.085320426842175
0.58598508883926
-0.883951182581613
0.458321351962451
0.183520836238071
