-0.598482466636093
1.2524803665904
0.0
0.0
0.928171961908785
-1.5760000709017
0.647828108992912
0.274257305315292
-0.274257305315292
0.606863976830518
0.321284191370961
-1.57907870086758
0.00624071431037776
-0.626945040196944
0.610474920340792
0.661159938211872
0.928267092785467
-0.698115882630556
2.26739159838131
-0.00717833305226684
-0.302971418209881
-1.25011543088993
2.17826359909141
-0.928148168201479
0.0
-1.25011543088993
0.596117530935623
1.58222932689857
-2.17902465872738
1.25079323178312
0.600503531457889
-1.85061896234782
-0.0271039264363766
1.27721935732631
0.0
-1.28178692077779
1.87891055790436
0.00872609588591135
-0.309605169727865
-0.296244563284614
0.0
-0.699858646349278
-0.559267318139327
0.00867142160368416
0.899983088415394
-0.928584160929744
1.27905561539927
-0.643885860564624
-0.635169754834647
2.2077025302652
-0.928646914865933
-0.650930532666097
1.28253441024094
-1.27943198656775
0.647828108992912
0.598054261803423
0.330070108292246
-2.18094090900976
0.302857370660612
1.58191981978326
-0.669383253594632
-0.607267216290868
1.25212979548949
-0.607439977133775
-1.64824563433527
1.64824563433527
0.0
0.0
0.0
-1.28148479596453
1.28148479596453
0.0
0.606719573166457
-1.25454768215937
-0.622864727388182
1.27069283638109
0.631484732862019
-0.631484732862019
0.0
-1.2675289413968
2.19589109481277
-0.928362153415973
-0.634448324357665
0.307473767139486
-0.308076646852483
0.635051204070662
-1.95724184711916
2.88535431651198
-0.928112469392817
-0.650930532666097
-0.629342390229082
0.636981686265383
0.0148613148789747
0.0
-0.0212676799090478
0.649697601659869
0.603501009200624
-1.87948925731169
0.0258728172211329
-0.0267966721684993
1.27691210305843
0.928492747274466
-0.928492747274466
-1.28057639874198
1.28057639874198
-0.0162242314180734
-0.336370678322827
0.330450375743237
0.0221445339976638
-0.648246195278436
1.25511017210895
-1.8871368997257
1.57655321471132
-0.296280291816139
-0.0222749878328343
0.321879068457765
-0.299604080624931
0.928480880578324
-0.928480880578324
-0.644689818355719
-0.626631395890893
1.27132121424661
0.0
0.602160774218882
-0.947595146760391
-0.300147205818451
0.0106129187569875
1.56322386487257
-0.928255205269598
0.0
-1.26108832809467
2.18910555223908
-0.928017224144405
0.29623265157024
-0.952654604913057
0.656421953342817
0.0
-0.645258705796525
-0.632880333211337
1.25091214129035
-0.62677100223679
0.653997899954306
0.605412598965939
-1.25941049892025
0.601884754242676
-0.323813350347401
-0.604239599023544
-0.022394022379468
0.950482687065669
-1.5663909149997
0.6383022503135
-1.95684028030527
1.95684028030527
0.0
0.0
0.0
0.302947598087135
0.303192735168409
-1.56970630197605
0.638838094492613
-0.943119121237732
1.89933172832764
0.632140998406997
0.65124002394755
-0.00341191495463853
0.599590507396708
-0.28944075613456
0.617950816327581
-2.20867696633171
0.00551516046754794
1.27506123827443
0.928397783063235
-0.310149751262148
-0.653997899954306
1.26143787708808
-0.311014721053767
0.00159922370857667
0.0121252714735641
-0.941910501509633
0.631760750247485
-0.0219185431574597
-0.651398205535948
-0.285835153394342
0.959151902087749
-1.27194814089175
1.5820978921539
-1.26578239335469
1.26432773547042
-0.00295957523899851
-0.00633859184067172
-1.21958832467624
-0.08110902373738
0.0502802993648734
-0.600656008489512
0.905481688154045
0.344633742735884
0.0
0.0
0.0
0.0
0.606430278993003
-0.300694760854128
-1.56056039506687
1.254824876928
0.928207644226105
-2.19668963206709
0.624715271989184
0.643766715851805
-1.95681516264467
1.95681516264467
0.0
-1.28027292289518
1.91199583501665
-0.668464556450021
-0.60794817402717
-0.00812288267090129
0.936068626606356
0.0163432863242884
-0.299599211904024
-0.6383022503135
0.948452001575648
-1.56397231646672
-0.622510557679261
1.2741310519273
0.0
0.302864192931635
0.298545932787191
0.60479273927971
0.674872212215337
0.0
0.0
0.0
-1.27905561539927
0.576825148821707
0.344962050114862
0.357268416462702
-0.631760750247485
-0.644843750379515
-0.00397189811497751
1.25830141090914
-1.30298007502045
0.0539338486066729
0.0174986490420348
1.25382256520458
0.0
-1.25214377743793
0.930580410900883
-0.00783962775701305
-0.346869224238753
0.676272218532811
-0.0308116050471179
-0.599323826879867
0.940285183189133
-0.980041204165901
-0.580223977986176
2.17816838026087
-0.928052949370946
-1.27875043367327
1.27875043367327
-0.607799238386199
0.370178324924816
-1.18932632163037
-0.378737183057772
0.857933982201222
1.01682625866362
0.0763348980269472
-0.934451686256481
-0.392676801972006
-0.516935741671244
2.07083965991294
-0.856093335546949
-0.621283056881321
0.196645207283344
-0.200419865846987
0.698813349535544
-0.730876201679493
0.941601186077418
-1.07770729835876
1.49274191983516
-1.66722829031617
1.12843047278704
-1.11475555327542
-0.260435666255782
1.67173751307371
-0.0540651893565325
-0.347170839136335
-0.817185620379216
-0.43419280697657
1.59842401674686
-0.72077720164829
-0.87743889006246
0.593820581225293
0.137599995352363
-0.105829325149994
-0.000650513411440393
-1.27537059342664
1.27537059342664
0.0
0.2964112116613
-1.57729074736017
0.626881635744565
0.620815999098687
0.0331819008556196
-0.348255507178462
0.348255507178462
0.63184183670546
-1.90378997759721
1.87544915009237
-1.26291353771884
1.58732251746024
-1.58190788889633
0.334675702648216
-0.333292237881782
-0.550591163089638
-0.650938741023449
-1.22645121497376
0.628953814145525
0.00192223733661747
-0.29724656189818
-0.00206820482503239
0.634004145944684
1.86195978452708
-0.616599779267053
0.000201269528097371
0.658981152062434
0.338980594721148
-0.292237987089991
-0.600655074563102
-0.0271039264363766
0.613939163904367
-0.620602248916342
0.63686214552124
-0.374409197574189
1.5347113969013
-0.586472905020089
0.961997743003221
-0.6383022503135
-0.611813180576429
-0.0154973205501873
0.614682218774019
0.650930532666097
1.29425186234748
0.296520580670081
-0.308695093377873
0.0
-0.653997899954306
0.0156956496408063
-0.623111763623107
1.57156376519876
-0.353150425264874
-1.23574975967054
1.27875043367327
-0.326521608974659
-0.327476290979647
0.0475069380389105
-0.611813180576429
0.598640596802274
-0.294596418195193
1.26816467732363
-0.645627107894735
0.0205693924497701
-0.648451436744836
1.57649247880846
-0.950811435611571
-1.25307065082661
0.339761997009833
-0.312402227692522
1.22863682229925
-0.609865461165332
0.0
1.2326409944634
-1.86859699752893
1.25853175248428
-0.958351198225804
-0.304691881235674
0.00410343169262437
-0.000152147438955267
0.621217649166134
-0.938109484443796
0.320519245289404
-0.0203335460086682
0.671264078674765
-0.666132496735965
-0.593649166420933
1.2597816631569
-1.2581394372368
1.565363247709
-1.57854502471881
0.93820246123389
-0.625057715444964
0.618354680642443
0.594144139621276
-1.22735439319425
0.00716120732445468
-0.0178697999425955
0.0255641655486669
0.608600609157082
-0.615303643959603
0.00636392280752927
-0.00768489435187684
0.293102185610623
0.965037251626175
-0.658267261903919
-0.304211783343816
0.296667914279625
1.58645589073137
-1.89656448848903
-0.280081879949115
-2.18515462523344
-0.0200700456249697
1.27721935732631
-0.337285003249752
-0.309766203673085
0.00236138856711744
-0.304073226664275
0.313711840949332
-0.334583871217106
-0.305735518138875
0.621441398533484
1.28565210701463
-1.27002516243497
-0.0263020147014067
1.29620814258974
0.000661289283638325
0.903243658669944
0.959860194775664
-1.25199888619808
1.57388546035371
-1.59966059517197
1.59950585740759
-0.928017224144405
-0.681436967117043
-0.568678463772886
0.596117530935623
0.30267144791314
1.2353423988922
-1.260052124196
0.0274108333279584
1.25011543088993
0.912487843182692
-0.00337220630585728
-0.014677040127847
0.0180492464337043
2.17819219157196
0.603501009200624
-1.85361644009055
1.22914993511296
0.948875484718996
-2.17802541983195
0.605425612534209
0.604027280868959
0.607239843896231
-0.00517228066146408
0.000410024116553523
0.0361601710349249
-1.76393258801784
0.0
0.0
0.596117530935623
0.331994938457194
-0.627441382361812
-0.0176177383111898
-0.607439977133775
-0.0145341292971239
0.62959835611639
-0.0281036432044567
0.966257197434998
-1.58154725862736
0.633755090111758
-0.323219588893407
0.62191078475096
-0.598517063451088
-0.016457106287882
1.23191935341652
0.0125209650486936
0.602497779018873
-0.292111346109206
-0.0165270835146855
-0.296209659459463
0.625727158735383
0.27829619627506
0.0215012661108048
-0.0159813226124669
-0.000278573992430846
1.24729888967189
-1.85306361420109
-0.00933858090952158
1.5542450212913
-0.947913958954834
-0.302201471935095
-1.25011543088993
0.627393579663359
-0.636219638436231
0.940756379054821
0.608433804980305
-0.00604327619404136
1.21257791166445
-1.21460625821244
-0.0275211740571195
0.629292649066546
0.610894728264453
0.305821531909278
-0.925687088664057
-0.312178097810147
-1.22403592274322
-0.307519415316234
-0.296425256080007
0.592850512160014
-0.598197053462982
0.572590166038185
1.60993015167327
-0.630167719808266
0.327172485882285
0.592970737991471
-0.309823763654422
-0.329887500522929
-0.275618535670403
-0.332861093111407
-0.602974869691331
0.902462481523465
0.0
0.577563142205099
1.22941252285336
0.983279753369007
-0.590888431314579
-0.631603877574838
1.85798572325338
-1.5492906298755
0.887613441972527
0.590809372604759
-0.28810307312179
0.0074434517791785
0.321334981599871
-0.649851289813079
0.0183665569510599
0.914150944187659
0.33596448670227
-0.953690174809921
0.309179622877206
0.321444895063104
-0.32178190207931
0.665044890155887
-1.254824876928
0.583347653617595
0.0225176987267387
-0.601155906306266
0.0
0.621685509139107
-0.298201802062008
-0.338683704258936
0.029988610881063
-0.00999348862569783
-0.615064226819267
0.286000700517315
-0.306078505788827
-0.0162598966048978
-0.605425612534209
1.25011543088993
0.923580815609741
-0.923242126711547
0.290328536426813
-0.0161375546127368
0.618424876509754
-0.621685509139107
0.920545664855867
-0.324428133920244
0.0255679782034846
-0.0225006109152755
-0.308856361797018
0.309094411362429
0.635643221481062
-0.00326701877560824
-0.299692274855615
-0.2994621206302
-0.00504272921889961
0.602726504265584
-0.597683775046684
0.296504326186086
-0.341995379574528
0.0387880185859216
-0.630952113615305
0.0125974329728619
1.88171930846477
-0.611680125449785
1.27416018661817
-0.0224581921142378
0.0174154628953382
0.919378856514857
-0.308393822419986
0.308178401036112
0.306647707433824
0.332199291041084
-0.333052417759596
0.304267099885242
-1.52418238651264
0.0212057833566832
0.0
-0.0212132142484985
-0.00235765397426693
0.309372894271059
-0.0159588526225932
0.313983332411177
-0.307115492541526
0.29413590907578
-0.0196321029107551
0.0017266865960264
0.312199145467676
-0.305735518138875
-2.19712081185125
-0.0104045054736021
0.0100902512862086
-0.00999348862569783
1.86653919850863
-1.85654570988293
0.314814951617711
0.60609504702855
-0.599553546962535
-0.306180060629509
-1.25747975497609
1.25747975497609
-1.25011543088993
1.26427313742764
-1.28947058588756
0.64688295759903
0.332004665670815
0.296425256080007
0.94724433148939
-1.25731893565097
-0.0220080963380763
1.27932703198905
-1.2756795964386
0.0255641655486669
-0.319403371475115
0.305819136899968
0.625397415151576
0.0
0.6383022503135
-1.2541570804862
-0.280113769185866
0.288894697014866
0.598727649565191
-0.596421871155407
0.326019758819679
0.918649839136318
-1.25171465459851
0.00281968169081804
0.950870493119104
-0.953690174809921
0.630478144015487
-0.934927406442363
0.295110681517354
0.605456111845144
-0.615433800050786
1.28111504037505
-1.57625690654207
0.929683181426566
-0.617926154168543
-0.000773570745481225
0.307833544622045
0.299865779571541
0.00120096711026687
-0.000116556841489247
-0.00596333814377444
0.00395654536471004
-0.603302262913656
0.626338679775102
-0.0129262754900962
-0.631290890977071
0.0142831773584927
0.00224139572053711
-0.0176461538161855
0.0190000674292208
0.00112153910479377
0.325737937662883
-0.347067503101786
0.0100569512954269
0.010151075038682
0.0
0.599184898223832
0.650930532666097
-0.644689818355719
0.0196321029107551
-0.637655148417826
1.26271286386279
-0.620318437212239
0.00170228993658008
0.326930169428377
-0.958429453042646
0.0
0.302871099400539
0.302437956292181
0.644806375197209
-1.25615556153716
1.25615556153716
-1.24631015326934
0.299604080624931
1.246936606345
-1.26689171313074
0.612893813176429
0.664054458903278
-1.26211507790223
0.61054369722041
0.641514821732846
-1.25011543088993
0.331811283909881
0.289380638047625
-0.621191921957506
1.25011543088993
-1.26784699546562
0.0177315645756937
-0.0298536765099795
-0.260458356698734
1.24400220801864
0.296425256080007
-1.25011543088993
-0.321843469852533
0.318136335537884
0.612468562796845
0.641354002407732
-1.27564258442302
0.332988443058677
-0.320333661816568
0.61829798482519
0.351443386820636
-0.948761884866525
1.24424170815622
-1.25234882264454
1.25516454285347
-0.646596177553488
-0.90339439767141
0.294826032371431
-0.29912636410417
0.304638832967498
-0.00327907710872039
1.24788203913532
-0.644689818355719
-0.629751649976689
0.00159138073524782
-0.0030769529121504
-0.000612774789974574
-0.2983303492482
0.0339327200873247
-0.306404251756466
0.584150157426967
0.621676717056812
-0.608600609157082
-1.25155562325893
0.0
1.25011543088993
-1.25011543088993
-0.302797041156631
1.26276825936951
-1.2530111096732
0.293039891460318
-0.0289645138357838
0.0289645138357838
0.0
-0.0252551625367142
0.00499249228856107
0.335650594744575
0.947143551376609
-1.29097440426314
-0.286082898958992
0.291044456970583
1.27359680126844
-1.25011543088993
1.25011543088993
-0.631760750247485
-0.289722221277486
-0.342199967640644
1.26368293916562
-1.24215950356286
-0.00930984094010054
-0.32340082004452
0.0295895892911336
0.293473804834629
1.25180677042172
-1.25107715306378
0.319600692913114
0.296425256080007
-0.0127769049222494
0.359207415315992
-0.976039104366102
0.613729265376924
-0.892431329758915
0.325453634820033
1.21790822760498
-1.26719830825048
0.622508489894765
0.00963861428505719
-0.643699229602605
-0.265752083088106
0.909451312690711
-0.936379328927768
0.296602622514742
-0.056271791455643
0.690226955617343
-0.0131251536323177
-0.591688833922326
0.604175740065837
-1.21279209213855
1.85430308594934
-1.27691210305843
0.648482181307607
0.628429921750822
0.0
-1.26721051424393
-0.277730949017425
1.55045393212469
-0.633942390614151
-0.637021599010909
0.330724014368223
-0.315387924496422
0.300942767069239
-0.000628747784680426
1.24740845483785
-1.2673651389342
0.642307423489239
0.342111697062157
-0.319649074591751
-0.0026576651209213
0.61929406229649
0.335183490215739
-0.966917124210849
0.641080004290405
-0.631031879434402
0.3169146313098
-0.341886529870236
0.00212650404503378
-0.00639962901158765
0.0328939734380064
-0.00316709337959714
-0.0166160633613676
0.00843984122387709
-0.311092118302927
0.000825531610850937
-0.297250787690858
0.272099218637528
0.0230289735129597
-0.299169841746763
1.2541570804862
0.301629005723415
-1.56498897148188
1.55978522183847
-0.908800503160247
0.902179220840406
-0.615064226819267
0.00312554442475313
-0.301993226392459
0.924267419252657
-0.019974124750742
-0.604345354593164
1.2514266197915
-1.25250687773255
1.25011543088993
-1.25315229544012
0.31207755009698
-0.319880059685417
0.321440718188365
0.30871313411813
-0.637997975162737
-0.00321212966982463
0.636959853483964
-0.301289650033615
0.936340854104277
-1.54180140873721
0.890870876071114
0.015879328595435
0.00999348862569785
-0.650930532666097
-0.0039808592888466
0.655553467365802
-0.625699790855822
-0.0123475852275103
-0.000428485235382099
-0.0124431316852846
1.27533463303811
0.274697124459675
0.0310196246086542
0.60347132239444
0.0162081452169544
-0.628909878724672
0.628644936587559
-0.641333771944353
-0.00419250901310417
1.27203950447873
-0.641982842303645
-0.286646973450342
0.632204559673979
-0.341876994233493
-0.611813180576429
0.00464828883813061
-0.00464828883813059
1.25011543088993
-2.23166002445633
1.2791162653138
-0.0143017869702213
-0.637021285983363
-0.906340576441649
0.597677984623424
0.950423156034313
-0.941188080902557
0.30580959152714
-0.299238025299401
-0.316745762310522
0.950197742672608
-0.344928838438957
0.344928838438957
-0.653997899954306
0.00347826573939582
0.632477737326135
0.00837934115407213
-0.623443567973339
0.602704723954956
-0.621704791384177
-0.289634354254654
1.5587498525738
-1.2731976672254
0.976772411145395
0.305135349904943
-1.28867920122484
0.361664960419861
0.625057715444964
-0.988540489242704
-0.291857692628525
1.57364461340631
-1.25933887156027
-0.287201815409667
1.55236113648975
-0.00582044951981676
-1.54336186242501
0.298604633330207
0.949931196723375
0.294826032371431
-0.629391358359803
-0.00891089195369709
0.6383022503135
-0.321130745228991
-0.00597236295458241
0.000569264993166866
1.27386082718304
-1.27996910739991
0.0319288188863173
-0.0158789426281729
0.013803800251835
1.25171465459851
-1.25171465459851
-0.00270110802416233
0.611931998178959
-0.613325529538598
-0.021160523152913
0.000384627854945982
0.981739534036614
0.294686623904088
-0.00144019236900452
-1.56267302783705
0.308230692187792
-0.00504272065261536
0.62138243096549
-0.63415843676199
0.00176258147054709
0.0241883273584872
-0.0164027105934492
1.26271286386279
0.00317882454492387
-1.25090280859224
0.604155704796386
-0.619144584611865
1.26884055900103
-0.647642516871086
-0.633855771693797
-0.00581174109524548
0.0303891027387735
-0.302956961788726
-0.0198944198344719
0.323850620518618
1.24979399288769
-1.24677970705317
-0.2934799365138
1.25011543088993
-0.959971218212884
1.54750260317392
0.00158739191287769
-0.00190723270600057
-0.293888506945941
-0.956868999354845
0.608600609157082
0.0128978268809683
-0.0223135378142191
-0.604227627442731
-0.00132905585772399
-0.293090335553576
0.275372424513776
0.350758398911586
-0.64890556849455
0.325207262742761
-0.026052633378846
0.976772411145395
-0.341677369256379
-0.619082327447355
1.25926009516008
-0.626032187210773
-0.62188526108894
1.24839161404023
-1.25266473900679
-0.0208917762462639
-0.289477698595891
0.635289488984376
-0.324920014142222
0.615064226819267
0.635051204070662
-1.24883446655979
0.606364559362003
-0.60967387024014
-0.000672761476162946
0.00270110802416233
1.25011543088993
-1.26076689009244
-0.288216222765195
0.270232679184367
-0.259985690893581
0.278554983353308
0.0100657103236117
-0.310341514889088
0.30389281726741
0.629165943738819
0.628838377141792
-0.639742442682504
0.638944325724358
-0.625609051001771
1.25066676644674
-1.25348763719579
0.0113281336329224
0.947333471191433
-0.959665151685181
-0.00561773545901527
0.62915606606442
-0.913988609810152
0.280291903074307
-0.288262911859507
0.924482550295738
-0.622299541344711
-0.0297934166650189
0.63269477076764
0.0160673587454262
0.632242606778905
-1.54979907295946
0.00437575316668255
0.00771103835029077
1.53723042491107
-1.27598824811106
0.0288945510168358
0.59309579713992
-0.898839315977441
0.302721785041819
0.0
-0.0158381272584403
0.0158381272584404
-0.0141517810095699
0.610269311945193
0.0255679782034846
0.00337220630585728
-0.00202834654799937
-0.00927023649867909
0.0140055590987533
-0.311498494122728
1.5647273984804
-1.25260015657299
-0.00665234751838986
1.25629650569283
-0.0212313266193317
-0.61607707173672
-0.276463534818629
-0.00613143751394357
0.294842911561681
0.959898257186411
-0.365377206277386
-0.597219415251208
0.615951293018527
0.340439989815557
-0.959560653884449
0.622625936008394
0.631760750247485
-0.920677905758476
-0.329437525131453
-0.0106468201484946
-0.312814215006275
0.0243346710505996
1.55163324183672
-1.54893213381255
1.5558509490288
-0.959733418093181
-0.290382012796748
1.24080516883106
-0.634340834586432
0.0132445348685356
-0.0311435414021783
-0.609374359607639
-0.0146823485143726
0.0261811183521577
0.0
0.956868999354846
-0.961855409919491
-0.310122342510235
1.27197775242973
-0.983972925791222
0.00842042944150408
0.00223363827336531
0.0151229977363638
0.0054442256749676
-0.00031208706923689
-0.00380527762058727
-0.0193162691151638
0.62760633277064
-0.628196673404379
1.27002204063883
-1.2735827668313
0.0144568023426924
1.2591259644886
-0.625057715444964
-0.631429500521588
1.25808643967513
-1.25171465459851
-0.00119692862175868
1.25131235951169
-1.24874005179634
-0.000893522562167545
-0.296907112611426
0.288562069058253
-0.00667094227536945
-0.0107210332395903
-0.00520580531533452
-0.947430069655152
-0.310827857830218
0.59926850261971
0.025418198252892
-0.643119293893151
-0.283674236913477
0.299126364104169
-0.0199551067857303
0.0167762822408064
0.30586206581701
0.309202161002257
-0.615064226819267
0.00139734148315164
-0.0222891177294155
1.27100720713619
-1.27875043367327
0.646989683425782
0.631760750247485
0.00223339175460838
-1.26317060611955
0.0122619758440154
0.955428806985841
-0.639742442682504
0.00884538153117837
-0.299535372520616
0.318442123063581
0.610550118239356
-0.00654150006601456
-0.632789403225111
-0.267644471028237
0.290854085431528
0.612830835064658
-1.25497624603334
1.25497624603334
-1.25011543088993
0.0
1.25454412790323
-1.26649291273785
0.0174715338432475
0.317855499963366
-0.324700922085069
0.00260363744322227
1.25201329110472
-1.23986461685489
-0.00532252409164106
0.588010416447303
0.00616979096139467
-0.293246431535083
-0.310009682653461
0.0205007267222409
-0.662314645355219
0.0289401845093419
-0.0235784722359168
1.27369390312585
-1.25435131348083
0.00254454305910879
0.60397866142881
-1.33154507600165
1.03806513948785
0.924394583947683
-1.24235611357676
1.23653566405694
-1.54654068696994
-0.00681466408077395
1.55335535105071
-1.24883446655979
-0.321052804086069
0.299509169507778
-0.000629105998110738
0.021052595571378
-0.0306217871771629
0.337922257377635
0.317596425919378
-0.0196299224504744
-0.293248611995364
0.314710077783389
-1.242822007278
0.614578834882452
-0.0225141538701321
-0.294911147977216
1.57081134457986
-0.65284723089565
-0.590024416115557
-0.0252936473047264
-0.295216830837277
0.283326387915795
-0.0015259124871859
0.631836842502136
0.354581677457828
-0.353878823510427
-0.00070285394740168
-0.00101606774903069
-0.00335968541765189
0.00849311785650672
0.601308247844385
-0.605425612534209
-0.0053756037139385
-0.282952205998037
0.884445340647598
-0.884738224612543
0.617253153041877
0.27365486253206
-0.608327452544251
1.2582307039135
-1.25219057326627
-0.300940797141155
0.897058328076777
-0.602109790178429
1.26451664732208
-1.25852438807928
0.621685509139107
0.628429921750822
0.00333572383675525
-0.949019601638344
-0.30443155308834
-0.00343992506243021
-0.0147910203707506
-0.304005920266208
0.0258116096193817
0.286216949337985
-0.696491425012721
1.01887891275387
-0.312179180999126
-0.300201636085369
0.00735631538416174
0.26925040959657
0.632195520261719
-0.607001385448506
-0.305763836989529
0.00731736580138615
0.296847247479566
-0.309681605301957
0.0225666112808169
1.24240439253964
0.294826032371431
-0.644689818355719
0.0
-0.608126720558372
-0.0181906682221016
0.626317388780473
-0.61705683976912
-0.30438559784812
0.31601682508303
0.00112153910479377
-0.00112153910479378
0.618354680642443
0.340074772400203
-0.97774572215781
0.0193162691151638
-0.0224581921142378
0.0229400486456569
-0.000481856531419088
0.623760651515445
-0.0285547310027309
1.27691210305843
-1.56020721323803
-0.0202063757273185
0.0168501266499885
0.00270697605207482
1.25145010443413
-0.628429921750822
0.63347903371436
-0.654462930633407
-0.591163494983348
-0.0329318385365846
-0.683130121725914
0.676366351020535
0.63558310453946
0.644689818355719
-1.25945401179945
-0.0174580912589777
0.00340295086862745
1.27399100872122
-0.628911778282241
0.332004665670815
-0.978016212252401
0.0233099696934484
0.318003215954029
-0.313808323660074
-0.0103058514670541
0.00712702692213018
-0.320963825162916
0.949541950603436
-0.62857812544052
0.617139369195604
-0.610552176176271
-0.00895212871980345
0.00101102208743468
-0.0213890194443513
0.010794148222757
1.27301065738518
-0.661395117795303
0.0186879258871927
-1.25691534041543
0.608099691920935
0.0592959648311415
0.00739679023155531
0.602106324830526
0.293354418845335
0.624752533718961
0.360751468419223
0.29484565524366
-1.26657022752903
1.26545286035187
-1.25059728742135
1.25011543088993
-1.28130506424637
0.363000917266321
1.53790822580425
-0.933128282684931
-0.316987148204998
-0.313823837026249
0.942530502382229
-0.924210498620597
-0.0135188557882523
0.290995693527448
1.26814242641535
-1.25011543088993
0.604224645423942
-0.00503974720011093
-0.601755009392805
-0.293855144911034
1.54654068696994
-1.25123704028762
0.0115429471877111
-0.302327329962866
1.54494146326136
-1.26141401393661
-0.28053696916216
0.278268043933151
0.627455831228454
-0.613888322952767
0.0148820209146252
0.583263856568997
-0.60176724555808
0.607383920963147
-0.88884920036183
0.271297367691384
0.0182090731723727
1.24772398404731
0.0
-1.54093755922572
0.267096146964048
-0.27820253953963
0.303686579745601
-0.0244234651570412
0.351104483926834
0.625251097205898
-0.335335494167478
-0.6383022503135
1.27006300056099
-0.646191254433372
-0.633169199983547
0.000304839017648221
0.0344526533726707
1.25026951331767
-0.930521729121902
-0.016219362697166
0.941074540527995
-1.23931687649774
-0.00115437790269841
0.596890118596629
-0.605406798649281
0.623930219008121
0.8132188368151
-1.43827655226006
1.25716048753244
-1.26813338473718
-0.302547442229267
1.56363577032394
-0.650769713340983
0.652686411570536
-1.55690243926646
-0.0195052428295715
0.320333903380274
-0.292383606483732
-0.00543465710283026
0.287325783885713
0.0145341292971239
-0.0148552451393294
0.0148552451393293
-0.296425256080007
1.55018963688095
0.00415561249207093
-0.661802462357393
0.65479999509119
-1.26657322410813
-0.306794384574907
0.295242144183469
0.0272079384727549
-0.014898457707518
0.61408335593135
1.54494146326136
-1.24979399288769
-0.32250805404666
0.317477170006358
0.612754742660842
0.644303526021763
-1.26266917358148
0.0182762782640051
-0.021846025203031
1.2654457211349
-0.00144019236900452
-1.26799683274792
-0.275365029677095
0.29484565524366
-0.0090079315853891
1.26272788841015
-0.640094134388957
0.634890384745548
-1.27069283638109
-0.274248626880265
1.55259448255923
-1.25057113350033
-0.0102341812376675
-0.019010703657736
0.0155947150819771
-0.625857471436721
0.633685703656259
0.000601267785613093
0.597208251344632
0.658583551963972
-1.2577684501878
1.25011543088993
-1.27813903900786
0.987994826330817
-0.354545605678674
-1.26529206727206
0.643143188924202
-0.621226557305375
-0.0094411032608563
0.308563173841172
-0.299527679753193
0.609371916166307
-0.0153998649014991
-0.617231564187306
0.631602758556376
1.23799196751689
-1.25011543088993
-0.0103203509369399
0.0156785527320633
1.24152985990528
-0.00191669822955265
0.0
-1.54336186242501
0.913359770317889
0.63365104201814
-0.00284685477413249
-0.639104345450384
-0.900433874253349
1.54191494911177
-1.27007053767566
-0.00608090725578564
0.0190378732877846
0.00381931620880746
-0.000813782214987272
0.625048599470953
-0.025049919032134
-0.625609282633188
-0.00403658344269243
0.642274148428478
-0.925322282359665
1.7517856540433
-0.186561897661559
-1.57262297208449
0.294043275352983
0.0231579078183557
0.933128282684931
-1.95332868401877
0.405155490204932
0.28320218999338
0.615867392175413
-0.601011819244887
-0.299201785538113
0.305734047008026
-0.298218239317195
1.54576282446428
-1.25576818614879
0.00169133953179332
-0.017413510506868
0.0198049573494854
1.51747145882973
-0.564573507153844
0.299410113655869
-0.0041022247530193
0.00285386730533616
-1.25090184660983
0.000786415719896772
-0.0227873077140146
-0.00544857014476109
1.27501558491195
-1.56209235356879
0.00654113300018233
0.61289707920427
0.301364204552263
-0.60882549407785
-0.314138207781347
1.57205820107436
-1.2743770995809
0.016457106287882
0.961494737213009
-0.961494737213009
-0.0170950833540051
1.27531762873225
-1.55146897691333
0.895533753432101
-0.620653878848077
0.00771973680256531
0.00727461384263731
0.0146139138138378
1.24922759390189
-1.5490004733587
0.267011744286089
0.643204936801842
-0.621685509139107
-0.00236493570047005
1.26028492899349
-0.00684264619910639
0.307183240000955
0.608279983385542
-0.617282698533369
0.0107776332380134
0.95633390918092
-0.963416842596643
0.655914598183859
-1.54685816149091
0.919218517562612
-0.944522590532556
0.0284441274940925
0.276599018731352
0.625716321293548
-0.618323727783689
1.257809796496
0.00254930811685846
-0.00254930811685846
-1.24261413329849
-0.301164534312732
0.592850512160014
1.25329425543485
-0.299604080624931
-0.331428631303181
-0.630943632883028
1.25879752026622
-0.60434121597194
-0.0220374710173724
-0.0128677698993953
1.27100720713619
-0.647828108992912
-0.59631315790758
-0.0271120730281075
0.0201589593343096
-0.29384708266707
0.296425256080007
0.00913454386040466
-0.00212671912261779
0.630251801855791
-0.29789339965964
-0.301291498564192
1.25011543088993
-1.53873612456685
0.610289661576304
0.930837909833162
-1.54893213381255
0.27272040681864
0.0237048492613675
-0.703999668848734
0.686268104273041
0.0274901237318488
-0.306183815236162
1.54654068696994
-1.25139423660589
-0.0174046912789112
0.617868395218704
0.00624071431037776
-0.627170570736241
-0.00022334020903171
0.0212904975178772
-0.0176887560578736
-0.0172869011476365
0.626909401754607
-0.0269239171792223
-0.607461472084628
0.636240837268855
0.625057715444964
-1.54654068696994
0.296425256080007
0.602287321897017
0.647828108992912
-1.53723042491107
0.892540606555349
-0.601308247844385
1.2459980662001
-1.26905887114884
-0.354934290349438
-1.21618724126439
1.24017270193887
-0.653772486592601
1.24662299875261
-0.643090594647143
-0.908792927531726
0.609267011665489
-0.309863856077019
-0.00795541523646988
0.00829200438894056
0.958897345902845
-0.957546800248032
-0.00135054565481313
0.0020283465479994
0.0
-0.0053756037139385
0.340289106481858
0.285674569629132
-0.625297518435119
-0.00268423729138605
-0.908040107565817
1.56816570265836
-1.55637551642282
1.55910821968353
-0.635572036682889
-0.638098572456695
1.26481021074064
-0.647908798870394
-0.591704362805332
0.61975919587417
0.328167987954274
-0.987674476569636
1.27936045441692
-1.57019662579807
0.289923702902894
1.28958318495405
-1.25608996911204
0.00864119899341637
-0.0119769228301716
0.602833848134848
-0.60075870575851
1.25168923842461
-1.28331390140606
0.0153372160246321
0.352155026004312
0.912814784876962
-1.28148479596453
0.985059539884525
-0.353065084217086
0.649490340297093
-1.26047203530614
0.0242256654226587
-0.0138690610064427
0.602287321897017
0.353002076621481
0.295147470373665
-1.5395802094613
0.904207567388406
0.64775916721289
-1.26686504362843
-0.0104924797008485
0.0151762047079818
1.26305312231206
-1.26781144301233
-0.0214479202592556
-0.295949412202981
0.295640760530515
0.0284221253379913
0.95894542909615
-1.25011543088993
0.272004703912823
0.00958210895269034
0.634077591745637
-0.622926346244406
1.2459980662001
-1.57456429508787
0.300122826755461
-0.270499994928951
0.265885847862089
0.0289401845093419
-0.0148555729305261
1.26814982836538
-1.24959953417739
-0.0273995705188262
0.00312744377020218
-0.00643422628121642
0.98850636898539
-0.00620533869451048
0.294826032371431
-1.27523625448175
0.654421945894892
-0.0109464416606252
-0.934442350182305
0.288176009804672
-0.00147704154481451
1.28046604837391
-1.56893895339879
0.317861606304878
-0.00236493570047005
1.2524803665904
-0.269892307836951
1.55122250666432
-0.659317027153288
-0.626019631648945
1.28001753160325
-1.2527686866257
1.25292830952652
-0.295947571476224
-0.623748102056436
0.26457623447356
-0.596117530935623
-0.00285078892716957
-0.00600593545093293
0.0166612867811896
-0.0012025486890574
-0.0283469719160615
0.288269318124063
-0.00734138259424273
-0.00127896169061915
0.970466457050728
-0.96596347745569
1.2623887335357
-0.950423156034313
-0.298093051147039
-0.0283418674963724
0.64012418364907
0.643168100247438
-1.26325267491123
-0.295430291801738
0.279325149122382
0.6189257084175
-0.586657662987736
-0.0186376295322936
0.00164373717136374
-0.0161054010534808
0.0278271073609022
0.621831949754568
0.333951586563939
-1.2576973267074
-0.0223169952090663
1.57567100345684
-0.645536015453153
-0.622537853470997
0.00685228072849082
0.00939896606298969
1.24631015326934
-1.25879752026622
-0.0181498533379899
0.663719873448735
-0.321533753112459
0.938878617957754
-1.25263357187118
-0.00159922370857667
1.25011543088993
-1.24568673387663
0.00231129822339786
-0.024925953885242
0.316987148204998
0.933128282684931
-0.643429235074662
-0.606686195815267
0.00597416398943739
-0.0252659170390341
0.621579074946614
0.351402852912905
-0.357572643874299
-0.596117530935623
-0.620001148322953
0.620001148322953
0.955289398518498
0.294826032371431
-1.24684237492465
-0.329551988555262
0.928566254487004
0.354581677457828
-0.969448966476117
-0.00240049594206195
0.0149804630633331
-0.28711499402114
0.886299892244971
-0.598542822812974
-0.0135341830849189
-0.622214809042952
1.27783282451776
-0.648855390289759
0.00734056855691298
-0.278601077865258
-0.329999531291825
-0.302465386727241
0.285538440315843
0.347158629484932
-0.320921421014666
-0.0317341469900977
1.27912650884049
-1.25670262390926
0.3169146313098
-0.330482139585487
0.013567508275687
-0.00763521540611903
-0.0234316882258406
-0.29123116966918
0.310999490254462
-0.309912533262326
0.300229078738844
0.640940552698692
-0.643070391457579
0.0231118763290479
-0.937388836797078
0.639101910853189
0.273854301091761
0.987433061720917
-0.0030292186559052
-0.34161653757044
-0.644066678538462
0.621829528831641
0.653997899954306
0.0115362976891909
-1.29189955454893
0.0124993352727831
-0.00125157673219458
1.26991759345603
-1.24995560982283
1.24915351468595
-1.55285707653984
1.25961064500475
-0.956868999354845
-0.0016913395317933
0.00169133953179332
0.00224477841855452
0.953044620099944
0.294826032371431
-0.6383022503135
-0.601607880012976
-0.0395141453611814
-0.263937586737355
0.27298376128693
-0.00653400192034621
0.000425976108304301
0.0116733338164627
-0.284504423294381
0.0120867915169733
0.290607426158454
-0.0351639220251724
0.0116047446162381
0.0258871947914372
1.25118759767152
-1.27057670706507
0.0228168313729855
1.24482867511774
-1.25184345486239
0.624036198668937
-0.930488919163375
1.55845212431958
-1.53985949726757
0.274615558573886
1.26112657400386
-1.2731976672254
1.2731976672254
-1.28178692077779
0.656729205332823
-0.0122826186645548
-0.626479582545657
1.26381991665518
0.37680409927169
-1.2920060273937
-0.327108940364832
-0.0330741576286282
0.0113794973495752
-0.00762932978676875
-0.274905828417273
0.268707862452174
0.0389591011358134
0.294731610750597
0.647716856551344
-0.952888079673038
0.00501835438293303
-0.316458010180311
0.316143537816175
-0.393719553606549
1.01327129189583
-0.61515007016559
1.24020778561055
-1.25011543088993
1.25011543088993
-0.6383022503135
0.6383022503135
-0.653997899954306
-0.612480132675117
-0.29600755481836
0.313004772370447
0.00817631386981614
-0.298240571740168
0.00356298027837275
0.600799350630008
-0.333384151586536
0.0329233021912872
-0.0171363474752234
0.00375248786258745
1.26069379769131
-1.24631767002172
-0.30292999300029
0.286142908007139
0.61888295722995
0.00031743551444079
0.641197386218405
0.00286445112126725
-0.644379272854114
-0.903426641528513
0.916511541510538
-0.624050444839577
0.601031774752951
-0.58850368183327
0.311766267343226
-0.336673244590084
-0.0108203455210186
1.2756795964386
-1.56139625990046
0.907398359946156
-0.620133151972991
0.645392035475515
-0.622392482187177
1.28737981253104
-0.954552460872126
-0.342784181114627
1.26108832809467
-1.26561275144012
0.0203931740377273
0.00310266361661968
1.2476293826491
-0.00551246886332877
-0.644496323447313
-0.633612034815096
0.937936249890803
-0.644689818355719
-0.592813592331866
-0.0103786284477351
-0.00159131634375049
-0.0277460018472345
0.0187506791556504
0.00847754152442373
-0.000124294243697529
0.0101160569414332
1.24207451632483
0.599506336226066
0.0120946069808668
-0.922238503867427
0.304725218953881
0.00388399515861378
0.0020283465479994
1.25011543088993
-1.24584230592337
-0.00427312496655388
-0.323100108045063
0.32943449410888
0.00207457112553206
1.24472820749628
-0.00142251008712628
-1.25277515072556
0.00106049612705124
0.625057715444964
-0.0115249884224351
0.636582703867399
-1.54629537687439
0.293449815089466
-0.313327228095763
0.31034928846651
-0.0154977128324312
0.0434194980159354
-0.0310938732271876
0.962570333377857
-0.647751708121173
-0.305938466688748
0.611813180576429
0.646861863872311
-0.653088612589416
0.645331094167489
0.00347102982967015
-0.639324329037216
-0.582857023534317
1.21790822760498
-1.24819873266038
-0.295163129764636
0.270788239420846
0.0243748903437904
-0.293602676076835
1.54403480049182
-0.00223339175460837
-1.55291247204656
-0.00427503507187098
0.000622165245176623
0.908737232880342
0.653186310788035
-1.26283795677121
-0.022793167919091
0.0345861890185464
-0.630187980585053
-0.922820211257182
1.55332527538434
-1.25996161608635
1.25788647371001
0.0
-1.25011543088993
0.625057715444964
-0.625224722843649
0.625224722843649
-0.935373069400937
1.5604307848459
-1.54505320195681
0.91329245170932
0.631760750247485
-0.923671897747582
0.923671897747582
-1.66643495879728
1.04297646706089
-0.62848707032154
-0.0080884271966722
-0.0101560928029182
0.645132366612553
0.625057715444964
0.00112153910479377
-0.00112153910479378
-1.25011543088993
-0.00570807052425192
0.634883150659041
-0.658724600739907
0.0248400745670514
0.00470944603806748
0.0042731249665539
0.949417049843368
-0.354344457260976
-0.601374064096945
1.25214377743793
-1.24414126690049
0.314264030458399
0.931952378818431
-0.923558113901309
-0.336985706645684
1.25846867817066
-1.54773761559169
0.00593620685448364
0.291685977847282
-0.0109728972047458
0.0109728972047458
0.611813180576429
-0.637994298928587
0.028572565194775
0.61877124912039
-0.0250451650273844
-0.591223242626358
0.626750620155033
-0.311406714016462
0.291574986128593
0.6383022503135
0.0
-1.27996910739991
0.0314520873327343
-0.314083307182445
-1.5495255445458
0.273539202328537
0.0143717291922477
0.620254988240453
-0.000724611676494816
-1.24368122167114
0.600281809691529
0.356284417958476
-0.357687843506718
-0.296312236907869
-0.611465743181444
0.281782271261577
0.0149750449414126
0.604690052581142
0.00756516958211335
-0.287980402597658
0.303846874640214
1.63018619180096
-0.295502414472168
-0.965657327839319
0.00895312840204335
0.621790696669356
-0.635704535593459
0.34064635144032
0.625289867226673
0.294826032371431
-1.54651085477528
0.897971768951799
0.365838324925614
-1.26383992607207
0.616224166926403
-0.608419604523316
-0.00152351900012491
-0.0230483766454454
-0.00189611329709326
1.5332308546893
-1.20326565051548
0.303690247487106
-0.327248838417632
-0.318204134555769
0.301322058383389
-0.258591253233474
0.287177152577844
0.00147466731859515
0.00526215804185694
0.595667053378054
0.00963861428505719
-0.64402874065505
-0.589758815545363
1.22101065127816
0.0139663065579397
-0.63600053758833
-0.00401932463626044
-0.641575392602043
-0.0105299018386208
0.325582615980755
1.23804703567432
-1.55387788981849
0.301689886499066
0.00238848879174434
-0.646584936803882
0.0212057833566832
1.25562789975326
-1.266600796958
0.00659714403806326
0.961244752521528
-0.954319691237987
0.612514918702408
-0.615064226819267
0.00424879301241682
0.614105887630026
-0.617633117943796
0.326137914069029
-0.346605989266395
0.634810739317985
-0.911244172803732
0.275628200312783
0.632364926248112
-0.642274148428478
0.664679165405288
-0.637590403859097
0.00489428830926465
-0.00523340030425642
0.00383154413230558
-0.0202687143781202
0.00385510550066516
0.621521785897224
0.0182151651221136
-0.637204458009959
-0.00220874924209881
0.0102324972723918
0.0116751977593375
-0.00958054977263524
0.618364511693159
-0.930657034672135
0.283317787165754
0.0358322165463235
0.601071811269484
-0.953690174809921
0.616946230906382
0.630821368593439
-0.653321979508715
-0.924855177830829
0.925976716935623
0.0100522306626886
-0.926687335861871
0.295751262379391
0.0155346762722657
0.963472182261546
-0.952148409639684
0.00197708090092812
-0.70892788473858
0.384025458639837
1.56675973268478
-0.941115074435727
-0.309000356454202
0.599609963072936
-0.599609963072936
0.000802095136883744
0.611690527323587
-0.903814424161553
0.294085252777871
-0.296009882611872
0.295479823289692
0.616929185684113
0.00589513800624268
-0.653081323562897
-0.27036540453187
0.00605927615946874
-0.0161741581061322
0.284069295218252
0.00578277974106401
0.00349652092695045
0.620265444484108
-0.617565712415659
1.25586796272916
-1.54494146326136
0.926317957035179
0.61862350622618
-1.27506123827443
0.650953507324819
-0.326315425084702
-0.29495299662289
-0.0144055104996938
0.96335640707689
-0.950825723688654
-0.305449463565872
0.627693261551965
0.925007181782569
-1.25011543088993
0.596117530935623
0.655755958788538
-1.26851123231858
0.612755273530044
0.359171867582876
1.24337543565323
-1.57639436347992
1.57815242231415
-0.912442475967009
0.277879689224868
-0.285499419072138
-0.35582690494725
0.0265649291542271
0.596635590106973
-0.605356564367169
-0.0227685183660042
1.27905561539927
-1.2615015324202
0.0117075395325062
1.24979399288769
-1.24899389178514
-0.0232671703132408
0.022145631208447
0.00144019236900452
-0.00135391361303539
0.628463868826309
-0.92023612542956
0.913371486986389
-0.625801754428518
0.00411624528941124
-0.616555361421382
0.31403496344388
0.283204128862338
1.27386039701839
-0.937556979698227
-0.629233647169302
0.309228102112773
1.25599827886273
-1.2779256893957
0.00739013568903846
-0.304681194003927
1.57740140855286
-0.658404936506987
0.658868293406777
-1.27080453613539
0.617785396281384
0.647506670990677
-1.25384838076893
-0.0153884937579276
-0.2757045887345
1.9160025077502
-0.61903458701997
0.28650351921094
-0.0143662683518459
0.0290630510564908
-0.305495903097866
1.55280244030953
-1.26331155915528
-0.00803667684637795
0.00190721475406613
0.0180572465709436
0.623776751114827
-0.617592265036869
-0.00746545040809541
-0.0271821256751103
0.0271821256751103
0.602287321897017
-0.283976703383947
-0.31831061851307
0.618354680642443
-0.90105544154031
0.281280617203841
-0.293405888677405
0.00771103835029077
0.259704160693181
-0.267415199043472
1.62483844992162
-1.62169839539747
0.272369708732118
1.26943170000509
-0.299180189282647
0.912347283472111
-0.607906900185177
0.00052241662204394
1.24632880928749
-0.645331893766577
-0.901850868614216
1.54861582934627
-1.24318004557566
-0.00901052769060666
0.609722148261876
0.0108659241351756
-0.913834503932135
0.901847040692166
-0.00941571093325083
-0.625057715444964
0.360786319989052
0.915201928122009
-1.55949941703775
0.28013896262083
0.00758124884996226
0.646371017611838
-0.642428524519219
-0.0174087682319582
0.625687939386806
-0.931822537405589
0.323221928248506
1.25011543088993
0.0
-1.24343107824681
-0.00668435264311458
1.25011543088993
-1.56551886875252
0.0221570063275125
0.280325254794942
-0.0172363152651091
0.652771565832836
-0.628322144351838
-0.0229269322590867
1.28007557233475
-0.00254930811685846
-0.647828108992912
-0.917686697110776
0.310944288366688
0.00445508684707099
1.25203212911948
-1.86858749054086
1.22198097395559
-0.608758767129369
-0.308906388283139
1.26910854223314
-0.924661796069895
0.592850512160014
-0.921482971524972
0.921964828056391
-0.634396296354486
1.26873071442419
-0.301444537003437
-1.26680349395728
1.26206421572456
0.302706299482969
-1.27979019559276
-0.00242924080636749
0.65015180673812
-0.650819824474269
1.27772794983711
-1.27434821076544
0.00825566784018664
0.621402724569529
0.647060711388239
-1.24702067000791
-0.325158080307788
0.297121002372327
1.27156531580606
-1.25207918745973
0.0177138535668641
-0.309674329425338
0.00223825458098732
0.29564739357435
0.633977658588428
-0.294864802392206
-0.953690174809921
-0.0296850856172258
0.647912280853745
-0.639421317707816
1.27021922503952
-1.54859041317238
0.921958890192733
-0.924755042523068
1.55371177958113
-0.93596239215022
-0.333371737597682
0.630858069804661
-0.932702237555709
1.56520413350951
-1.25582350141418
0.339079808121934
-0.344344634802428
-0.0191845948005045
-0.284409394191905
1.56468231708708
-1.24819873266038
-0.00528890453540992
0.628429921750822
0.638637482277953
-1.556941629258
-0.0015796008363472
0.292124924347268
0.00556555914542959
-0.00757389715933475
0.0104333735257308
0.651540991242251
-0.665618166010641
-0.00263362134992269
0.636205403400728
-0.951193311455205
0.299820179927485
-2.00562836459215
2.03496178589472
-0.0212470793629695
1.26818368570797
-1.25846867817066
-0.00764424065627297
1.27085219705965
-0.651286422895499
0.00361332397912739
-0.602752913192986
-0.00442869701329609
0.636151874681192
-0.637191904011119
0.0010400293299273
1.25091752602681
-1.25227143963985
1.25146934450296
0.00734939686229294
-1.25647144050452
1.24960390017364
-1.24931632309121
0.00690536930910471
1.24192909725069
-1.26108832809467
0.626037124024012
0.00810711448831996
-0.634795219919481
-0.000846412390950703
1.26901993111156
-0.299680640753867
-0.956868999354845
-0.31786571720391
-0.00288557631857613
1.57086672441242
0.00473927823272497
0.0374700457184665
0.596811927887082
-1.254076846617
0.623558430285852
-0.919026671587718
0.295713551397407
-0.306676573231845
0.306431263136303
1.25011543088993
-1.24368122167114
-0.0170810293672787
0.00741479710030983
1.25334745393811
0.000802095136883744
-0.286580531068396
1.54654068696994
-1.27681114630006
1.27777306250404
-1.27837038797789
0.650231802810865
-0.323246487071266
-0.299050199444757
-0.000642075410857885
-0.00556968993973986
-0.308900560179784
0.291509189910958
0.0229610602085665
-0.0142547999815764
-0.0116180172395564
0.624223739911364
0.356938475828267
-1.27594666338154
0.320657264863042
0.0
-0.320320980630621
0.296927259330749
0.625681043196889
-0.616138970045291
0.622452257305356
-0.605421784612159
-0.00707272118018734
0.319281821131685
0.286899397400596
0.00952585867941163
-0.611813180576429
-0.296425256080007
1.25011543088993
-0.953690174809921
0.323378248971984
0.934541744321032
-1.25893606104205
0.00340751459164797
1.24772398404731
-1.25532068686802
-0.288041175556995
1.54794594370945
-1.28448545147619
0.635532989838266
0.650188829873302
-1.25593588040975
-0.321989421628674
0.298700725014137
1.27767725247102
-1.28056967420864
0.00972401206427567
0.621882718822091
-0.605425612534209
-0.00470944603806751
0.304401720893683
0.326134370391317
-0.624227421538356
0.610213956867852
-0.912937202814429
0.304145756033704
-0.31570089336551
0.312679159569807
-0.314832387648973
0.298690095598503
0.0154644911572831
0.000677800893186225
0.601937980455439
-0.629041906891816
0.623221457371999
-0.585467033895013
0.301528683958516
-0.309629872882268
-0.326315524997631
0.319724567284497
-0.00562458267069349
-0.286759023813038
1.55373800365741
-0.00719731668747453
-1.77385375625952
0.523738325369589
-0.00135391361303539
0.00135391361303537
-0.0255641655486669
0.0116563673776433
-0.578942713988991
0.582530161223074
-0.00994231931121322
0.638617350890596
-0.616437982412891
-0.00135070757764709
-0.0208286609000587
-0.00530149530051374
0.034196626714348
0.594986367361377
-0.904419837773748
0.304047490535687
-0.0184223638369503
0.0151758825479526
0.596117530935623
-0.600493284102305
-0.293487143754941
0.906463506078706
1.56950466709396
-1.54654068696994
0.292950577310364
-0.320667970938196
0.32414264970784
-0.0261069098883803
0.354739369253337
0.921482971524972
-0.294826032371431
-0.985750366370547
0.0277742718623958
0.0026866959896529
-0.0119465865320356
0.636275431163916
0.000728870813083664
-0.62156528330765
-0.00349243213731382
-0.017413510506868
0.0174135105068681
1.25011543088993
-1.2459980662001
-0.301558688518862
-0.0145355988498275
0.908094453614488
-0.602489316012246
-0.292830000461489
1.54931721642804
-1.24963357435851
-0.707432660369071
0.695652220790974
-0.0164188105811544
0.0010323241439812
1.27680050037378
-1.56299779325782
0.908999893303512
-0.280729606439201
-0.612152292571421
-0.0183443849998808
0.31510875307488
-0.0295154165943924
0.654573132039357
-0.0287793651842277
0.289298164284485
0.600104151633672
-0.899465415385469
0.297178093488452
1.25011543088993
-1.2489533308428
-0.29758735612714
0.283827823107145
0.96788683149136
1.25011543088993
-1.27643024652701
1.27643024652701
0.0
-1.27875043367327
0.360998468704739
-0.0169755414249785
-0.599543343278563
1.53427084967207
0.0
-1.25011543088993
-0.310508715321012
0.291508647891791
1.2793207988826
-0.957561089309558
0.96050039171793
-0.644905353219312
-0.624726465719067
0.966343003289507
-0.952277192136978
-0.00769402607590562
0.0
-0.29098562937739
-0.0022608021576932
0.91493194067419
-0.912507637474895
0.919530679498177
0.628299496028953
-1.27829123160039
0.623570506306066
-0.895533753432101
1.25167588457773
0.332004665670815
-0.953690174809921
-0.00869650549866369
1.25881193638859
-0.28862069367692
-0.967259837590591
-0.315242050346006
0.295442985174921
0.0248863646554806
0.614942045620375
0.63585118616274
-1.2490349307503
-0.023538692253869
-0.281581497502895
-0.00458970387116893
1.25313716468563
-1.24870846767234
-0.300853953093303
1.54654068696994
-0.941074745343142
-0.326000197627874
0.643229102504633
-0.0267632541974793
0.655812844307271
-0.659201649597715
0.655278864284444
-1.27447863155554
-0.00143540175804092
-0.294272266190144
0.334540001280727
1.23910461212559
-0.652020860987806
-0.609205633211471
0.0143277124036888
0.325415810270617
-0.343344624336406
0.622378773516394
-0.615357273981506
-0.0154704450943381
0.647440963470207
-0.652412852471904
0.0233937212998718
-0.0233307737940585
0.0194029332318207
-0.296352471784252
0.0116596186695702
-0.0147680538686605
0.0118906212555002
1.54161355718001
-1.57578571049693
0.320627550388098
0.00504272921889965
1.252822406942
-1.2608710243367
-0.0160023041042051
1.27416635238883
-1.27813903900786
0.636624217275015
-0.90739080093756
0.626447953574765
-0.00785885094789166
-0.317882212616843
0.611464782903692
-0.936910663649628
0.948928919801335
-0.0292822063493288
-0.582104066265119
1.23610196621943
-0.633718169029062
-0.619769468166725
0.626721684571477
-0.91817551063705
0.0
0.271692720028036
0.27279991188791
0.632390586067594
-0.607695815886605
1.2459980662001
-0.628429921750822
-0.62040454480897
0.318957230117699
0.93585140043153
-1.28257866461644
0.625673967960903
-0.62751437580138
0.00122555114117208
0.33614481679831
-0.00934861550631854
-0.310665172060361
1.27495738910112
-1.26398449189637
0.606547151639003
-0.603735790799837
0.312542816782833
0.283830720601832
-0.895610154303839
-0.0180269588117593
0.0132543974437124
0.922883326587161
-0.919126832968145
0.297441323829038
0.00810711448831996
0.612115023277458
-0.913468569300862
0.912712631409387
-0.649623691879553
0.0291414242562196
0.00497748347609871
-0.301824312648691
0.287869408295926
0.0125427967425563
-0.317725530409791
0.625775802455711
0.644689818355719
-0.95274009040164
-0.0123557690838459
1.25992189185692
-0.621232605063347
-0.326123183682757
0.644122699833317
0.000153714469620628
0.00570917638051698
-1.26179877125988
0.618354680642443
-0.938484785983818
-0.000962842915784772
-0.64596857239355
0.0282775795181281
0.604287971479044
0.00654829525610166
-0.582941701128234
-0.034821752861158
0.62555331150309
-0.622938761926882
0.312175353077075
0.94158902772387
-1.25296228566406
0.0101443465237415
-0.0082394656085504
0.602718636482135
0.0196321029107551
-0.325365440589349
0.325328958120247
-0.648023526783096
1.27550917153978
-0.640257318664448
-0.907075591439529
1.5499905752249
-1.58014806723015
-0.338249793326383
1.92220914699194
-0.00886039839894237
-1.26577044204093
-0.00849923160609443
0.000449393495725245
-0.269541582273716
-0.00317882454492389
1.25329425543485
0.294527395865221
-1.27788546495714
0.624998047515311
-0.617825246893404
1.26943170000509
-0.634569347539243
-0.614513939432609
-0.0235486889367704
1.27263197590862
-0.625057715444964
0.336437021768044
-0.979696377676462
1.26831707135338
-1.25896514516349
0.0120285388184856
-0.0176647186141334
0.977395024071289
-0.966185864341669
0.970925142574394
-1.3747810724943
0.419844051588966
-0.00117109489238343
-0.321783468904873
1.28542214376773
-0.644474396971845
0.928629815753986
0.627291107199573
-0.637611458136513
0.0125070011650209
0.596998247995751
0.0193682775892912
-0.00995256665604037
0.642476737936827
-0.000961916203980784
-1.2741310519273
0.0166512969512092
0.606549222309991
-0.894010930595262
0.310576129368499
1.23436533389286
-1.54494146326136
0.274135242878574
0.0066081748281787
-0.0142650166142227
1.27846306216883
0.0115362976891909
-1.28998120615667
1.27844490846748
-3.00151282921184
2.06513703300884
0.936375796203001
0.00396141572706805
-0.639872219197951
-1.20705513957906
1.84296594304994
-1.25082726909211
0.625769553647142
0.626815774279196
0.00235930585559261
-0.00411736468982417
-1.24684841211432
0.955162434267039
-0.975842963549514
-0.583131367259218
1.55897433080873
-0.331296595221344
-0.648965567823123
-0.277293654102349
0.643090594647143
-0.942654141364342
0.942654141364342
-0.293246431535083
-0.967189350291786
1.26139769803085
0.000637307504595893
-1.28278155823046
0.634680498869087
-0.596720978935715
0.614953712162808
-0.0154587997260311
-0.637151633547132
0.636341503692451
-0.61228043368603
0.00670303480252105
0.00597416398943739
-0.00235031006448209
1.2541570804862
-1.24851620718135
-0.0190127342154447
-0.289005234198837
0.610777610558106
0.327286042611897
-0.636687637683198
0.000677800893186225
1.54336186242501
-1.56519457242683
0.920230914555188
-0.899977805389715
-0.322040100825952
2.43542634392479
-0.563860698553037
-0.65241219027735
-0.0043327727872446
-0.015167901627902
-0.290361028253435
0.314591985851633
0.000204216595719766
-0.0191791150055174
0.0196526993029838
0.627554489036298
0.62001478512667
-0.288781513002034
-0.636234484153909
0.296425256080007
-0.312685152684905
-0.605425612534209
0.898712577977024
0.647828108992912
-0.0142123045804868
-0.968180385796634
-0.017628798067554
1.28640501226156
-0.000152080174818407
-1.55055917911249
0.000802095136883744
-1.53853521947976
0.286003545981323
0.597731678407248
-0.596117530935623
-0.0240896961164245
0.0240896961164245
1.2594256929488
-1.26876427385832
-0.0118217486357419
0.0211603295452635
-0.315090020061546
0.310380574023478
-0.314442623775842
0.318538037608306
0.0058177818490119
-0.00392278531327111
0.301478677813687
0.309053538432604
-0.631277175135551
0.000951254473612799
-0.00239144684261733
-1.24930154204548
-0.295639921215884
0.90760112915184
0.0122826186645548
-0.626451494752848
-0.00555335475902088
0.00394603959472717
1.25566583347896
-1.23807527403303
-0.010472100283936
0.60274844021339
-0.922257867646744
1.27839249961232
-0.305735518138875
-0.653772486592601
-0.29843020320419
1.54760251007366
-0.297375340488289
-0.955289398518498
0.000802095136883744
0.00471037372644504
1.2446029620266
-1.2695760060012
0.00213985515805402
0.613438250888838
0.00616979096139467
-0.612186764841456
-0.311676466168194
1.57689508964597
-1.28156273647406
1.28294617984998
-1.33816875149008
1.34414364527667
-0.654076908538771
0.64263636083764
-0.642154504306221
-0.619075954314199
0.00493932291399398
1.25597169173852
-1.25395439057701
-0.0151884033539597
-0.281250247776998
0.958462736177969
-0.0302001442625347
-0.638151945739494
1.26516401788911
-0.925637769012973
-0.328439077604024
0.633767809269901
-0.631851111040348
0.00173225168146359
1.24646648097891
-1.25011543088993
-0.317596425919378
1.26911617079564
-1.55163324183672
0.273253546883037
0.013430377489481
0.0177082544803129
0.598656278590049
-0.60392209333871
-0.0172450178462661
1.26736044873619
-1.26893324641116
-0.276008216850198
0.284832543745733
0.60917838684953
-0.612429433092367
0.621845144025618
-0.608600609157082
0.621123442635296
0.628991988254633
-0.636227107937162
-0.613888322952767
1.25547363268505
-1.25984938585173
0.00203999999985778
-0.304968437504968
1.55741962156172
-1.25011543088993
-0.0206798972006133
0.0240156210373686
-0.324605763489771
-0.675448281602534
1.60853150183198
-0.611813180576429
-1.2572274410019
0.311168630140995
-0.325988149797996
-0.691101917314769
1.02957314533423
-0.00115611218508571
0.0176132184729677
-0.355273678039876
-0.0130975202266166
1.28144706224189
-1.24714867593742
0.610743704953395
-0.621499961984894
0.0101657530892705
-0.0358346014848539
0.0329836018615124
0.59420083270607
-0.916467888907082
0.3019838010204
0.629458720776343
-0.613135382803026
1.25215864986767
-0.644689818355719
-0.605425612534209
1.25360786302724
-1.25630897105141
0.659966026754077
-0.738982281050269
-0.211529069214729
0.602246787989285
0.941115074435727
-1.276604500627
0.0264890697370712
0.599184898223832
0.642255461206696
-0.938744878562541
0.294942445548069
0.656633162955232
-0.0350678796475817
-0.293357888791798
-0.592239571865434
0.890955662452356
0.648639698159183
-1.54654068696994
0.296425256080007
0.625057715444964
-0.64215279879897
1.27756438476388
-0.0103538705199456
-1.25180677042172
-0.28393536215602
0.281250948521131
0.0092700414759472
1.24522114258066
-1.2459980662001
0.617101767073887
-0.649908094196315
0.65216214644122
-0.653115749712764
1.27975799659408
-0.647828108992912
-0.898712577977024
0.271170093543293
-0.303946457401049
0.0375156420904811
-0.00526758800244944
-0.409595411115861
1.30883629886261
-0.61882438228178
-0.278288971986668
0.902168343135193
0.644054084456304
-0.946964842131726
-0.604633189173709
1.25549103460387
0.333371737597682
-0.952028569800944
0.299572435016875
-0.307393461952603
-0.0245504972649288
-0.265715336888328
0.291685977847282
-0.0124459691708932
0.617871581705102
0.351443386820636
-0.986418519959964
1.27966495149505
-0.6383022503135
-0.641970672581679
0.0301574920052503
-0.28711499402114
0.25604809038918
-0.000302461442643452
0.0313693650746032
-0.608324231582573
1.24686786779055
-0.627649228921582
-0.625316558694803
-0.601531309150578
-0.0108371411763073
-0.0136571109129924
0.0190086323619178
-0.0207556831791902
1.2715100029884
-0.293845272908191
0.275193929460675
-0.605425612534209
-0.0197420577410925
0.0230777815778477
0.0108219827009533
1.24254491737155
-0.953942981765438
0.947355788746104
-0.63569437221303
-0.635940486339634
0.0115259390370368
-0.279079057348792
1.55057706372795
-1.26754464840069
0.640557714040085
-0.63956031261175
-0.00922350113723268
1.27142671788857
0.00742912949479903
-0.0376880120569221
0.357610377596943
0.27365486253206
0.0127769049222494
-0.911489482899274
0.296425256080007
0.622647425343088
-0.620730727113535
0.606191073187281
0.0253589012174798
-0.633466672634314
0.00175805883423156
0.621413282473355
-0.91641777284267
0.295795739651942
1.24756612277307
-0.285626701687813
-0.354700109713663
-0.0106037212646213
-0.911747708916576
0.310190464005247
1.254087001286
-0.625134857150134
-0.928713124052631
0.272506615341304
-0.0123561680006327
0.617411277745269
-0.61982238019699
-0.269541582273716
-0.291685977847282
0.913845936110313
0.331530216546891
-0.631760750247485
-0.342290799161268
-0.00857880991051048
-0.262220095916734
0.897780080575901
-0.6106614497461
-0.0092028852722602
0.0182936468320742
-1.26531349679511
1.2630801050405
-1.27444146833241
0.985820774655488
-0.351511284596984
-0.906408708696033
0.296425256080007
1.25234882264454
-1.25672457581122
-0.315131739248798
-0.650930532666097
-0.627294226459946
1.28108921024731
-1.26541649565894
1.26255204453768
-1.24955167219211
0.00402032258661942
0.613770599358005
-0.618354680642443
-0.297288081131359
0.271415263910226
1.27598824811106
-1.25011543088993
-0.0240751094912031
1.27419054038113
-1.25483672210659
0.0135762437079411
0.611668321910089
-0.647890835774933
-0.00187746215342222
0.00382004403030679
-0.280595076437263
1.55319725501401
-1.24696769820677
0.307746656063779
0.944221121215816
-1.2577090907274
0.00775427851459518
-0.000321438002234651
1.25329425543485
-1.24948897781427
-0.00851472365865478
-0.0167409941233746
0.0177433058467937
0.00766855004171639
-0.317785252753317
1.56883355622544
-0.00489428830926465
-0.636881667332287
0.00751236392741831
-0.617724393689358
0.597057212866988
-0.88719394068383
0.917221821429643
-0.638460074689229
0.0144809424189661
-0.00612769513823982
0.309000356454202
-0.298053914793577
0.314161807446735
-0.350363411644074
0.640961464766839
0.00884365803024992
-0.644347077821382
-0.00944790596598254
-0.62041296920246
0.0180492464337043
-0.0218327100018205
0.624822885846239
0.728621465414351
-1.35782543802713
0.0262137967683636
0.0
-0.0120313778473215
-0.00791619182373512
0.324306435523458
0.319415454791802
-0.0245894224203713
-0.599184898223832
0.331811283909881
0.920379289356386
-0.640377392689838
-0.632075850824582
-0.296082789786012
0.316006348039173
-0.316611059259477
0.0309843575716635
1.53608124457273
-1.27323796480994
0.0251347813333555
1.24890527861347
-1.24773870148189
-0.287334243327065
0.270424970733073
0.319703766307645
-0.00657158543591558
0.00158921701738538
-0.00623532998346328
-0.0117364338286539
0.020903569953834
0.968817784189475
-0.978458697844439
0.0162140947756545
0.00824005483520574
0.605397034765187
-0.629153262132718
-0.261808984651603
1.5328161917878
-0.6383022503135
0.343476217942069
-0.952897951675881
0.00510985074881838
-0.00750129759143568
0.956868999354846
-0.960675738247471
-0.310973573072931
0.920205924499766
0.648025542192475
-0.920079417129002
-0.351398733123103
0.322458548613761
0.0190970951826725
-0.323528648271013
-0.0301574920052503
0.0336236576308458
-0.292086859302516
0.913678409121884
0.626019631648945
-1.2703698996316
1.2772125458307
-1.26497448981838
-0.00747963277175887
1.26513141671847
-0.62953563072683
-0.0156360441603088
-0.615745963471149
0.967189350291786
-0.958222912967881
0.959783366655682
-0.333371737597682
-0.61831772020827
-0.00169758943083978
-0.299868438177285
0.291307900981726
1.25363356227963
-1.24788203913532
0.63098841507369
-0.645078017430985
1.26197164149262
-1.26546025404529
1.26546025404529
-1.54336186242501
0.293246431535083
-0.00437575316668256
0.00501782857754045
-0.0156900970371745
0.316339520190509
-0.295163803425952
-0.0293236020577471
0.650011681198703
0.00128096433013726
0.33178385113205
0.917050615427742
-1.25945401179945
1.25945401179945
-0.947355788746104
0.955160351149192
-1.28215946860813
-0.269006956219974
-0.0230990284990818
1.56774185525423
-0.622818269779546
-0.626565878027174
0.311204641893182
-0.641120491171124
1.27323697762568
-1.25979682860815
1.25885600210883
0.00140867384528664
-0.929128302797383
0.931442370850162
-1.25670262390926
-0.00868208937628658
-0.00488541889940041
0.0154842065052397
-0.317320136092149
-1.25681846569245
0.961992433321019
0.295947571476224
-1.27494181925609
0.977395024071289
0.296425256080007
-1.25011543088993
0.963000436868789
-0.00457098382614247
0.291685977847282
-0.647346252461493
0.0151594995120975
-0.301123759083245
-0.316513971280154
-0.000290947577134853
-0.312577754093546
0.289606478311121
1.27308670667235
-1.56806011463267
1.56854197116409
0.00595235268736503
-1.2530572079714
-0.0215725446850357
1.27600010584074
-1.25791999329302
0.605623045733772
0.65632260044565
-1.26194564617942
-0.294826032371431
1.92126370600163
-1.32057560781319
-0.898712577977024
1.2172429973512
0.627163138067751
-0.00144019236900452
-1.25978748151339
0.00572923947990158
0.0102238545465238
-0.0343046515208952
0.362937110885852
-0.00980525366055944
-0.343293316255044
0.643831992013859
-0.640681471950031
-0.00804768925161719
0.00622403755279553
-0.000795159124758881
0.60462551143165
0.644368380353485
-0.653997899954306
-0.592101102633885
0.614338252340706
-0.614393264915375
-0.00396141572706804
0.625057715444964
-0.642333341245639
0.0128998726339921
0.00597497687525922
0.620407723432765
-0.627867901787723
-0.299937974929795
0.298104563970105
0.622686370727424
0.636404390098713
-0.65415732517965
-0.607200354661678
0.0112422489513987
-0.299778424287908
1.55747328924664
-0.931318067494584
-0.620904193329371
1.54336186242501
-0.632344228018587
-0.012345590337132
-0.6346706360612
1.28238218821262
-1.2705705858267
1.27336930155081
-1.25593588040975
0.0
-0.313956179265362
0.302983282060616
-0.0127319520566217
0.622889747485199
-0.60514669866194
0.00596180043810891
0.0
0.599184898223832
-0.621330529432279
-0.00282626735198923
1.27508732945036
-1.257809796496
0.629379874745179
-0.91493194067419
1.24608222686726
-1.2741310519273
0.00533212404249603
0.0171987243060605
-0.0295821309431476
0.351194106361106
-0.330774022877641
-0.27949739252855
-0.0280480262425392
1.56942920891431
-1.54448340152981
0.293728288066502
-0.029422041040761
0.0289401845093419
-0.00101606774903069
0.622701576888138
-0.620563970034313
0.623936176340171
-0.621252437824377
0.601620334913622
-0.913149451660895
0.303014393088618
1.26308300123189
-1.55499219303476
0.611648117282631
0.935085951448239
-1.26108832809467
-0.279171315472299
-0.0316992571754876
0.917961000788155
0.0299021007133227
0.919163343849077
-0.949468948998682
0.596424776554046
-0.601123686969069
0.00679267827679737
1.24585016341935
-1.25105740474887
-0.307485479412808
0.922719379075402
-0.916139114391956
0.299638431046292
1.25185406306585
-0.944293898980651
0.290184541769629
-0.601886006247994
1.25786565087763
-0.630106827408503
0.418996217937787
-1.34292161535046
0.304380150831035
1.25584466953458
-1.28661230093462
1.2760126688375
-0.297368993512769
0.296731016446646
0.617951892522353
0.654925173012655
-1.55672277932216
0.917126563065215
0.00445024912086939
0.617589015475247
-0.60209169492506
-0.000339111994991765
-0.290649040224919
0.259279675150316
0.0303532973255725
-0.607011080793116
1.85910449563606
-1.26156028939235
0.00739139881467244
0.00241374259058596
-0.01941774806656
1.56838854573748
-1.25593751035182
1.25784474305782
-1.25023578031764
-0.00242895868914867
1.25011543088993
-2.58864513399176
1.0269273884896
1.56171774550217
-1.25919775087357
-0.00510715686753881
-0.00889275948429501
1.32389168744647
-0.672996246833652
-0.648850775408662
-0.267159497247101
-0.00662896399301391
1.25479725058431
-0.961625141051866
-0.0173109488066669
0.974254270164148
0.30338915857189
-0.308639574712911
0.00790485766757069
1.24965095947925
-1.28225066474825
0.0154471707909685
-0.691390103098453
1.28757322784625
-0.00796242367732831
-1.26347977493729
-0.274653804483068
0.881744232623436
-0.590913781292214
-0.301629005723415
1.55525078079487
-0.641514821732846
-0.93396944535527
0.316658742373251
0.00090063048052197
0.617775488164156
-0.63337087225009
0.63575641029993
-1.23574487885635
0.614683222161835
-0.0202626702481531
0.0273077268906611
1.24307037424742
-1.83748597195617
0.633419393202127
-0.642577285385371
0.00278583650358109
0.0184279067119577
-0.0103509275691546
0.019901289162558
-0.0249458073845008
0.895718585987918
0.651117705826052
-0.656847125852801
-0.629444773290603
0.332581229393797
-0.310871126682407
0.0107216031681502
1.24276603402764
-1.25011543088993
-0.292172559225044
1.54228799011497
-1.5328161917878
0.887227249022838
-0.626045915787707
1.27465659234837
-1.26181925406192
0.0136623949437199
0.948709869242488
-0.97619748245502
0.0242653664793304
0.0132445348685356
1.25392070851052
-1.26909734489265
-0.279649395989298
1.54494146326136
-0.293246431535083
-0.979226056181705
0.0166489863026077
0.964137523566898
-2.81488466313771
3.10657064098499
-1.25815544485536
0.33296002810765
0.925356236072821
-1.27828428979036
-0.267266738507769
0.295274778083083
0.0
0.310599580162779
0.643090594647143
-0.966936245083374
0.015310263823536
0.00127153028667159
-0.00157766500252368
-0.00175805883423156
0.631338758847927
0.619738588245983
-0.648556725033323
0.360479814808202
-0.964456486231585
0.597573580298418
0.658737178187031
-1.28414893182092
0.00225844362350333
0.980725953884683
-0.335335494167478
0.636344831531924
-1.56733582688866
-0.558208387460865
1.49428827014849
0.633106072135374
-0.00643420921878413
-1.23946493384932
-0.603501009200624
1.2072130008533
0.641573391716458
-1.25593588040975
-0.0295963475115207
0.027471396144798
-0.0168751160624981
-0.29622225498488
0.313868408801066
0.00135391361303537
0.633451980362086
-0.352377855658067
1.27418226518527
0.0
-1.5345922876743
0.880272949717764
-0.604194321331768
-0.312364086721231
1.57357804180301
-0.6539522664618
-0.599184898223832
-0.596222718465872
0.575330942219608
-0.277397384507719
0.327124157733076
0.591118907371927
0.672690883833949
-0.696527257249347
-0.597471444548658
-0.00391507748972241
-0.0230604864747909
0.00996292062648882
-0.00996292062648881
1.27844490846748
-0.639268495434101
-0.610846935455828
-0.315399375213759
1.28281404520582
-1.25755888266911
0.290144212677045
0.622938761926882
-0.00561311248712418
-0.630911667089394
1.26370144853957
0.100495948090842
1.17513519063745
-0.650930532666097
-0.910786790685971
0.309669878525287
0.627734887765784
-0.625802873828931
-0.0104373581494074
0.325825282645829
0.935209362924926
-0.000481856531419088
-1.57265885688919
0.296847247479566
-0.0249109010171521
-0.599985995102698
0.00333161281219969
-0.00349243213731382
0.00302173379570294
0.607970322203997
0.639123374890229
-1.24398773575169
1.25374629490784
-0.00927670262473597
0.00837854186752327
-1.55626391042023
0.302027359364084
0.302722011292862
0.65096816351706
-1.52325192914805
0.569965124732029
-0.0325534819545889
-0.565439678832056
1.55434524937302
-0.961488869185096
-0.31096945501208
0.310256509657518
-0.285813277155962
0.000893652794797836
1.53574213257774
-1.25011543088993
-0.000677800893186227
-0.320383554475333
0.324553787505833
-0.29967237812178
0.90494128235543
0.0162963790739998
-0.623458491736388
1.24851620718135
-1.25582350141418
0.601825601459875
-0.59392435065052
-0.000593956576525628
0.00993707398061427
0.601693877248106
0.00512450570514685
-0.930594223520742
0.0158142867982914
0.898712577977024
-0.00393639920678627
0.0188204596813212
-0.607412823215397
0.022448644128795
-0.0231745871905572
1.27176428533308
-0.649808993561304
-0.598458053956389
1.24826704751769
-0.629685607871148
-0.613995613799997
-0.00643420921878413
-0.308743752085271
0.28379794470077
0.637420526703862
-0.000661538742932409
-0.901293110298038
0.277844412952729
1.26175094765881
-1.28027292289518
-0.269554934988751
1.2550018255125
-1.25171465459851
0.289060931993848
0.0127225258812827
1.24475722909481
-1.25044531938805
0.0136197095936478
-0.640254953714071
-0.636812761635168
0.975438709625823
-0.951773476580369
-0.293073341846968
0.622967927527296
-0.341149864819403
-0.609384748471626
0.308269925702407
0.314258681299328
1.24901712932142
-1.24024730656781
-0.0362225676933092
1.27376289820904
-0.296425256080007
-0.951298727967304
1.25215268106061
-1.2658427109499
0.638589690246251
-1.22584968988384
0.306533492841992
0.292025089842274
-0.00165392283898241
0.597771453774605
-0.00128096433013726
-1.25011543088993
0.618354680642443
-0.630467163963098
0.325779111540752
-0.610091884300104
1.54654068696994
0.0
-0.633743376695094
0.295147470373665
0.612553490110893
0.654051554686809
-0.637273219110814
-0.618968712848047
0.632716804293076
-0.635019288209055
-0.592635104062594
0.269576843499051
0.95146556344482
-0.909646205541836
0.273487598277649
0.00863947395649309
0.337433039657583
0.619884705408914
-1.2738202801513
0.310411123131043
0.346062479925579
0.00402290459173153
0.0273620867890403
-0.00994857628217222
0.00494304201876469
0.304059494895718
0.293284784982534
-0.898712577977024
0.296425256080007
-0.0240976228944539
-0.284600935831322
0.308698558725776
1.25011543088993
-1.27155184598853
0.00183709685138745
0.00107121919292883
0.000498820560738574
0.346468356097569
-0.35838444213119
1.28006079541709
-1.2597816631569
0.616847842473251
-0.609209956754281
0.0020283465479994
-0.0251083800417117
0.0263893443718489
1.25075116478934
-1.27741115233476
-0.269008062656171
0.633019371042438
-0.304386911677481
-0.623096198395949
0.63086521306592
-0.618811285559315
0.30519023966913
0.00697364520905151
1.26848198784099
-0.625057715444964
-0.930204098753335
-0.0146254564475609
0.638082458269001
-0.337626887628234
1.26943170000509
-1.25287611615607
-0.606218779035239
0.632091596256371
0.630724266736038
-0.00566655129107334
-1.25758774023372
0.631549265325517
1.2805723293955
1.26136349880334
-0.000607245715612646
-1.2573127475774
-0.893792659484002
0.893169240091293
-0.621517589984016
0.0274152309476233
-0.00885731407000969
-1.38021804973254
1.35218801065078
0.639667512789042
0.00975407148536096
-0.623397409861343
1.26020727207237
-1.54530875553051
0.262426819049212
0.0277173936278329
-0.0207054388394425
0.0190552360857844
1.25176563364359
0.0
-1.26291132342398
0.0127229432511543
-0.000478869193253522
-0.29640174737358
0.296953565849732
-0.290144212677045
0.909779857649626
0.630479785917348
-1.25011543088993
-0.016457106287882
0.980945835489997
-0.961285780424644
-0.00208140967267756
0.315865609100205
-0.631457398324522
0.929534476938791
-0.014985280156576
-0.600078946662691
-0.307549140082013
1.55798600897418
0.000640478201746111
-1.25107734709391
0.657264918729915
0.299604080624931
-0.341804772535579
-0.604561957605064
0.588682629009629
-0.604227627442731
-0.289783303152531
1.25011543088993
-0.321071200965259
0.622637228573384
-1.279359898834
1.35071382487227
-1.34941513552158
0.629806392513766
-0.900286587004365
-0.00314005452414831
-0.00212753347830113
0.296953565849732
0.599184898223832
0.650930532666097
-0.653997899954306
-0.290255465118612
0.649186375558337
-0.310303958994574
-0.608308949906081
0.906386028520349
0.338625947990655
-0.980238912476646
0.651606453111689
-0.645890785465986
0.00986017281627612
0.972467634417755
-0.00780456240308716
0.296425256080007
0.00159922370857667
-1.27224392477711
-0.00993169767344411
0.655518683297013
0.626656939153541
-0.96482210335424
0.644795720844159
0.618031239426435
0.632345464074106
-0.290219917385497
-0.313593562629865
-0.0107621060169804
-0.00822167980617933
-0.013275384248271
0.0279479595974707
0.00509391649081119
1.24294637202278
-1.25549103460387
-0.284768608963106
0.902550099454715
-0.914539213381929
0.624062751166695
0.299756084576671
0.00223339175460838
-0.618869788930177
-0.0309219291846715
0.639677176021624
0.00222178422275657
0.602116009046474
-1.22432333357317
-0.320316340755842
0.013934821609042
0.0172879225671644
0.28009814170095
0.327355817381258
0.937936249890803
-1.54336186242501
0.293246431535083
1.25011543088993
-0.610161057992906
-0.653378697832278
0.624913141846788
0.644963657871645
-1.26895467899404
0.0309627114771502
-0.0124625753680353
0.307800401520578
-0.304063944856996
1.24973982001704
-0.297847766167133
0.0031400545241483
-1.2596998909246
0.301485845824662
1.256334232166
-1.85007795316191
0.590491448503008
0.00195555105836136
0.00270433064120296
0.0220878794920064
0.00474938350334706
1.25241571578868
-1.25602463538322
0.958531025843879
-0.964874946405006
-0.00312027815474687
-0.00489717039327261
-0.281904855631289
0.903426641528513
-0.608600609157082
0.611813180576429
-0.906639212947859
1.54494146326136
-1.54180140873721
0.288649113297089
-0.29020956698489
0.268447141324956
0.0217624256599341
0.630388924980373
0.326338114379741
-0.35450527658609
-0.59840247111403
-0.00100210823721936
-0.00950431340149284
-0.0105020510650791
0.628673391923901
0.0033658342465165
0.6383022503135
-1.24854341394754
1.25420996523861
-1.25104270394828
-0.00473927823272498
-0.0181875278718153
-0.272295796800221
0.594842190524438
0.335431912855627
-0.639790778708028
-0.310659942041951
0.919839880240381
-0.606624203461991
-0.0186888999328905
0.0123714003076891
0.00376176488876239
0.0
-0.0267426437877957
1.27685807467772
-1.24947335547907
1.25249508927477
-1.26670467296132
0.000322973407151404
-0.00493951469244462
0.019305588665774
-0.292807516952076
1.54212284673945
0.649968616462116
-0.947355788746104
0.307785804057083
0.343144728609014
-0.958732904028821
-0.289783303152531
1.54494146326136
-0.625057715444964
-0.624515283756801
0.00497003717516576
-0.0178132064058443
0.63735845298748
0.333371737597682
-0.650930532666097
0.0274145823913701
-0.334913502767919
0.0
-0.00503313946527035
-0.0226842541625625
0.0082658097505735
-0.596792649582627
1.87537019204042
-1.28254542587173
0.0336247678546486
0.597131133297103
-0.902162466231986
0.276468040353068
-0.277589547540883
1.25437699260189
-0.34519927810535
-0.602550558343069
0.292080025549596
0.293839745323217
0.0139179199195934
-0.00509169485242568
-0.898672044069293
-0.0267436272164399
-0.00189137556689873
0.0254561782384147
0.89254278701563
-0.884738224612543
-0.0102469882907859
0.302829097694774
-0.0301425340792258
0.0261811183521577
1.25011543088993
-1.26816467732363
0.62891748502749
-0.612655942385971
0.963282441005194
-0.975761894364634
1.26927687635082
0.921023983013395
-0.627284106151955
1.2687989278848
-1.25507758003175
0.960251547660315
-0.946579304693562
0.294049548318888
-0.327788426203863
0.0193550531618572
0.610194444549807
-0.636219638436231
-0.00446593813209691
-0.272685910418061
-0.00918018517138243
-0.0229000538621078
0.932684261552296
-0.605739220126599
-0.0194831050695353
0.615489178748443
-0.277255473661395
-0.639179567958385
0.630508751073081
-0.304229818483094
0.297706220410144
1.25090960893613
-0.653005675042435
0.0145449805821499
-0.634554656132401
-0.00609052116452922
0.03787615357209
-0.00283777410629531
-1.23961316167573
-0.0103178967978139
-0.0129529311875606
0.328156483267594
0.295129382890213
0.654617903706728
-1.54384371895643
0.293246431535083
0.615385664821501
-0.941055944428499
0.327428338441229
0.628657858405856
-0.661785282314691
0.661764968038647
-0.657192275132543
-0.286603770140632
0.933830265327912
-0.920562213413437
0.603003489795195
0.94724433148939
-1.24009181366493
-0.328554498857794
0.308210530695858
0.609144857924637
-0.914526105872348
0.92112721141886
-0.907290841079665
0.00703919617402513
0.292124924347268
0.628720739673108
-0.620970519685407
1.24602823513037
-1.25107734709391
-0.00101606774903069
1.25113149863896
-1.25011543088993
-0.01161178238336
1.26172721327329
-1.24322281458852
0.00226786580686192
0.30612091774889
-0.337345153519498
0.0235039460313381
-0.324354518186083
0.0138916367642093
0.0188784763758241
-0.00468181969438556
0.294826032371431
0.0
0.302759642143824
0.947355788746104
0.0
-0.627627826613938
0.335941848766656
-0.33674394390354
-0.321993234283492
0.950423156034313
0.605425612534209
0.640261121342423
0.0
-0.592850512160014
-0.657264918729914
0.0065871930193334
0.60996526578982
0.0159571749677762
0.00646680713323156
0.628429921750822
-1.54494146326136
0.628197769969113
-0.63081306142672
0.297441323829038
-0.0208917762462639
0.339530746985523
-0.318638970739259
0.607974920651068
-0.302112854834058
0.946486756827527
-1.26747513165295
0.643832974364389
-0.307436471603912
0.289721862247632
-0.6109920559997
-0.299154746275721
1.54927017716565
-1.26465083523614
-0.00572726590194665
0.34889512961311
-0.328720040287661
0.0133774020182333
0.601774405723737
-0.615064226819267
-0.311921115725436
0.911427451951502
0.652208318372439
-1.54340063244579
1.54482314253291
-0.00302173379570296
-1.25079323178312
1.25079323178312
-0.635979724530783
-0.912589308987152
1.55268639820776
-0.00835324728072627
-0.0121613197803581
0.327975856586671
-0.301180246122624
0.62014374396887
0.328864611146666
-2.71702769944718
2.09117582606013
-0.622683956666536
0.293407250860197
-0.00261987426224403
0.604746376834147
-0.295358825735989
-0.6245829668319
0.5998958750544
0.0267318092750153
-0.92205902263235
1.54443628668038
-1.28185736307211
0.0304609678520487
0.025504168482429
0.288270408303223
0.0
0.937781046473282
-0.00923722043817762
-0.0180354148275235
-0.276829387564683
0.911639882198302
0.630161526538909
0.0085596135588107
0.638994655918176
-1.23722978501413
0.605935412142039
-0.621420612558001
0.0072364010103291
-0.291656716373577
0.883501136331087
0.0193304010957323
-0.615183686507364
0.608320748439115
-0.609106204524354
0.618978533087032
-0.91493194067419
0.289581622510534
0.617931969472704
0.635848270441773
-1.27844490846748
-0.27020368910853
0.916887847328522
-0.609644586817507
0.94971935921771
-1.25485470912265
0.300143684588928
-0.0332679491140398
0.0220159743241616
0.615192550569775
0.645478160396814
-0.625372473188592
-0.617410820977094
0.597740583245849
-0.276854767144491
-0.330636523184353
-0.602489316012246
1.25648721596655
-1.28027292289518
0.0156355453256333
0.893024643547049
0.018464839352225
-0.625057715444964
1.26791348191871
-0.635447947960748
-0.622472045332268
1.25171465459851
-1.28187214660376
-0.29214058129589
0.32229807330114
0.00286445112126725
-0.00286445112126724
0.601011819244887
-0.910040658489726
1.54419285557983
-1.2584310094497
0.605109029940986
-0.599184898223832
1.25011543088993
-1.27655186018762
0.0339377268891313
0.597650475426849
-0.631948445186784
0.0164763212315594
1.26533007013613
-1.25500971919919
0.6109920559997
-0.63282476600152
0.0069771370712944
0.330136972787691
0.936909173409102
-1.25170871673485
0.954807541987079
0.298004856916354
-1.28329092811499
0.632283994577153
-0.00310242367318562
-0.627208506341765
0.652198738280193
-0.627422089558595
0.618311186215602
0.338625947990655
-0.337533791906462
-0.61615638290346
-0.0310669036319597
0.633465477970544
0.647716856551344
-1.25681846569245
1.26687502464142
-0.0100565589489719
-0.631760750247485
-0.618354680642443
0.0
0.0100147585249539
0.609166832984137
0.645523304354598
-0.0177315645756937
0.626911502774124
-0.611571118934648
0.00557000528114174
-0.0199551067857303
-0.279648973839201
0.904840273115264
-0.608415017035257
-1.27848808885625
0.0276948570731386
-0.0202334862932438
0.915843640597083
-0.622889747485199
1.27621172699391
-0.946644811915536
-0.312275467092944
0.00641340127593415
1.25011543088993
-0.641193383730612
0.000308842995479572
-0.00678274893266534
-0.000160819325114121
-0.63365668697162
0.664836037708917
-0.636838878940171
-0.0261773142992616
1.84414831560545
-1.81459879500034
-0.0226608387939012
0.622967276122527
0.65881952125191
-0.00901052769060666
-1.25045454288492
-0.0268189617675098
0.0274795117647362
0.614742788817032
-0.00244895110595401
-0.608398788297234
0.025049919032134
-0.292423533346085
0.918304146980048
-0.653997899954306
-0.596473893826574
0.294826032371431
0.309000356454202
0.290184541769629
-0.596793451381214
0.622666268602347
-0.290487200326997
-0.660463451121358
1.58710252612955
-1.26120959012616
-0.000677800893186227
1.25522192879641
-1.27979929043994
0.0252551625367142
-0.294826032371431
1.54968074149408
-1.27574648536892
0.0198757084972332
0.624493178460353
-0.645838832075742
1.28503923906027
-1.26267751769585
-0.00202834654799937
0.961999564760883
-0.988911402722226
0.0289401845093419
-1.24208468554088
-0.317360844371084
0.298055646066204
0.00940533444670298
-0.0126563806895407
0.631599215510979
-0.618354680642443
-0.0158143660368256
-0.291609099307467
1.55753889623422
-0.284155418782141
-2.63207353290283
2.26840084269206
-0.332156669622554
0.628581925702562
-1.54654068696994
-0.325060258863346
0.59376812131552
0.0316788093549009
-0.307750995893235
1.55454708646695
0.00143306696547997
-1.25656632643295
1.25593137642562
-1.55833044046499
0.91100882739343
-0.89929219434051
1.54517361504307
-1.25214377743793
-0.0170952838771837
-0.00503061233190967
0.032864336582029
0.951261124387948
0.290144212677045
-1.24804028851359
0.627721851301352
0.33169774353532
-1.25734702041431
0.295852283201297
-0.00406737062720962
0.00582542946144114
0.00142076571069232
-0.968670435747373
0.965491611202449
0.610868238593786
0.344421159924712
-1.25441576262267
0.305560573322954
0.611920471423659
-0.310893391116857
-0.330231683073534
1.27288582443788
-1.2785289150309
-0.00014478415569871
1.2786736991866
-1.2597816631569
0.626647157315788
-0.607670662989952
1.24647172012213
-1.28363969668371
0.0289401845093419
-0.0261545967576414
-0.608686288286642
-0.0344365959977685
0.646495090590268
-0.0289401845093419
-0.615082646862983
0.640650625066467
-0.624050444839577
0.607790548234679
0.6456517345597
-0.924633813951563
-0.638392181237782
0.307042672708067
-0.314556156272574
0.941147640799049
-0.637503135468863
0.621243238863965
-0.605425612534209
0.312179180999126
0.937936249890803
-1.54494146326136
0.294428712417769
0.0182336188500927
1.2532667823103
-0.62594519606776
0.622609472231005
-0.631760750247485
-0.621055788666606
0.00461780625371499
-0.0253104195294245
0.0233937212998718
-0.0205774054911653
1.27069283638109
-1.25146934450296
0.62590387387341
-0.64036758659013
0.0148368668665154
0.620006402009574
-0.0163483121851892
-0.604705676909145
0.603504079278745
-0.901514957858754
1.55015465601794
-1.54180140873721
0.00753055906514099
0.894876614695164
-0.640574872423002
-0.27233667994761
-0.307436437943231
1.20574432533644
0.664351770474252
-0.0076468944678708
-0.624585866952115
-0.628236539989888
0.602287321897017
-0.892431534574062
-0.00628104340296226
-0.297441323829038
1.84398201079897
-1.56529165318286
0.292405828744985
0.0357696144004124
-0.0187643212300479
0.630157585568765
0.629684361425815
-1.28025796496915
0.0135359958767347
-0.00824665377084085
-0.00615673700114757
0.625082742412587
-0.590836912477701
-0.011906762725542
0.631598704820583
-0.302871099400539
0.625057715444964
0.0
0.625057715444964
-1.25011543088993
-0.013803800251835
0.000640992944183523
-0.0155846181605836
0.0280696245750489
0.605829573911471
-0.60197294847336
-0.00719814918118431
0.959308723154759
-0.95008564887509
0.00320520754594096
-0.0157732812755087
0.337596007159693
-0.64501199503909
-0.00751776133558326
0.921482971524972
-0.599184898223832
-0.0245057452942651
-0.006863619780338
0.00672884674237117
-0.27387786889539
0.271246714555993
0.0256214699179703
0.601573011309868
-0.617322379441821
0.0173995708856111
0.600306437328625
0.649808993561304
-0.625057715444964
0.625057715444964
0.00317882454492387
-1.27164860834604
0.0281129120673381
0.618163607410077
0.0293427521636828
-0.61770757589359
0.322954230758099
-0.313770133997862
-0.004513067238752
0.00512152622933163
0.00285081059682193
1.25885919333332
-1.25671355976702
1.25639841676261
-1.2535367960884
-0.027463708969487
-0.269058282320431
0.915748729013978
-0.612020294578626
1.24378104482611
-1.28087953569887
0.0255553152110064
1.25628613669185
-1.25460155735151
-0.0226895865107665
-0.00424717108368509
0.0246433295970294
0.965788856467903
-0.959971218212884
0.0
0.000762391475818292
1.22320021011372
-0.611796993818635
0.642378520132322
-1.25791633420908
0.335183490215739
0.920379289356386
-1.26054382054699
0.00289227342926323
0.309819839703864
0.96020227136652
-1.26028801225237
0.623649041599678
0.626310629013521
-0.925600336214796
-0.332004665670815
0.615185386882286
-0.279281581583955
1.55091644013662
-1.25113149863896
1.25113149863896
-1.24662299875261
-0.354011473182529
0.0188279829667906
0.63050506412716
-0.647801925399027
-0.60438864786724
0.0034661656255955
-0.0208796761324636
1.2675289413968
-1.2391689892293
0.607408238981818
0.0070244728047557
-0.633028786582861
-0.288775622944345
0.296425256080007
0.602287321897017
-0.602287321897017
-0.0152001271901949
-0.289019201549634
0.90097893508631
-0.893184862426488
1.55003311910725
-0.00317099413507916
-0.0292486826109239
-0.601064287120269
-0.0057422686485582
0.00319296053169975
0.621685509139107
0.629391837954803
-0.639264166517481
-0.905059612111512
0.611885402274343
-0.0319951577734082
1.25294941888637
-0.950928155451211
-0.010202405615598
-0.704023741391177
0.708958241169948
-0.0122268803803062
0.00461788491175933
0.60197499118098
-0.911990214575691
0.93719504916461
-0.646309967350226
0.626793067191282
0.35614213114563
-0.987369637551988
0.00718473197803319
-0.58914430606241
0.610899758593719
0.0
0.956868999354846
-0.335183490215739
-0.930384067864883
-0.286853061458401
1.8564656054663
-1.58315085098151
0.628098931516399
-0.32999568924893
0.626967471566768
-0.892978060811893
1.54025964356697
-0.625057715444964
-0.918304146980048
0.291171483188871
0.955765123156134
-0.953690174809921
0.621685509139107
0.00643420921878413
-0.628119718357891
0.623284732847684
-0.646094484363476
0.341376500557138
-0.318566749041346
0.608132588586284
-0.922906190628771
0.617644701443026
-0.331506102183878
0.650011417221485
-0.632299752458637
1.26103876891042
-1.54180140873721
0.300696505537889
-0.011038874238606
0.00738654834312273
1.28364955726951
-1.27137279211292
0.610329835516109
-0.594995991830829
0.00521284695902349
-0.018607688709586
1.2623887335357
-0.627487625280931
0.634227620517625
-1.5485414039739
0.917385768703104
-0.644665550832746
-0.00420695872912562
0.631773327863132
-0.628351825219245
1.27114761128223
0.0270457520296953
0.272515474613934
0.0176361680846044
0.621449469478989
-0.617633451879141
-0.0222406564260371
0.00636420502430842
0.625164916457074
-0.629325962933812
0.0036014295423173
0.329273036108865
0.939421685475178
-1.27134643896226
0.614484087886682
-0.908675127882747
0.911742495170956
-0.618817001134586
0.0182781892977197
-0.0196329856100644
0.00635150590875377
0.0187527580041702
0.00246982832950923
0.318521056088027
-0.312692204124259
-0.0124160449831015
0.00380527762058726
1.25151390291275
-1.2491914853951
1.24398773575169
-1.2675289413968
0.674678429236782
-0.00497522271562632
-0.613472712005011
2.19434165018887
-2.17820409557613
0.574345695333979
0.00946969341532583
1.59426961722258
1.2805819629784
-0.653522113205538
0.654080982146937
-0.928504612876854
0.0
0.0
-0.971881305364104
0.971881305364104
-0.657446306719675
0.00344840676536865
1.26086187678482
-0.606863976830518
-0.681590956172394
0.0207669909769071
-0.305505011399267
0.313181422554663
-0.323214175865065
0.298219458923364
-0.00953009661874563
0.629592347094454
-0.621330529432279
0.0258049652315328
0.31657886042475
0.283330091779318
-0.899993542307162
0.918897301412275
-0.949661406221217
0.327350180214064
0.00238848879174434
0.00839713354376674
-0.0156558876986927
-0.0257515218139812
-0.000605935779910963
0.633465477970544
-0.89237318162854
1.54279701423196
-1.53844910862982
0.285626701687813
-0.0076943656060714
0.633233937582455
-0.625539571976383
0.964488729202115
-0.964488729202115
-0.32414264970784
0.0324566718605578
-0.000331249725897418
0.00670303480252105
-0.0197541843658297
-0.0040140182337917
0.0234979148858536
0.960241505926652
-0.00468181969438556
-0.969823527815622
-0.0113386879240089
0.0122384321897989
0.968923783549832
0.00157960083634721
-0.955525662433576
-0.0220019687933512
-0.0119762488250638
1.28409364850834
-1.25449884167623
0.318265332286076
0.307389172342753
-0.00401428171671516
-0.641434583639484
-0.301566027608124
0.625673967960903
-0.298751098030691
1.25549103460387
-1.24820724162384
0.00483180597061014
-0.0259858969382536
1.27175277943411
-0.622709884054857
-0.915423695365503
0.28652762034851
0.320768049238687
0.277627387581163
-0.599296355480546
-0.291685977847282
0.291685977847282
-0.0258728172211328
-0.258282601561008
-0.0390665094663653
0.299206307211138
0.596117530935623
-0.591688833922326
-0.00442869701329609
1.25011543088993
-0.640105737071281
-0.610009693818648
0.00520374964340835
0.951665249711437
-0.956868999354845
-0.282700760897866
1.5328161917878
-0.637553406005778
-0.619036154672405
-0.292652234315915
0.299126364104169
0.0113890868635301
-0.0190834524696015
0.615826954192356
-0.608132588586284
-0.303836565970106
0.923795081098638
-0.286586777530849
0.886573479857339
-1.54401627335344
0.302941293451481
0.0219327852722005
-0.32186437819378
0.3060367668449
0.970313987042117
-0.957990506542661
0.624352527862762
0.630697402805937
-1.2785299409967
-0.28470074587237
1.56099729511446
-1.24947335547907
-0.0167796300235947
0.976108772825621
-0.963343424518741
0.00337220630585728
0.596117530935623
-0.62325328914517
-0.260182283010059
0.274392608354778
-0.284265535207071
0.296301723676991
0.322818668957346
-0.0081548477767843
-0.334149962233836
0.0159928480259956
-0.00664508028549686
1.25627865464401
-1.23944815826901
0.943022902188998
-0.980179244546993
0.0296678942819951
-0.00520717109292326
-0.0121839580324875
0.0169192806325617
0.60745791471486
-0.903411322302018
0.914591701757312
-0.638432600451952
1.26720276111965
-1.54494146326136
-0.00159922370857667
0.921482971524972
0.629486412458261
-1.24927915224929
0.632208784774134
-0.644838084514225
1.25747975497609
-0.617188214242841
0.330073220221701
-0.966707571183438
0.660972053044563
-0.971424752444328
0.922760442871496
-0.294826032371431
0.291691569656289
-0.627520960914779
0.637536985956019
-0.614360632378387
0.95884967910809
-1.26899390726575
0.316220005740344
-0.0188211952993692
1.26173930950182
-1.27388363348955
0.0237682025996213
1.25654964010871
-1.25182726594911
0.956772363053405
-0.00306528417036217
-0.982197655642268
-0.291657120909607
0.934901543256465
0.630639211142692
-1.25011543088993
0.330231683073534
0.296425256080007
-0.000698305047880061
-0.625476777574242
1.24963357435851
-1.27288582443788
-0.00738709845730312
1.28547667253859
-1.25565829252833
0.618693792637435
0.335335494167478
-0.978016212252401
-0.00277788899389749
-0.267722105935054
0.925396216679724
-0.632453263477344
1.25199851005898
-1.27966495149505
1.27966495149505
-0.622508407328106
0.329261975793023
-1.25405996742675
-0.00109819268208235
0.27914368621981
0.0210621727637255
-0.286072117011694
0.904268757564946
-0.318821840218613
0.338355681854533
0.927457135514409
-0.0159676526151352
-0.911244172803732
0.903516379845022
0.642778997029373
-1.24631015326934
-0.00252431329045001
-0.0193302107638416
0.019648470142281
-0.00797100878520028
0.602489316012246
-0.605128064534298
1.2591259644886
-1.27691210305843
-0.298186852208182
1.57509895526661
-1.25011543088993
-0.00207514237633786
0.313774576785652
0.282342954149971
-0.261204028167703
-0.0227381496908443
-0.340504830654624
0.0174834432137453
0.0148790785783113
0.607940955687035
0.640848407040461
-0.64735646531521
-1.3120400502053
0.701864662540438
0.00470944603806748
-0.321929958807807
0.323529182516384
0.608282349778643
0.640233857402709
-0.6383022503135
-0.635318795591925
-0.281640768292874
0.313981572973399
0.316273059442331
-0.61372894278428
0.289372785101221
0.624305624020663
-0.648139951780438
0.0292099314737133
0.610580028507163
0.64553117061757
-1.26905355834375
0.00681466408077397
-0.0101981602694308
1.26143513026415
-1.27659344979422
0.633489068385779
0.643104381408438
-0.647467990486453
-0.282283364372327
-0.63469102064596
0.645016689419898
-0.621955496586926
1.54025964356697
-0.625057715444964
-0.911362218025964
0.289606118171603
-0.313616969546576
0.913244751263848
-0.293929040853673
0.941115074435727
-1.27309354628504
0.00908801751914199
0.610007628811588
-0.893843639430139
0.954991027224431
-0.0486643095728322
-0.903658793310222
0.903658793310222
0.0
-0.280161531553059
0.625251097205898
-0.9482145576485
-0.00615341805460818
-0.00311357140151302
0.62422119531348
-0.63172840606546
-0.0118439276626301
1.27325794159924
0.0205464074998703
1.54654068696994
-1.27037810113808
0.63532689706742
-0.0379459646789822
-0.025630603680571
1.28244671216851
-0.000961916203980784
-1.25884555280887
0.0151643311377261
-0.312558824636893
0.288711104911241
-0.277578968246676
0.294992478753544
0.00282425203488617
-0.00282425203488618
0.0
1.25011543088993
-1.2735091521898
-0.00676377070537844
-0.288725956188995
0.311474740317433
0.00740870787681246
-0.0274108333279584
-1.70496201436597
2.04614742447958
-0.331506141361346
0.61723790080176
-0.628751359753056
1.27936045441692
-1.24899389178514
-0.003930876569085
0.0126996329580827
1.25011543088993
0.3068012917401
0.955515124193683
-1.25593933170115
-0.316972193360701
1.26672770982569
-0.949884897189334
-0.032134755198136
1.28271803343403
-1.24522807374821
-0.0240649505613047
-0.0152530235522205
0.0242813680693766
-0.020599110230391
0.0166305091546538
0.965134123530109
-0.969577904777214
-0.00806680732939557
-0.274425912699997
1.25330730551666
-1.25500971919919
1.25011543088993
-0.628429921750822
-0.0174814890125373
-0.600555070215554
1.25396777857035
-0.00479432153936087
-0.653637508718172
-0.617234144657536
1.26928621642843
-0.916323467226803
0.288644927517932
-1.25042304358829
-0.00502447588021546
0.314712102211141
0.282996745068232
-0.603374524123697
-0.298104689449062
0.633359973956062
-0.32611431838371
0.949572810120098
-0.947869725290105
0.622299268838075
-2.37507297374839
1.45052799931049
0.90906644849697
-0.626531290292929
-0.307171257492553
0.321061355368519
-0.315222322414101
1.57479762125192
-1.5528217303729
0.90831065835435
-0.00156932935291951
-0.907419129894616
0.282552873666724
0.66863627749146
-0.0486643095728322
-0.276789325247201
-0.35613732135236
0.979615435960978
-0.335823198644195
-0.618026007505299
-0.00999348862569783
0.331931545228678
-0.317557799452168
1.2481002589907
-1.26286919157236
0.0108651812913983
1.25690882648531
-0.650224915557783
0.0140468161860055
-0.622647425343088
-0.0258728172211328
0.0175195699404066
0.966782700323373
-0.343594538670515
-0.938671003780097
0.0351725231699592
0.898385714499882
0.0153355671830882
0.0362524909257981
1.23538236762687
-1.2726987410465
0.64783060710043
0.337753139924933
-0.978523828884217
0.62412400117251
-0.601955017166946
1.24411191431065
-1.25109661829578
0.631984020459289
0.618470522425631
-0.61862350622618
-0.023538051475658
-0.89506886720923
-0.0104121463744531
0.00110188431558566
0.613412404285006
0.933128282684931
-1.54396677788162
0.912206027634137
-0.0015796008363472
0.294826032371431
-0.647828108992912
0.362201407305098
-0.356987974291568
-0.607500754910547
1.26398449189637
1.24979519228446
-1.25497304058803
-0.00588525116388747
-0.282985427204513
0.290545323510921
-0.0116947327147761
1.27648819445904
0.954468037315579
-0.33674394390354
-0.631024090048629
1.25945401179945
0.628590140630261
-0.623466399101214
-0.929481463657163
0.303948415291821
-0.625069538846295
1.22847054222533
-0.61243384763762
1.26119549393487
-1.2521245504884
-0.00449726604627785
-0.323191827979228
-0.269322511857094
1.85730780158059
-0.662907455496269
-0.620222469355147
0.0210375711313156
-0.313650309805746
0.935496638269968
-0.65351781835208
0.0316714898878586
-0.00404164959627539
0.0102137118070776
-0.0102137118070776
0.625021232975863
0.629833476146792
-1.24214674598043
0.599105217434202
-0.602353312628543
1.24906452013139
-0.00840895718934932
-0.628429921750822
0.00337220630585728
0.630878164964781
-3.17511766642212
1.62022728395304
1.54906993294926
-0.926586782618916
0.278758673626004
-0.00189666599484076
-0.597032883470431
0.320170875839268
0.932099251482245
-1.26467684099715
-0.597369079191809
1.86569393343391
-0.948674568948469
-0.332150395904873
1.25347627668062
0.0168589578972821
-0.351404550987016
-1.77776711359772
1.79723168567828
-0.00576931879422132
-0.298828111219039
1.56075299155042
-1.27645083868557
-0.268490624575784
1.26078604447922
-0.635728329034254
-0.330231683073534
-0.0316714898878586
0.0213511389509187
1.26298508994373
0.00062951642806541
-1.27070776594172
-0.00030807028402371
0.347721112082717
0.925936349117921
-0.650510267875536
0.645811357460513
-0.000479463693935886
-1.54718276238079
1.26091398528212
-0.964488729202115
0.000160819325114125
-0.00752514341127348
0.606660679566706
-0.889440568157591
1.24543361119554
0.294826032371431
-1.25011543088993
1.25670262390926
-0.946138419362351
-0.320884555483851
0.0162458479463102
1.24418993388056
-1.26657253717781
0.98241711839567
-0.978557445080649
0.657264918729915
-0.669714824236876
0.637507620951926
-0.916743693292247
0.276188657297095
0.021625015688427
1.24430917375392
-0.000321438002234651
-0.617708318582671
0.618029756584906
-0.625379153447199
-0.65018537428213
2.87522146122493
-0.6544573978354
-0.601283309869882
0.601325405693036
-0.630922324680356
1.84530894016001
-1.50128601288025
0.936802648769845
-1.27838664954445
-0.27671658752387
0.927970379247017
-0.00928311914146757
-0.615774596303497
0.328632459364957
-0.342128278960304
1.26726020039629
-1.26990968635927
-0.275879784283945
0.888142620777897
0.328632459364957
-0.328632459364957
1.25011543088993
-1.24631015326934
-0.327334460136971
0.323529182516384
0.956868999354846
0.015750096997068
-0.00926486715466318
-0.301311262213836
-0.0264890697370712
-0.618286634791247
-0.282097331319788
0.000676112719849144
1.55626976119516
-0.0106504970406098
