1.57456986159236
0.00333572383675525
1.66362219804607
0.00753055906514099
-0.688331822361874
-0.642637379291515
-0.300771979978188
-1.6269098280191
-0.664537316444747
-0.011239200450884
-0.00470389563596625
0.653400360995606
-1.27753569393028
-0.00363048054509115
1.67225753108916
-0.96906487274572
-1.87160094583328
-0.296556670980914
-0.260093942946192
1.26304304205199
-1.32530051506779
-1.95215515601696
-0.920105022466607
0.277282432788636
-0.616493506750878
-1.26173930950182
1.26847930473852
-0.299986426771777
-1.3358546834373
-0.290873479358572
1.6296523545168
-0.00528061845792189
-2.55168282973506
2.5642118378345
-0.613310555136888
1.56055332471085
-0.976244971737325
1.26638169955417
-1.57684456407276
1.6268602231763
0.0176870543226607
-1.30085329027053
-0.289134970116651
-0.288512689199906
1.55931353005801
-1.92593600310183
0.0020692355143814
-0.658799793798503
0.653691750337935
0.640661556169093
0.00046671659461421
-1.58059244817776
0.662329957771434
1.92021982432188
2.55548289720972
-2.2528769986957
-0.348726502560463
0.667246623636005
0.654000080414587
-0.981499869859397
-0.285992831647792
2.24972492369462
0.985674661662095
0.302778400214629
-0.310582962617716
-0.328355715759798
-0.634390658025317
-1.27841951179417
1.60609498044511
0.647061365493395
0.00542125798816379
-0.306067739879411
0.007045056642508
0.30095372750967
-0.94969919800685
-0.634953449237553
0.305410803448733
-0.29429146948783
1.57013720655201
-0.643754686982297
0.0108331167560121
-0.00060600611866206
-1.00201402784537
-2.25491498844383
0.293165946472748
-0.000314757743628106
-0.595557488212089
-0.664771432651985
-0.307014302008731
-0.593954774139729
-1.27370482497165
-0.979119673484173
-0.673797730799239
1.00487507167023
-0.63506487319942
0.631558529017892
-2.2584961402223
-0.686543503901252
0.706392101547281
1.92857729728531
1.62398249675582
-0.32503814245776
0.649895827862519
0.64096258518901
0.293008663798312
-0.289971898316612
-0.0100565589489719
-1.27201055875676
-0.680138869826034
0.982656303456011
0.299527679753193
1.28448343470021
-0.309915666478145
1.61568199033982
0.353859367024498
-1.27676217100905
-1.27067595200695
0.978765943462861
-0.0189087845979244
0.639098480327658
-0.296584091205662
0.297533008423505
-0.621479328423583
0.651127952507903
-0.00945986794788611
0.00959808037732547
1.28039818187123
-0.983665671523345
-0.297239217771214
0.668599035250993
-0.0528892634904016
-0.000494083685876969
0.699463042291368
-0.294908046662749
0.333541206945796
1.24792546077406
-1.2847920681475
-0.640039296322522
0.630408746725533
-1.57773759151042
0.0143405364047847
-0.329293999527407
0.0153701223578313
-0.303470312722515
0.00628104340296226
-0.625163445435646
0.290867348243795
-0.310331564295357
0.951321448557005
-1.2451679624283
0.313338213216722
0.293498323729533
0.637625750742718
0.0146610217710662
-0.276760645456294
-0.306821793488427
0.598628956607733
-0.285687677448145
-1.23697321199333
-0.0230169835808622
-0.0214398199339578
0.0143375049661144
0.617407697141452
-0.0158970263868071
-0.608145872687395
0.619562080647001
0.010271102709994
-1.22081706470208
1.20910414061497
-0.632550007528957
1.26641180996393
0.0121234633730435
-0.318787751131804
-0.295810763968118
-0.00600649791807383
-1.88160016375195
0.588396766735683
-0.592250840567392
-0.320471592114036
0.314501622274952
-0.640624718978612
0.67115501660588
-0.944379912751054
0.282991304609801
1.26854090727149
-0.937557741092474
0.290545234674885
0.315460146194336
0.31023749394662
-0.611542856314816
0.606325955682917
0.0203669935582391
-0.0303102774139043
0.0356931789973305
-0.00964426374693013
0.589866493554347
1.84878188858563
-0.594290704529019
-0.660972053044563
-0.335166711984391
-0.00543997246544842
1.58010660933744
-0.644507589008011
-0.61015978134266
-0.611920761432115
0.295809885586653
0.970123171633031
-0.659564318480088
-0.595399820276873
-0.327530931764391
-0.336105772042147
0.0270614503244879
-0.315124748349253
-0.00317499662287303
-0.586275265219577
-0.618354680642443
0.577791591555269
-0.278427858493018
0.312449447514178
0.312863176744559
-0.308450068857086
-0.0199937385102236
0.632922314922184
0.292648876074645
0.294154417904308
0.340676544672232
-0.973541447382513
-0.275833566530759
0.607970544741733
-0.289731752062253
-0.0176456852962466
-0.0265894678259349
-1.24969206390024
1.25236604183119
-0.953690174809921
-1.85913105601926
0.00268773598323999
1.20138809714149
0.0159876699391456
-1.22139745718154
1.56564078586602
-0.967414669992062
-0.319272937975861
0.33143315154815
-0.914779936722451
-0.0122733026457687
0.594377544196292
0.0203149998831946
-0.0135491083881019
0.00582876248663486
1.26112072188432
0.353276049003221
-0.630367504596739
0.610783814329333
-0.305396975917726
-0.925724593966144
0.923520525096551
-1.22797406155322
0.0148555729305261
-0.593595670543981
-0.306025382423011
0.94979366196197
-0.639660162976874
-0.592850512160014
0.315983820186402
0.604691829524916
-1.19874587181838
-0.0118761687438937
1.23621064406313
-0.616441280996066
0.620567587367587
-0.614353114259832
-0.309332512733803
-0.306584332643
0.601835794922275
-1.58508509801956
-0.268234715550328
-0.935908816247899
0.599353178255336
0.0
-1.55930397154953
0.293635222475833
0.30370306867503
0.0192863243530883
0.620549325955877
-0.316061228505109
-0.321739843063544
0.274680297877975
-0.607439977133775
-0.652322492213556
-0.0248584382886257
0.641514821732846
0.274138369744182
-0.00219806153739037
0.022145631208447
0.59667164149155
0.321098884810686
-0.626315954469079
0.334629976621797
-0.592374841625753
-1.23786278547263
0.00151992146898656
0.601430541294521
1.27938514180673
-1.85494286588011
1.2246400683956
0.0254753624943274
-0.0362032620353963
0.0362032620353963
-0.663154847275119
-0.287356502989879
-0.0254953597775877
0.0427940590674894
-0.0168580741489211
0.0140308540067739
-0.297746260794593
0.920097217438697
-0.938053562316597
0.966907241455097
-1.25011543088993
0.921481354242457
-0.307374121833526
1.2045314762971
0.909357700051407
-0.615397707831
0.672204329574092
-0.0402479885100773
0.576015276382535
0.688634283804518
1.87428453356312
-0.61724546370221
-0.321935262042749
-0.315189577310055
0.946892261444087
-0.622517685038843
-0.624711159308433
0.623294164947566
-1.22618312039918
0.00220315854757086
0.595099203170796
-0.0004884743051268
0.932381259145538
-0.911489482899274
0.305735518138875
-0.612892786076739
0.626465633086013
-1.56989373542436
0.00245816844228196
1.90078082598533
-1.87706336597001
-0.00656348621840865
-0.0228811104932517
-0.625101645342162
0.00963180935001884
-0.308098642364367
-1.55468937168702
0.647828108992912
0.61754890935794
-0.32960442969175
0.624195791332058
-1.22296029202485
0.599632429874923
1.25910531719424
-0.31464589478162
-0.310398807095074
0.604799296994644
0.00294975832437757
0.608772764716799
0.00329045382317682
-0.026297767419513
0.661348971490175
-0.975747568745696
-0.587166807670853
0.622701576888138
-0.0193981872420899
0.619062292675407
0.0287658163175043
-1.25011543088993
-0.00868208937628658
1.21808913802045
-1.22076841334591
0.292083399195045
-0.0179330409090043
0.0298157564423328
0.594698895532251
-0.632658406343853
0.607948764756812
0.300450908966414
-0.320097370534489
0.296534763839845
-5.28805895332876e-05
0.333091896471787
0.28991560303842
0.00551246886332878
-0.631183876565039
-0.303382068598743
-0.600032648108183
-0.0814661275808214
0.699820808223265
-0.0110584621534374
-0.303744200899098
0.0118959976915276
0.0131446029718261
-0.00398412086355124
-0.00337220630585728
1.24624385331706
-1.23945702874529
-0.625943886515412
0.0349488223604029
-1.22718392432147
0.614461357760931
1.25841428493421
0.621104357466501
-0.615064226819267
0.59968360641761
-0.658234412864785
-0.314575304160249
-1.2322100145752
0.277521800821554
-0.00601841682005088
0.31267499500681
-0.293338334252223
-0.623111763623107
0.93721391066888
-0.636130203885133
-0.92202977241694
0.616033019110793
-0.926986803449461
0.609269255525592
0.594539938705901
-0.618779033493585
-0.608917870905441
1.26010891951563
0.666045368095167
0.0322032543978664
0.592463917038444
-0.626361835942515
0.647959178357686
-0.00360334664891556
0.0262246939277113
-0.0072733795773123
0.936939005837413
0.0
-0.00270110802416233
1.22455679786723
-0.917175572990156
-0.0195566208882911
0.324202382996716
0.282172913357842
0.666941789760285
-0.657143656698433
-0.0124946248120518
-0.00131297536524726
1.78326573696565
-0.297122884716457
0.605460959598442
1.25841697539381
-0.00310087232428488
0.927389089338638
1.24536190818839
0.663034927732057
0.600199909022307
1.25657288721024
-0.337026724282078
-0.0127769049222494
0.954190439053533
-1.85450224073913
1.2154645859876
0.60501150508979
-0.280785777944086
-0.0113848544969066
0.00251127814171092
0.989107346757169
-0.921087096501379
0.313776198005049
-0.0157443819734987
0.013382757686058
-0.0113002933512461
-0.02625025281205
0.0394947876805856
0.295742029513177
-1.25645978307419
-0.603145608471574
1.27650314417891
-0.966059055295466
-0.610912288977418
-0.925108408845026
0.022109973914093
-0.00990836694529862
0.295138295423743
0.641078261150805
-1.24038617105198
0.643106961878669
-0.0312138160372464
-0.593843899407718
0.602310380107901
-0.30163242717293
0.595178965391382
-0.2959088132973
1.56007419132683
-0.655521418954431
-0.613849095511316
-0.284974734907276
0.912830427640177
-1.88052210064103
-0.31268040250198
0.0121818943281352
-1.74360276653953
2.07129729147955
-0.622396330238719
0.00231069056320276
0.598527124003809
-0.000676711367510209
-0.604135334262304
-0.271222892262151
-0.615456701101375
1.24911606074096
-0.299949108918256
0.303923564905686
-0.0169820068462689
0.28447162515622
0.345047913181372
-1.56517006307863
-0.0172752672111773
1.27081591416717
-1.55194298393693
0.303868707859186
-0.315473337842921
1.27351141825498
0.642675453756154
0.609584362053055
0.276884892104741
0.353157338205061
-0.926839875605375
-0.0113733798596339
0.606166014575034
0.00821576098122347
-0.29770329641945
-0.603975225780868
-0.000997973364471658
-0.307532203511871
-0.303276573323855
0.588909740856703
0.638263146773677
-0.303369562785457
0.617326442296661
-0.287310340570103
-0.29411163952698
0.595013268955908
-0.631281094096627
1.55807117379924
0.618354680642443
0.0340159497782064
-0.678701268954785
-0.583687464580912
0.579619112077983
-0.578969688044109
0.602414508185437
-0.594497763888191
-0.310600077453089
1.25220878279674
-0.415931098297859
-0.335393413306966
-1.56995241644683
0.965271688997318
0.00989923035328968
-1.22826051648126
0.291733402278224
0.00926732549357815
0.320771815125648
-0.932708325916005
-0.0130449582166885
-1.21973977094253
0.266571579570028
0.0
-0.0122416086164944
1.26835735144242
0.0299308546127819
0.32045504555914
0.0128706798024496
-0.613979316266354
-0.618938407515062
0.0235385872381893
-0.314759751813841
-0.641099555572519
0.355701930228562
0.288116322710966
-1.2434319236522
1.24313867556865
-0.297160455143237
-0.339592377643197
0.629661895729665
-1.22686632179249
0.9422771601575
0.631458872573308
0.945796090678738
0.602873892366415
-0.61770299563646
-0.333504582233543
-1.25098219025935
-0.0169560678276144
-0.610644214385474
0.00371450618369419
-0.0191697824186118
0.915165100393323
-1.20134567244271
-0.607557371156822
0.0108598127970747
1.2340083052967
0.0184156060443152
0.299162354856542
-0.319657125314881
0.292047684238876
-0.31323997087988
1.19724258147677
0.652800485688672
-0.327827393598461
0.939426282661901
-0.0458131741722868
0.309450347004761
0.620173348294802
0.00883481765038728
-0.0149817626588677
-0.585370047092582
0.00385120094935552
-0.275530983544642
0.290424301590811
0.627130640822942
-0.628437487327283
0.654109251638715
-0.334540067093572
-0.309725630783878
-0.321005991119869
-0.00835324728072624
-0.276490494611884
0.283146974337049
-0.00486334837419002
0.305954703379765
-0.9353373763306
0.942231445886573
0.0307851827609043
0.618566360771523
-0.000581201226517881
-0.615666898036144
-0.621166738182088
0.610838770205137
-0.290357966777241
0.00457098382614247
0.633152296578662
-0.922842460559858
-0.00152216291901881
1.21546224712864
1.2142865240559
0.924056963406056
-0.610960413996205
1.22200448161702
-0.616556536484148
1.2577684501878
-0.641988967133648
-0.593565768394903
-0.603352781374217
0.920798381668395
-0.617246364078487
0.61286329314385
-0.608790546793238
0.616873739504476
-0.60919042142835
0.608066315770252
0.328274277686454
-0.330915205738377
0.960868646489324
0.291971372179093
-0.00440381868529148
-0.0176166104535525
-0.00242138901817544
0.278721947474251
0.0298520726903517
-2.62884999980352
-0.0279767565635646
0.00662828985705166
0.338565765804412
0.623569423111638
-1.25314464954583
0.278810112544465
0.0239092005067745
-0.611133683058461
-0.316447038604043
0.0377912410443467
-0.016698992929612
-2.1575563351409
3.09452220740549
-0.648792792880181
0.345452183843067
-0.647309948838712
0.919360044099884
-0.59143021170675
0.604681042193684
-0.624763762365757
-0.0239151133146813
-0.30620774272317
-1.56331654706065
0.618651649293192
0.00168895768140375
-0.944764827995566
0.971483839187431
-1.2524803665904
0.302724850125406
-0.672064235927913
-1.23398482291893
0.617800338654224
-0.602310380107901
-0.338625947990655
0.298671732242759
-0.607873893245016
0.281042956617075
0.0041059171558666
0.0235412056451079
-0.311205495103042
0.000258278967673723
0.911142352496204
0.653551158547008
0.000446741407298206
-0.644390186187129
-0.621233349710913
0.308996528532151
-0.33373613287075
-0.0196443914708636
-0.278424733036978
0.614185926739015
-0.026156379068076
-0.26588308032605
-0.00291028380920238
0.293421110073497
0.630703486426367
-2.50837810016114
-0.587645711991183
0.308436626163037
-0.00277481058062696
0.917092896964771
-0.621807793621231
-0.606702661533602
1.22702281913221
-0.308488802283309
0.587012034537306
0.31711404993585
-0.0331580636005977
0.015652317126019
-0.319693733282164
-1.54577898271825
-0.00726873638134362
-0.300492605463009
0.303529470013202
0.291782323634981
0.628693381728277
0.0067701959894378
-0.935051924547256
0.319059953456245
-0.0337783635156909
0.627870292636386
-0.303118087198556
0.899934901836296
-0.917428606372419
-0.291201388841751
0.296335281553131
-0.289001949887955
1.25731092516883
-0.9494066239944
-0.32455202305306
-0.278721115782045
1.25829337082357
-0.960874742991292
-0.280836097183222
-0.627738357575837
0.628666878035958
-1.21823508991622
0.613718678474439
-0.32492006616321
-1.24663258802547
0.290682821699234
0.638492782761254
-0.00293221465864413
0.000135332165138699
0.966870340926947
-0.955264959457118
-0.00261840805429194
0.628338962044778
-0.299222352791747
0.598987920782982
0.60101679991414
0.0136155613011857
-0.278731471393549
0.322279315230336
-1.26856681344151
-0.301549761785154
-0.619960405068651
-0.0035144538992623
1.56413476786285
-1.24519499045436
1.25284573234689
0.904240894674087
0.953170754704848
-0.599184898223832
0.621685509139107
-0.00623620824340074
-0.328235216118408
-0.64034846401036
0.00643430396796055
-1.55160564948854
0.296086144085015
0.303933356649024
0.6107608817023
-0.619304985043927
7.95078983877708e-06
1.26654785145892
-1.27144898054507
-0.300509620671606
0.299876153744964
-0.00192027617181294
-0.282700760897866
1.21887014380896
-0.282221294920203
0.00326276904709276
-0.659116110385122
-0.901149071766956
-0.290763943932156
-0.634498354282977
-0.629006604116478
0.622849074836769
-0.353087152481584
-0.333677677255158
0.609616676906113
1.56828918849895
-0.284069450958727
0.597038194054392
-1.21551530606908
-0.0164600267971685
-0.00253286585895254
0.00395485733482861
0.284246255420507
-0.292394860473196
0.00878374551834844
0.923377077946858
-0.3216969491055
0.948934863700987
-0.921482971524972
-0.635499055252217
0.307016201776279
0.0228025676774948
1.22040230338141
-0.906079881622488
-1.24319661567368
-0.304136294430298
0.904766373566322
-0.581105344215799
-0.0225006109152755
0.630627983288212
-0.0231127216398117
1.2555285464504
-1.85212441906607
0.301695277395535
-0.300341363782499
0.602310380107901
-0.606686133274583
0.932285742108709
3.51817475782604
-1.20340908880666
0.300328770454723
0.649641121530391
-0.93049570068743
0.325381413122119
1.23448848631027
-1.86403323146239
0.93173922145851
-0.293699933300622
-0.647828108992912
-0.602118298634681
0.327745246801968
0.293936449682321
1.24580152091913
-1.28012875215277
-0.271528149594301
-0.00565282671604718
0.00180566161600406
1.23770297726532
-0.0130036194394029
-0.612692073071685
0.314980312916685
0.0001559229701239
1.55135899973592
-1.5658102653383
0.0124062463101568
0.581692893153696
0.320404026156289
0.286980615300849
0.607946545753441
-0.627804695568342
-0.95202237974289
0.0110347681946132
0.612244456869271
-0.00317499662287303
-0.306480403223576
-0.0206110857979488
-0.631309309037892
-0.617341325924867
1.85136491330549
0.0451441538638991
-0.0317955141906946
0.0250924793881736
-0.634172306972199
-0.941641075338129
0.906688502400869
-0.00065581662145994
0.038910238087471
-0.301318199260757
0.0204666861289723
-0.331703040967639
-0.290688565100211
0.327827393598461
0.627750688851676
-1.23315264153835
1.2573428209511
-0.597899624123553
-0.00804793696703196
-0.350993687193948
-0.925273882106538
0.28928166850954
0.594955864562617
0.622430300648859
-0.631885316794185
0.669657311691537
0.627791646251698
-0.601710910558957
0.910723948060054
0.00835632039513544
0.0211508434058727
0.650930532666097
-0.622261143011378
1.22988515043515
-0.641107273880695
-0.606619953358326
0.000757961802338888
-0.933258258118468
-0.31212201041622
-0.0106632147974879
0.617517261559324
0.339861928575325
-0.326235172109605
-0.337132982388246
-0.00224633462067461
0.615606712350542
-0.600894898064785
0.304010690151046
-1.85726773002016
-0.0243260374424791
1.23921203435272
-1.22845350518593
0.606090424760705
0.324088489410329
0.897987389104988
-1.8226228013472
0.616624615503951
-0.310576129368499
0.623938452049993
-0.299540909931637
1.24215950356286
-0.329368344469865
0.626384133021208
-0.645573972487206
-0.610967339205553
-0.307575520632027
0.917958761267374
-0.917958761267374
-0.302830340841899
-0.0217103485843647
-0.625052300931347
0.637693664820243
-0.00452263103429399
1.24697537636578
-1.25333491517661
0.280164264221564
0.653001637168794
-0.636241456227743
0.0200837399119065
0.309247799548984
0.304736838759362
0.0038618070500563
-0.0178130943715489
0.00307628007721736
0.028853343098505
0.9189681694895
-0.334672187450882
-0.013495421315866
1.23183094737877
-0.00101597912129901
-0.0100746856044299
-0.281945801702646
0.310834408336172
0.942275014542863
-1.55733924136213
1.25011543088993
-0.975132014929354
0.975132014929354
-0.334072431830406
-0.629307548349869
0.618436433125124
0.599162699778894
-0.914199478983538
0.0101223036475252
-0.324683880559272
-0.00306528417036217
-0.967537162468236
-0.913405056460615
0.289706931871574
0.319024795535965
-0.326983686826548
1.30839119360571
-1.89334318707666
-0.0136312839248196
-0.0175615622239908
0.923677386955079
-0.294814107549843
0.0335468172974287
0.27311501088786
-0.311948648095435
-1.22782386903753
-0.000649424033874043
0.608883980864101
-0.614786581724849
0.603226547820107
0.646307763064845
-0.921184777848214
1.2676848592693
0.281163083307498
0.66217480262614
-2.89369040094505
2.25538815063155
-0.0122830275909519
-0.0104567328027623
-0.288731574085568
-0.313263022837288
-0.312277018204889
-1.21228696701683
-1.21774674402747
0.587912156268888
0.0305014796324242
-0.607831672787337
-0.013805981018394
-0.281684485042241
0.638161310234793
0.33304843311456
-1.56056039506687
1.254824876928
-1.95694072771314
-0.91350175684354
0.576717963955863
-0.0302493165581345
-0.29610368032744
-0.924096735988366
-0.0237194791524449
0.32645997078351
-1.27104519686115
-0.613301584283762
-0.310315353955973
0.291660910888826
0.0323789382492876
-0.0251227715621526
1.56976917863944
-1.28220748177416
0.0205614571068705
0.318267127529215
0.0
-0.337026724282078
-0.309291752787211
-0.0234030648306422
-2.21588558527799
1.61617542717283
-0.0264189169002813
0.3430894476411
0.619536911700968
-0.00819435204937056
0.269915571358351
-0.0255046136104452
-0.290865718450838
-0.62090222635626
0.231360918638822
-0.231152906983673
-0.291005370485339
0.303504153363942
0.298175963393255
0.307278099017005
0.331206380644203
-1.56745617979368
1.57234355964208
-0.64019686288674
-0.00941571093325083
-0.306915254635895
-0.312217213258993
-0.0111413226172385
0.0230909481242746
-0.308180659153703
0.297560000963594
1.24153229482964
-0.324909789382473
0.322124080004527
0.619985194834573
0.0243497420385374
0.00458408128443838
-0.0115458123459622
0.95480523804202
-0.910868070275869
0.605377922716639
-0.631975332017033
0.00812482214891283
-0.324719214210205
-0.598362981023343
0.592850512160014
-1.27894113414475
0.651467176091272
-1.23655675038151
0.00896408720147465
0.0160673587454262
-0.62670792792317
0.601203759440741
1.22338265108607
0.00058363982114955
-0.295491255467869
-0.301164534312732
1.20719388892142
-0.57584214751534
-0.311535757876959
1.24866077300565
0.0106515343523174
-0.91776351602542
-0.0067630134662582
1.24368122167114
-1.26798954171973
-0.593025647763919
0.312351163681874
-0.583350389434774
0.022938264347026
-0.00415715395015964
0.294435171869521
-0.630706985590289
-0.34687967329032
0.652795966489177
-0.629351174110077
0.937924069986529
-0.666603499639436
-0.290178218654258
0.622895048535764
0.300642982961532
-1.21687174409353
-0.00901053359867593
-0.304002767519306
0.674564153939564
-0.966463017898
0.3281607675845
0.602491615107294
0.298258555606531
0.0100133096703336
0.943681068286724
-0.303446716459627
-0.0347474919839983
0.316852786064669
-0.328922078953954
-1.25714931170134
0.310570007007774
-0.0216628527434937
0.966833737433552
-1.55434524937302
0.946643190898537
-1.55068050080194
-0.007482270776061
-0.580523593216784
0.281468943855079
0.0162598966048977
0.00337220630585728
-0.0401951279556884
-0.282847843406451
0.583017842859431
-0.00171183206261777
-0.91641045091458
0.929038733267177
-1.26593305721968
0.622681603160273
-0.00254283573117195
-0.609308112872284
0.613719027520956
-0.617234144657536
0.0130065172148047
0.623397409861343
-0.0333841627218318
1.87361128629719
0.323680916760083
-0.934309872465165
-0.00845561508079492
-0.916702472432317
1.27882995172403
-0.960771632255779
0.938036420080432
0.311971412046731
-0.634840113814817
0.0254606740555874
0.283759603599325
0.351291600471337
-0.644848873746813
-0.91702968545663
-0.00956872927370365
1.56156046717337
1.27339057564878
-1.87418723417614
1.24256851242398
-0.303346935330739
0.969958431762847
-1.29844901093004
-0.597194579765361
-0.00415690446399324
-0.652468548772923
-0.0027466586772919
0.334599172743146
0.944379912751054
-0.0455177288850112
-0.932048894527199
-0.307912638118966
-0.61631712108066
0.32467844544734
0.290078017130372
-0.296917222173743
0.645141455356871
-0.612337347435149
0.587005472828164
0.648171412679381
-0.941486879568365
0.965435958549424
-0.645520320425085
0.645520320425085
0.305735518138875
-1.56122655274274
-0.309712553950694
0.900841895239727
-0.907356022971527
-0.321201539364316
0.0226866981986153
-0.639625363075949
-0.602074246026171
-0.000659230810368017
-0.922453698121732
0.286243080989637
0.341489074769289
0.00950360600139991
0.324787405259246
-0.909147979766209
0.594469743345996
0.0161005109446765
0.00784425506450025
-0.00163548034613602
0.328318540078745
-0.619678417486075
-0.306869843515028
-1.27628393030155
1.23631067342003
-1.87421873294166
-0.00505054785444182
2.30143045453724
-0.617772157114451
0.281244711535071
0.603546692999015
-0.307009979662293
1.2214080965764
-1.22531873971786
-1.85737145354964
-0.010097278037477
0.0154468181465263
0.630938303456172
0.944793563727095
-0.641786772920867
0.00847397856595954
-1.25558654598604
0.332202651060884
-0.315316375697714
-0.0136531173820075
0.602268021479065
0.0349373341799495
-0.301528836747485
-0.306602788819844
-0.32461868059011
0.310826495603928
0.0049855671926079
1.2103495493093
-0.280426125189819
-0.310149751262148
-0.928757585367609
-0.295036517173449
-0.660496417430412
-0.595481735172823
0.296353034382093
0.318321181693113
-0.0215022659129571
-0.913753388184129
0.303262011671893
-0.00800601184591137
1.27966495149505
-0.65188275455822
1.25932273169199
-0.00969517666449553
0.606789869393537
-0.35013938938717
-0.626003018025375
0.0181622887191082
-0.305319644496188
-0.612063107280279
-0.00211552934705399
-0.345089565652839
-0.316207213159997
-0.288140699142123
-0.00919467894850291
0.332576244710931
-0.0361906441652396
0.335800134957245
-0.917964171434449
0.0
-0.0138900978759659
0.918134858531146
-0.313992622108161
-0.0153190434988763
-1.25733967112991
-0.0234963358914587
0.650945544192496
-0.023409887660576
-0.278688826875299
-0.016457106287882
0.612028025496638
0.603522395040957
-0.313876770784314
1.25046539746923
0.632242423808293
-1.87297255866912
-0.0155339352751217
1.59048201415566
0.924164560808412
-0.294768013319014
1.2562916674288
0.018095955461911
-0.341625418544573
0.91271323012169
-0.615579328825502
0.00528465164600951
1.86943406642031
0.000103704428379177
-0.268399608245831
0.3016091641469
-0.0126018380755884
-0.306411707558036
-0.0132827192397349
0.346864638351217
0.335779303593972
0.289907840701357
0.335149874743608
-0.930128950628404
-0.00434330818455448
0.291513396631276
-0.00326159307439178
0.018833127892391
-0.605675563456695
0.316962976930477
0.621137509520836
0.93283322650086
-1.24298297776301
-0.0338611261239324
0.32239529496622
0.305196897501623
0.00416110552703147
0.626724712702362
-0.316630180798777
0.653997899954306
-0.967414669992062
1.5533119496277
-0.956186147015791
-0.613147683335737
-0.00346110184604238
-0.299087849862988
1.22327241747342
0.621685509139107
0.0185311176160586
0.620118213056174
-0.00509012220143529
-0.62129896464599
-0.312274889712515
0.0173364517014975
1.20904471712713
0.655347804504589
0.297575734076932
-0.601327407136548
1.57665551047729
-0.976631411656622
-0.349894663162771
0.983143705743583
-1.25443154186672
0.938522240227543
0.337466007883518
-0.950758918421577
-0.016186638908627
0.616600472412552
0.0124139754972788
0.608987049420678
-0.018876369529463
-0.29686273008286
0.644689818355719
0.00130961338852831
-0.934385297247774
-0.00130509442098064
1.20675785510594
-0.916870464370404
0.317141763175837
0.00345432735913208
-0.0257094040092293
0.0448791864278412
-0.615141462644217
-0.615897154042706
-0.0157868372436644
0.341566409933814
-0.624386130228777
0.311697149621821
0.618168016846839
-1.22812253961696
-0.0718277234828858
0.636989535309633
-1.55234870255135
-0.315854934361936
1.264428869539
-0.942919069590556
-0.309367337756512
-0.00146792756969729
-0.00779782676639541
-1.90663386399039e-05
-0.307270524770065
0.315641787608907
-0.015020735275891
0.0113890868635301
-0.617962476071692
0.00547120474211054
0.301319567797865
-0.276563639172467
0.28141965211982
0.591126172730555
-0.934419833638608
1.55047788630041
-0.0214775295066326
0.0174019651239412
-0.0331393838885479
-0.318512083815063
0.637068343113143
-0.0192067583547982
-0.611534009154887
0.619378339804799
0.62992134793728
1.24761116515038
-1.22183056073091
1.22733325254336
0.640150125690644
-1.27444146833241
1.23916558882797
-0.64804810495053
-0.631288327048554
-0.341299001603561
-0.287361647474031
0.303964991691493
0.617301798766436
-1.21859891000919
-0.64725806361185
-0.294162273900206
-1.57436902003574
-0.613069355612182
0.615470093772548
-1.22172596012621
1.86279767093781
0.603977082464108
-0.318639884232384
0.329562418237148
-0.937072096526521
0.0209161781624733
-0.312306112149493
-0.000752891254680341
0.00145465788427478
-1.23631067342003
-0.63085638811169
1.58139100140272
-1.54971951151486
-0.963184988586317
-0.603120324212994
1.55575964216209
0.642208048584277
-0.286687255235021
0.297456916977307
0.639179998166233
-1.26214505424866
0.6298918445248
-1.24178725341937
0.302643490992075
-0.312606411618564
1.25159590697765
-0.0246718948962272
-0.328067855221843
0.337830969486605
1.56369691889037
-0.300801431115716
-0.346892183087872
0.0382502334379006
0.0196208305507197
-1.21927681536266
0.594158179699741
0.288962409324824
-0.292233040655992
0.920157920112364
0.293904410124936
-0.924661796069895
0.301330769291714
0.302706299482969
-0.619910908466704
-0.299782649301024
0.27885833424592
-0.574473956210944
1.21958513326266
-0.614159520728451
0.604239599023544
-1.26737262922659
1.26841623768766
-0.931836842044917
-0.317794802651005
-0.0190764378229377
-0.29616645436867
0.285823603573725
0.914005683093847
-0.317200227780627
0.944569760286798
-0.020745274022369
0.965125186773423
0.987712731814576
0.338477319704275
-1.2182418472914
-0.00369337828903683
0.0041743151657189
0.00494906837888364
0.0217728071607915
1.25232300118367
-0.969677155731711
-0.580042355783149
0.615064226819267
-0.029991810020955
-0.324189405966785
0.0013031059344177
0.0139382104741457
-0.615303643959603
0.615303643959603
-0.279406951032934
0.650138157220014
0.628443759260636
-0.317039449860274
-1.27875043367327
-0.0483468740583913
-1.20176855683154
0.636710053918148
-0.0464795558255442
-0.652565937002603
0.654020594886878
0.327144974351827
-0.343490341944263
0.908386467828641
-0.611145374610216
-0.0215501518204937
-0.291719124816741
1.27549097616456
-1.56602133073842
0.280601600162029
-0.610282141656804
0.591157530189275
0.0132046786884745
-0.00845394211812182
-0.001747843001557
-0.295323371764422
0.0193033001238173
0.661917737597677
0.000361540435925546
-0.325334096984297
1.21662998485328
-0.347403353151207
0.0213775580426236
-0.614430048516775
-0.629291118057145
-0.640520613987517
-1.23499965738376
0.294638013367521
-0.274060607876356
1.22229935203868
1.22698698873368
-0.63156997627497
-0.948955012454681
0.0156775152513031
-0.00763827508099614
-0.00458162710284664
0.605623007929281
0.591742535008161
-0.595073363504825
-0.931315880476058
-0.65994092562121
-0.590174505268719
0.927049774020317
-0.625582112134455
-1.92003278654582
2.86868055554989
-0.928160065604843
-0.606083591525543
0.324536939775284
-0.952784735120898
1.55479572938919
-1.25992725244048
-0.606089270593705
0.619315710410175
-0.618993120809896
-0.588850831184119
-1.86216637880655
0.295636276245155
0.92821559923942
-0.617440964492336
0.662571264643587
0.0
-0.280057192483988
1.26108832809467
-0.97042664747983
-1.21264538517146
0.924728361283871
-0.922909780633306
-0.299719703270352
0.609103937446317
-0.0330035171174263
0.602518904515816
2.42743664470918
-0.0278751574724667
0.582341096148307
0.62070739337492
0.00641797548016885
1.25166461749118
-0.307043489725843
0.933009764960043
-1.22302999645081
0.000150656369461383
0.620445564124243
0.00509637643915541
0.310149751262148
-0.315137090472455
0.297603624517985
-1.22800653313347
0.318130921170725
-0.29926749147246
-0.628826392726828
2.2236975975081
-0.919003393241213
0.328454801621112
0.943983746713655
-0.978949529983005
-0.280162425356468
0.341717359346982
-0.0456639755229815
0.674093897273803
-1.25011543088993
0.306777544956291
-0.0214847559801893
-0.602583881143005
0.00752400571263765
-0.301860584278316
1.25582350141418
-0.968143287109794
-0.00211331917790183
0.0340408679043014
0.914321150968779
-0.30519950995929
0.656491110430627
-1.27506123827443
-1.22944452529417
1.20893316004545
-1.23024767305866
0.306459250272185
0.321205437317392
-0.325365440589349
-0.00458518361675431
0.296040193484862
0.649609784143017
-0.617865446648288
0.898300219608281
-0.649805060903079
0.629720528383951
-1.22360068611574
1.22418751723714
-0.644792215895975
0.930172458547076
0.938601038728615
-0.634643129027063
-0.308085768720653
-1.85182634144889
1.85850329265409
1.56311921721941
-0.293165946472748
-0.965769671383179
0.32802012724079
-0.350937281699301
-0.578476945706838
0.580380054183146
-0.585916904778386
0.31811991635906
0.924607989786249
-1.25316384571182
0.631045610608936
-0.613422607968978
0.926287414610024
0.306963220168874
-0.00935959565088844
0.642743802464153
-0.617360866772617
-0.947732074220776
0.620154798004743
-0.602739335109405
0.627284106151955
-0.0303072559584006
1.03344673123076
-0.980949747124752
0.049813525890961
0.639387308425841
-0.33174630205621
0.310543959283421
