-0.00927469029072764
-0.244349176981712
-0.239613517197035
0.237409588369681
0.00246938609622538
-0.00295766976287863
0.00269221249400673
-0.0
-0.0
-0.00335904889417566
0.00494194038096762
0.416759166654916
-0.417685812582773
0.419151410736458
-0.421264427692321
0.000692899234193644
-0.00470492285507077
0.00313179061259351
0.00273789158400521
0.17334791003136
-0.176748206131733
-0.00135111661429822
0.00135111661429823
0.422179832831585
-0.000451494863574153
0.00372300163148261
0.00229466996074175
-0.00958961191434825
-0.238152027206904
0.242175462392602
0.409114634705092
-0.406744918653447
-0.00547978090562974
-0.0
0.00639913075628894
-0.00171374144909238
0.243233337597887
-0.00120444208167139
0.00449709351130986
0.167932672421545
-0.00876216293580074
0.421168499821889
-0.00480677649312088
-0.0
-0.243479964414794
0.243479964414794
-0.251655422959274
0.251655422959274
-0.00645682666152222
0.428762402359272
-0.421643171181381
-0.000662404516368142
0.00313751154742521
-0.243795316070384
-0.00553020468135446
-0.00162830440028588
0.670319489269822
0.66796869629009
-0.415731031418294
-0.251651953542682
0.246524661703639
0.174784395703367
0.238396725054566
-0.419435917542396
-0.237915722350013
0.243479964414794
-0.00310939224215873
0.00390378384059192
0.00290592032729555
0.420743977993736
-0.00367532532780884
0.0072774765750429
-0.4218828594607
-0.00957016333104585
-0.00108083764071547
0.0154269313824286
-0.00681991273114937
0.00327150676790846
-0.0
0.416096266059896
-0.421925965393549
0.00701612234466897
-0.00145188027988838
-0.0
0.00275317824143231
-0.00553513139898773
0.174343004641037
-0.417550132897245
-0.00172635507536749
-0.241885907201442
0.244800671845286
0.414115438555005
-0.413849981286134
-0.245066129114158
0.409643716949382
-0.242175462392602
0.65853718572137
-0.416361723328768
-0.0
-0.240886772905718
0.239311448452506
-0.00385610612527913
0.000638818177308992
-0.240886772905718
0.405790989278701
-0.40970488821827
0.246645102408498
-0.403714558454706
-0.00818215779879787
0.411896716253504
0.404139014151507
0.00216557796638961
0.00210532782530228
-0.00172640314638043
-0.0113412869787767
0.0190213983930005
-0.00805903609314569
-0.0079592916341965
0.182461212992167
0.241859801970797
-0.412319810429183
-0.00404191289958483
-0.248249283614008
-0.0
-0.000814917167765903
0.245615589013052
-0.242175462392602
0.484915954383376
0.00468538930719656
-0.0
-0.0
0.00184443056321182
-0.0067499338341891
-0.489601343690573
0.00224628477376263
-0.416361723328768
1.32232479034811
0.00793577163765788
-1.3481102874237
1.18347180100847
-0.332898628913008
-0.0
-0.85361912169595
1.34903857488934
0.00297752709544843
-0.00398886010514455
0.000885441247267069
-0.495293561430961
-0.845800728960452
0.41427125381576
-0.158975396184727
0.846639819092202
-1.09177315906416
0.483357883514123
-0.0771586778444263
0.0440020134796143
-0.918382365557989
0.961922111446559
-0.511318701131828
-0.450519892878062
1.80040607943408
-0.00706889547011919
-1.33832200966859
0.261540341321524
0.843315272419273
0.238400116413245
-0.240816483630501
-1.10612547245728
0.254938991919982
0.59746789999177
0.492096820874629
-1.3451108435154
-0.451038978884432
0.957858650083994
0.00157297210831554
0.836718200207519
0.00654456315620753
-0.247395370297346
-1.09746677447147
0.421036624332321
-0.155427797674795
-0.252111512577085
0.0203055497468565
0.468148394611576
0.411369888592228
0.189034561469659
-0.58980091384317
-0.00366668063301311
0.593467594476183
-0.256134947762783
-0.0
-0.78264749506171
0.78264749506171
-0.843259840329501
0.41173036518481
0.499120378745422
-0.0675909036007306
1.35327745109836
-0.501886995808563
-0.0
-0.0
-0.852609495405124
1.10632807595065
-1.1418762426381
1.38103051255105
-0.24162683672499
-0.686885293035125
0.689357859847161
-0.253718580545527
0.2549336289815
-0.2549336289815
0.499855045395073
-0.499855045395073
-0.0
-0.0339078505137428
0.72044037728415
-0.675949255195086
1.33243420956214
-1.32678979742337
0.505400626683334
-0.341281061231331
-0.0660716528765778
0.766337337632461
0.312507488300853
-0.834690842704308
-0.168809674311407
-0.0103830815237585
0.930663784392748
-0.416528027064799
-0.508394843437763
-1.18048229599356
0.521900171800878
-0.0329756483599428
0.422947845799644
-0.499975652987076
-0.158898811710702
0.408164490631253
-0.677159614494531
-0.417049430328667
0.916319984432217
-0.420579457595527
0.600348186478051
0.00813120842970342
-0.914341755336805
-0.0155850067081133
0.683669689603369
-0.173093908332785
0.161428094347268
0.665076294113623
-1.08678294644339
0.653964781811819
-0.662954314677791
0.30991412604685
-1.37973334403908
-0.0
0.0622416414499908
0.187746185043547
-0.837386390060516
-0.00635389498979577
0.235526934254831
-0.705068740359942
-0.457514554562473
1.05653718529496
-0.244800671845286
-0.356828498867649
-0.483204183844713
0.657682643391401
-0.175271371083105
0.847885158611007
-0.668074642806106
0.667412238289738
0.64639240464468
-0.42424803285384
1.09338797056889
-0.245820493391173
0.241812987932012
-1.29530429643504
-0.0106902363137765
-0.491315085139665
0.24316224743888
0.244800671845286
-0.849116802596658
0.849116802596658
-0.0
1.04916936746769
-0.00104616421960536
-0.00118937253924005
-0.676526052207352
-0.658455010710021
1.09536754572034
-0.854355470794716
0.434609796906381
0.00408242612585835
-0.00872238782821479
-1.09047324783643
0.240810993329659
0.173651520996489
0.429439005631684
-0.0011521367763478
-0.8441663898161
0.415581957310071
-1.37026454864021
0.71251189693981
0.245777949947393
0.43669715450692
-0.490659218895858
-0.832723446657536
1.32738530343172
0.00324462400125663
-1.09461796737123
0.654783355141671
-0.408286002017328
0.00709203050448383
-0.853273408816506
0.841939132899009
0.244800671845286
-0.423923789528249
0.179123117682963
-0.184638333786398
-0.0
0.00105787520528551
0.245813790866985
-0.413820834697817
-0.84178282690679
0.351387091617784
0.495545196059554
-0.00134194088804629
-0.410935674580254
-0.247002914518638
-0.000162307005454653
-0.666950959607269
1.08996951804654
0.00891790870024042
-0.440447383844932
0.436081908021413
-0.436920205410447
0.433293987560019
0.232754452693236
0.42954154240728
-0.427381031810872
-0.238353907520961
0.671257821612382
-0.427479677434222
0.418867402206571
-0.853884578964822
-1.30613942880391
-0.664063634160991
1.09559310930568
-0.240886772905718
-0.606238396980494
0.856287201726893
-0.00803967981599095
-0.00162988117586603
0.00235190186011408
-0.00467968074463304
0.845800728960452
-0.182004653671663
0.00879563659826545
0.844823485097684
0.000132811486289203
-1.09592739557484
0.666355578456867
0.244800671845286
-0.0107353133138218
0.00706889547011919
-0.435973161162127
-0.239613517197035
0.239613517197035
0.489601343690573
-0.0
-0.843043337616578
0.0185020487578397
0.827425488892482
-0.0023539466604924
-0.849888916825948
0.0223816800629223
0.156172933346358
0.682376969340461
-1.10043260293864
0.241176447927017
0.415145057865411
0.190362715456564
0.252790577184916
-0.0106151147923146
-0.410371587508054
-0.000525665253594629
0.00823581681438713
-0.846615107516274
0.683495269529936
-1.63927910594942
1.12843925849239
0.665592045201124
-0.440935070851233
-0.666937602825658
0.674254899298845
-0.24949275886579
0.457674844479713
-0.0
-0.673209570251487
0.673342381737776
0.00403696141782095
-0.88698943911605
0.88698943911605
-0.667819230284553
0.669008602823793
-0.190838607456348
0.193463816909032
0.242175462392602
-0.0
-0.238355329957082
-0.19524072309737
-0.190116088639658
0.00415704742276744
0.187263543239082
-0.00262520945268448
-0.840071119659626
0.840071119659626
-0.835638211301381
0.835638211301381
-0.0
-0.423018558439267
-0.4145746053418
0.0022355367588454
-1.09333843885001
-0.00345598061272536
0.417979842394315
0.443944416386497
-0.663799582197968
-0.186696062715562
0.602576990631632
0.827450398797258
0.243479964414794
0.610503682384079
-0.675009439559486
0.680827549062303
0.00853384388542217
0.605049430045607
-0.6086384326859
-0.701442477606812
1.54856905173608
-0.0001328114862892
-0.836304228993252
-0.19215931488684
0.425910076023848
0.00118937253924005
-0.426147871752497
-0.679119243716428
0.679119243716428
0.00706889547011919
-0.853708714562321
0.411000539790568
0.435639279301634
-0.239613517197035
0.414132247564149
-0.246645102408498
-1.08933541944612
0.660029225300726
-0.409956125444411
-0.248214643766782
0.00897550685502667
0.246427891815468
0.243173451875105
-0.450959194182562
1.31236432618595
-0.0
0.417827585661422
0.438112229342564
-0.490395735289006
-0.632528324605457
1.11469303696059
0.430867070628324
0.443925192426545
0.000662404516368134
-0.000662404516368142
0.847050868762466
-0.849705868294944
-0.000397937760716969
0.00550358925527696
-0.000451494863574153
-0.0900224552239142
0.500096123913223
-0.0104947802226499
-0.835455563092617
-0.875863388221655
-0.833121384418253
-0.0
0.40970488821827
0.17821788659398
-0.597389835983381
0.167950830351696
-0.158483769180565
0.00105787520528551
0.406481435046595
-0.40753931025188
-0.0
0.158483769180565
-0.16139853382441
0.0029147646438446
-0.244800671845286
0.664046595207798
-0.426337953866996
-0.00993670101949663
0.0170287315239804
-0.248824893415798
0.234708996869858
0.42165520679782
-0.40753931025188
0.421267226599745
-0.429228623293912
-0.0603727203966605
0.48735505891681
-0.42379687271973
-0.416361723328768
-0.0090375512330425
0.412321992258894
0.0130772823029163
-0.418608008102531
0.411951172992032
-0.42466467727531
0.0157541806554741
0.415567331730335
0.416361723328768
-0.00224628477376262
-0.00441055033673584
-0.40970488821827
0.414892042866521
-0.414892042866521
-0.0
0.00518715464825153
-0.00518715464825155
-0.636986034058825
1.05110147261383
-0.0
-0.414115438555005
-0.0083913673449588
0.00839136734495879
-0.0
-0.017439694425688
-0.475298692484866
0.492738386910554
-0.00730923605482582
-0.237491435790461
-0.00953063489986828
-0.000322705531109267
-0.00294880123679918
0.416361723328768
-0.416361723328768
0.832723446657536
-0.832723446657536
-0.0
-0.0
-0.835192832753761
-0.494441193649173
0.493108335533969
0.420163967540197
-0.418160977964057
-0.241680709779505
0.243479964414794
0.00118937253924005
-0.0101587108251502
0.00896933828591017
-0.00696048425932064
0.00446500707526441
0.408471595674103
0.424251850983433
-0.832723446657536
-0.0107495034183973
0.0107495034183972
-0.0
-0.0
0.0046711848963943
-0.00305218375308008
0.406269063113297
-0.41433906084058
-0.58792277481225
-0.0103874428268292
-0.234639117366281
0.407765198599704
-0.163190133270168
0.00177220229406656
-0.0127080372559559
0.248606409155277
0.405625249376737
-0.405399361028913
-0.000676820249637328
0.833400266907173
-0.844031511946166
0.418847375540509
-0.408517781296794
-0.00249547718405626
-0.00468538930719656
0.00692092606604196
-0.00381086121205764
0.00157532445321226
-0.0
-0.00709203050448381
0.00709203050448383
-0.00860701865127922
0.00860701865127923
0.414115438555005
-0.657595402969799
-0.00754129721741408
0.255446294157017
-0.00822727673623784
0.400886411567331
0.411896716253504
0.00221872230150176
0.416361723328768
-0.416361723328768
-0.0
-0.00709203050448381
-0.482509313186089
0.480169403261509
0.00943194042906353
0.416361723328768
-0.659841687743562
-0.00109391500543492
0.00396945791021367
0.00246938609622538
-0.417460958318284
0.00556424206478059
-0.0
-0.00622058978692168
0.00622058978692165
-0.001126630429144
0.00112663042914402
-0.250016314525734
-0.00882241307688807
0.00882241307688809
-0.0
-0.0055642420647806
0.421925965393549
-0.668218619886095
0.66375361281083
-0.411896716253504
0.494752260727001
-0.0811418030244052
-0.660892666328819
0.835204983438473
-0.58792277481225
-0.0
-0.00202290784737255
0.00202290784737254
-0.0
-0.00179925463528882
-0.00507530909744269
0.405933690312746
0.00848018367186588
-0.40753931025188
-0.00202290784737255
-0.0756817195896965
0.24834010157728
-0.16881050249305
-0.00182497164716107
0.406427002258307
0.426296444399229
-0.832723446657536
-0.00335904889417566
-0.418608008102531
-0.00527989623680113
0.422951826871904
-0.423817013206299
0.00839136734495879
0.406720068459406
0.419055417411984
-0.415829180004098
-0.0
-0.239613517197035
0.239613517197035
-0.0
-0.00135111661429822
0.415466555169304
-0.425714878198242
0.423894093657457
-0.101479491922574
0.416361723328768
-0.00134318957171764
-0.420582775821831
0.412808033656906
-0.408124665545368
-0.243986800933366
0.00441866399440157
0.000148431403398322
0.00180118927345269
-0.0
-0.0
0.000606380341711357
-0.00973372330313923
0.0091273429614279
0.399127393603084
-0.40002925880886
0.000901865205776055
-0.00774286599625054
-0.247265695067654
-0.246121379275779
0.903716782245578
-0.420724545018865
-0.00242844476918286
0.00740355472997367
0.00365740766691446
-0.0167346899698307
-0.0120487750118732
0.00839136734495879
-0.00051183376729683
0.000511833767296796
-0.0
-0.0
-0.0083913673449588
-0.0
-0.00299596248050472
0.00802828093128785
0.00268222864453833
0.417038543578405
-0.416361723328768
-0.0
0.00213994922296678
0.40753931025188
-0.00634533873903577
-0.252759963479483
0.252759963479483
0.412070474633635
-0.655550439048429
0.243479964414794
0.416361723328768
-0.0147698140552069
-0.411914941742108
0.0124283602938495
-0.00210532782530228
-0.00135111661429822
0.000899621750724046
-0.417813603608656
0.416361723328768
0.416361723328768
-1.08307797480506
0.250354528147525
-0.0079592916341965
0.00526707914018975
0.00269221249400673
0.414909830153439
0.840336952242023
-0.0
-0.012022914307318
-0.231503664699582
-0.0022355367588454
0.414115438555005
-0.657595402969799
-0.661162395174054
0.244800671845286
-0.00269221249400674
0.0024663241461832
-0.0151495873265758
0.0166961831048917
-0.0150276720838882
0.0137069646533958
0.174186260936166
-0.185148623236021
-0.0
-0.239613517197035
0.228438546290773
0.0102731057004858
-0.24389880663951
0.244800671845286
-0.00246938609622537
0.40839900049839
-0.405929614402165
-0.00141151089093987
-0.00415273117384072
-0.067675378297024
0.0732396203618045
-0.00782755528449095
0.00922993930115055
0.00145188027988838
-0.00100038541631423
-0.0
-0.0
0.00026545726887189
0.00593204002095252
0.650123585722835
-0.240643624422519
-0.410126292744298
0.668004246892501
-0.00954835269507973
-0.40995041385367
0.00313704321998128
-0.00534492900100413
0.415049817219274
-0.420879859124531
0.0111749709062618
0.00275478360760063
0.413606939721168
0.416361723328768
-0.832723446657536
-0.0
0.414115438555005
-0.0
-0.410630249924612
-0.246965153045188
0.246867864427757
-0.0104799305174465
-0.235083431888118
0.656290900947607
-0.416194606569701
-0.24283104007672
0.00262384674762926
0.00378352410142049
0.000901865205776055
-0.0
-0.00358078233571541
0.00463865754100092
-0.251860618866589
0.237812586252932
0.00852515033310761
0.00446500707526441
-0.0
-0.0
-0.0
-0.243479964414794
0.23595378340423
-0.23622460583525
-0.00217651542861622
0.6556321904927
0.00665683511049847
-0.413736513876084
-0.00285109780050804
0.000225888347823548
0.000530253373251458
-0.000530253373251449
0.000397937760716979
-0.00197326221392922
-0.431039026555669
0.00911306116212039
0.00569705355106979
-0.0001328114862892
0.411896716253504
0.423926841781182
-0.423926841781182
-0.0148525234480573
0.0148525234480573
-0.0
-0.00774286599625054
0.163223898636311
0.24006054238954
-0.233969674316133
-0.42379687271973
0.249757003452664
-0.00402343518569805
0.00651891236975428
0.413866246144712
-0.00665683511049845
-0.00066075775742185
-0.00026545726887189
0.00506051308360622
-0.00127478243074634
0.40375357959902
-0.40753931025188
0.00026545726887189
-0.00026545726887189
-0.0
-0.0
0.00229397951072119
-0.0146373217275051
0.0170287315239804
-0.00622058978692168
0.179102348700896
-0.173333253777548
0.004034098734731
0.00179925463528882
-0.0122342803149233
0.0122342803149233
-0.000517449247926739
0.000517449247926753
0.411896716253504
-0.236421765830454
-0.665076294113623
0.482292107635747
0.00730923605482582
0.40970488821827
-0.415706960034287
0.00600207181601743
-0.243479964414794
0.237259374627872
0.42258231311569
0.417024127845136
0.0136220723720464
0.00346084437780303
-0.0
-0.0
0.160598689183627
-0.157585230068978
0.40669142910362
0.0043574060016237
-0.411896716253504
-0.000676820249637328
0.839845608795378
0.238443281990766
-0.41132504090474
-0.0
-0.0
0.397084167355902
-0.397084167355902
0.00284970807159655
-0.0182251837459959
0.00915488588747765
-0.488506103522582
0.664041460019222
-0.412794731124513
1.07620341107233
-0.837408835964733
0.165284078490823
0.242909680753091
0.403284441025852
-0.403284441025852
-0.00600207181601745
0.00600207181601743
0.00340029610037333
-0.0
-0.250136799525292
-0.00416713211638809
0.176840947720283
-0.183440304695663
0.0141255379859438
-0.00946706117113096
0.00999731454438242
-0.00120707362288878
0.000676820249637311
-0.0
0.416361723328768
-0.00446500707526441
-0.410052285690292
0.410052285690292
-0.65669738809879
-0.433392994527872
0.012838711966427
-0.414115438555005
-0.0
-0.0110691862699851
0.422965902523489
-0.654072178646106
0.225222195209433
-0.235993758402756
0.654200965845937
-0.233724514434344
-0.18761785131393
0.00680100533610972
0.417722226659772
-0.416361723328768
-0.0
-0.00730923605482582
0.00108864626790415
-0.438698654629771
-0.167096044408217
0.415959869118217
-0.420466717456047
0.00338021790868531
0.00112663042914402
-0.0
0.411896716253504
-0.413695970888792
0.413477523295024
-0.42258231311569
0.00464526533370941
0.00484683122112072
0.402127854261005
-0.405399361028913
-0.00232950800854027
0.411504142853558
-0.420667250518124
0.000676820249637311
-0.0090375512330425
0.000862092688562342
0.000432592548229626
0.175668659051096
0.00246938609622538
0.414115438555005
-0.0090375512330425
0.0090375512330425
0.00125846306178481
-0.0
-0.001126630429144
0.00112663042914402
0.00022393018207657
0.413472040706716
0.00353942973199417
-0.416338011191274
0.401419859860668
-0.401193971512844
0.164059345837086
-0.179434821511485
-0.229425196170887
0.244800671845286
0.486242294796397
-0.000885307026293122
0.407528796946321
0.0150522415270284
-0.249021915843161
0.243144905116151
-0.41245967182587
-0.00446500707526439
0.407378131331209
-1.34347969560227
0.926053713546581
-0.413594282702851
0.00713318603930027
-0.00219264867828506
-0.000222826397781356
0.00269221249400673
-0.251871331759753
0.665986770314758
0.00224628477376263
0.501079788489568
0.405956418765088
0.00424309875460915
-0.41768243075926
-0.0124453995437129
0.0124453995437129
-0.0137069646533958
0.00968352946769771
0.00402343518569803
-0.00157532445321225
0.00157532445321226
0.40493340574994
-0.408333701850313
-0.0
-0.0
-0.0
0.00681991273114936
0.00197495922411212
-0.00687891100068382
-0.00682648865029882
0.00582969933365248
0.0040320220541356
-0.0042974793230075
-0.00269221249400674
0.00269221249400673
-0.0
-0.001126630429144
-0.00178813421470062
-0.00264947742093598
0.404824447154154
-0.400386835518518
-0.00661623556710654
0.00774286599625053
0.00145188027988838
0.000886694206467706
0.244247444460161
0.416361723328768
-0.42753669423503
0.00982385429196361
-0.00289323930617057
0.00424435592046881
-0.0
0.00340029610037333
-0.00340029610037333
0.421422236412374
-0.427642826199296
0.00313704321998128
0.401193971512844
-0.0
-0.400004598973604
-0.00118937253924005
-0.0
0.41846705115407
-0.00210532782530228
-0.00816000856051995
-0.408201714768248
-0.00402343518569805
0.00402343518569803
-0.00216195912075528
0.418523682449523
-0.420163967540197
0.420694220913449
-0.4197014351592
0.41251434667545
-0.40970488821827
-0.00179925463528882
0.416361723328768
-0.422299936371912
-0.251414295650808
0.245589442529171
0.0041111116725441
-0.00446500707526439
0.407749448101116
-0.402490049427419
0.00144114516041223
-0.263653041091424
0.668956814584458
-0.402874998729006
-0.248144275937668
-0.0798964554723031
0.499012962408672
-0.43029147784263
0.00335904889417569
-0.497992711035531
0.495969803188159
-0.00419768193954914
-0.236465437754085
0.242686027541007
-0.00327199083817758
0.00327199083817758
0.485136336615308
0.416361723328768
-0.416141072173972
0.420606079249237
-0.416361723328768
-0.0
-0.0
-0.0031370432199813
-0.00198830639894931
0.4148302378372
-0.40970488821827
-0.243479964414794
0.243479964414794
0.00184443056321182
-0.00184443056321181
-0.0
-0.0
-0.00261287167218899
0.00148624124304499
0.00112663042914402
0.171561051483482
-0.17129559421461
0.158218311911694
-0.154441856280981
-0.00404191289958483
0.40753931025188
-0.235978258768398
-0.182842099053529
0.0110551592222236
0.416587611676592
-0.65853718572137
0.242175462392602
0.167096044408217
-0.170898288619646
0.00222691975821681
-0.243225347392074
0.244800671845286
-0.0
0.00210532782530228
-0.00278214807493961
0.000676820249637311
0.40753931025188
-0.410231522745887
0.419053935822775
-0.006126581737247
-0.237353382677547
-0.174553689106521
-0.000797455903678215
-0.000759657491039496
0.412933931805535
-0.418096255563228
0.420288083598462
-0.41458892874751
-0.501243593063542
0.920297528886317
-0.416361723328768
0.416361723328768
-0.0
-0.416361723328768
-0.0155829611807186
0.420982322209632
0.00509991878778952
0.00135111661429823
-0.00135111661429822
-0.00530571849620023
0.173752879518716
-0.16934232918198
0.000670960320550359
-0.00880146138241848
0.185268016136877
-0.171561051483482
-0.00135111661429822
-0.0150594139693637
0.0164105305836619
0.414115438555005
-0.414115438555005
-0.0
0.00171374144909238
-0.238825600143952
0.653473582023628
-0.26275752038766
0.235763120612244
0.00590050801306119
-0.0029147646438446
-0.240565199770949
-0.0107154331365721
-0.474641554633532
0.489601343690573
-0.00224628477376262
0.00224628477376263
0.00467968074463305
-0.00535650099427037
-0.00246022297034398
-0.0132734873636806
0.019553091816117
-0.00211058319252727
-0.00103197803992777
-0.00774286599625054
0.00984819382155281
-0.00546437671947794
0.00111276412041305
-0.242554387071524
0.252117968318474
-0.00731729647318768
-0.0
-0.0
-0.0151677518159238
0.0151677518159238
-0.00179925463528882
0.00532818424312535
-0.00352892960783651
0.00518715464825153
-0.00518715464825155
-0.00730923605482582
0.00730923605482582
-0.0
-0.00380224421142904
0.000443195317253391
0.00335904889417569
-0.0090375512330425
0.00723829659775367
-0.249440261216437
0.24788046695755
0.416361723328768
-0.247046956619049
-0.169314766709719
-0.255763034145141
-0.82766293357393
-0.00320759468178166
-0.00185291840182457
-0.0
-0.00437908654867528
-0.0130606078770127
-0.227360977419598
0.238580082058365
0.418117306040425
-0.415255765147679
0.417474487449181
-0.415466555169304
0.00135111661429823
-0.013497314080441
0.416781755106293
-0.0020904695130076
-0.401193971512844
0.173228665649287
0.243133057679481
-0.415282176248131
-0.838815955251916
0.00269221249400673
-0.0
-0.0
-0.0
0.00262520945268447
0.409271506800819
-0.41279858145928
-0.00179034728823067
-0.000222552149837875
-0.00526069390063554
0.420204986284273
-0.00663016671087962
-0.405399361028913
-0.00446500707526439
0.419901153060762
-0.435726721968729
0.248586402498146
-0.00536105510607213
-0.000670960320550368
-0.0106492406952636
0.665627402249319
-0.423018558439267
-0.0087160775260922
0.00871607752609219
-0.00657612830312546
-0.411783666172349
0.00686956537315329
0.00230851103277057
0.396702879747168
-0.00171374144909238
-0.00358078233571541
0.40477475384856
0.00040185421055082
-0.00446500707526441
-0.411896716253504
-0.0
0.418597260087614
-0.418597260087613
-0.0
-0.0291769126844885
0.436716222936369
0.417976978168248
-0.000451494863574153
-0.489149848826999
0.195075008082343
-0.191695499699126
-0.832723446657536
-0.244800671845286
0.000287507333463982
0.00063870769282975
0.0145431446355702
0.414262302668869
-0.261978807158254
-0.152283495510616
0.0649701648285573
-0.0649701648285573
-0.0090375512330425
0.0115330284170987
-0.00249547718405626
0.418667871431727
-0.419000110262437
0.000332238830710831
-0.0
-0.0
-0.0
-0.0
-0.0147515868476056
0.0173311821944449
0.410417870959787
-0.422885746952977
-0.00655325867870699
0.417164540096613
-0.413362295885184
0.171009943347786
0.0129094391097827
0.412067553916037
-0.00891592437647404
-0.403284441025852
-0.0
-0.0180543928043386
-0.230769714226646
0.248824107030984
0.403284441025852
-0.00605935881942189
0.432379204057256
-0.00760556407969219
-0.41571476879636
0.00817545854448013
-0.0
-0.0
0.245477492094924
-0.0185300886230475
-0.0
-0.00622058978692168
0.00622058978692165
-0.252860715129167
0.246617007634775
-0.0192161477437952
-0.476785205523512
0.49560341550659
0.420150947876519
-0.405399361028913
-0.0
-0.013497314080441
0.0110279279842156
-0.413103552316661
-0.000437829751236851
-0.00174079418023308
0.428678217282405
-0.431044770500188
-0.000213613254514445
0.00932921352569238
0.000993818942854817
0.000926215026293752
0.408778673191976
-0.412174274314495
-0.00440517763650613
0.403958731088634
-0.400055815214006
-0.24050831655669
0.657595402969799
-0.414115438555005
-0.411896716253504
-0.244800671845286
0.00391389893956834
0.240886772905718
-0.0
0.403284441025852
-0.0
0.414115438555005
-0.414115438555005
-0.014334461866976
-0.244910208091416
0.232253935522152
0.0126562725692644
-0.00402343518569805
-0.00693892711415677
0.0109623622998548
0.171561051483482
-0.171561051483482
1.11379337278337
-0.000396453837716204
-0.408901145328387
-0.00785851576109801
0.00424435592046881
-0.494726693309503
0.494726693309503
-0.0
0.416361723328768
-0.416361723328768
-0.0
0.00105787520528551
-0.00105787520528551
0.00736035805371422
0.420120477983815
-0.420350576569968
-0.00811343288901728
0.0148452223011478
0.00709203050448383
0.832723446657536
0.00810007260131476
-0.00800954965267449
0.419240788173936
-0.418800827862202
0.1766253654696
-0.175742220373833
0.00968143416472471
-0.0
-0.0
-0.0180287342195579
0.426362436069871
-0.0031370432199813
0.00326985470627048
0.005433365242361
-0.0055661767286502
-0.252109907900112
0.664536877526867
0.00224628477376263
-0.416361723328768
-0.001126630429144
-0.424773639977564
-0.00122870415407715
0.435333256042367
-0.416870222162606
-0.001126630429144
-0.00209281130108149
0.42311009466683
0.000145067245837802
-0.420663837997373
-0.244015401829259
0.000901865205776055
-0.25507940405803
0.00269221249400673
-0.00774286599625054
0.00152227620932887
0.00622058978692165
-0.0031370432199813
0.00445775065047369
0.406218602821388
-0.00425486922602816
-0.403284441025852
-0.0
-0.000642242168457441
-0.242610117152626
0.240886772905718
-0.0
-0.0
-0.0
-0.0055642420647806
-0.113560076011569
0.286220362484567
-0.171119479593915
0.00560632667248996
-0.0184057907757782
0.849546345946522
-0.0
-0.849133977241198
0.0115050273126846
0.00136871632842015
0.00353678694255714
0.411896716253504
-0.412122604601327
0.000225888347823548
0.159804476611058
-0.176627375900044
-0.000616795136701742
-0.23781305026983
-0.152743830271006
-0.00158289148679192
0.405399361028913
-0.6502000328742
0.658916110400292
-0.000530253373251449
0.000132811486289203
-0.241019584392007
0.174501921357971
-0.174501921357971
8.24199779297378e-05
0.000711971620503445
-0.254417476520608
0.659022445951088
-0.908707669372882
0.0107027447406595
-0.65669738809879
0.643928065448371
-0.423325652398744
0.4260693480676
-0.479828353929958
0.0732396203618045
-0.0
-0.00380224421142904
0.00380224421142903
-0.00952864087011402
0.421425357123618
-0.418553551364002
0.00665683511049847
-0.0219624520094355
0.0170287315239804
-0.0
-0.00959873395096881
0.00313704321998128
-0.0
0.00026545726887189
-0.00865682461383069
-0.00132070743049241
0.00026545726887189
-0.00026545726887189
0.00026545726887189
0.405133903760041
-0.405399361028913
0.000530253373251458
0.00080341817981788
-0.00133367155306934
-0.212894877753581
0.614088849266425
-0.413428251827767
0.415518721340775
-0.182588153826046
0.42698233852015
0.242617574101642
0.418050494252724
-0.414248250041295
-0.0
-0.0
-0.0
-0.0079592916341965
0.00482224841421518
-0.000443739115734115
-0.0
-0.0
-0.00687456373273152
0.00373752051275022
0.423070591277804
-0.435516509238541
0.0155829611807186
-0.0
-0.010095426438328
0.00768643461874426
0.00135111661429823
0.000381054955648181
-0.0167915855393101
-0.12680438688048
0.542342311067227
-0.404032896874062
-0.414341326902829
0.412122604601327
-0.659841687743562
0.662060410045064
-0.416584824651231
-0.00570607244825476
-0.40753931025188
-0.248957719268054
0.250802149831266
0.00521738794200286
-0.00301345911464937
-0.0
-0.00665683511049845
0.00665683511049847
-0.244867674886609
0.244867674886609
-0.00358078233571541
0.65669738809879
-0.0182704655857289
0.0175682651688488
0.241922089926451
0.419942505664484
-0.0
-0.0
0.417128897669655
-0.417128897669655
-0.000451494863574153
0.397535662219476
-0.00687456373273152
0.00284293807491752
0.0062671624166594
0.420719848905539
-0.409970345487142
0.00335904889417569
-0.0029147646438446
0.479378154000045
-0.476463389356201
-0.25469622515749
0.247437980262029
-0.253125388130544
0.431944684509487
-0.0
-0.0
-0.0
-0.001126630429144
-0.0
-0.0
-0.0162039930410275
-0.000267508276519227
0.401527318960341
-0.399127393603084
-0.0
0.414115438555005
-0.414115438555005
0.416361723328768
-0.426684755797315
-0.245014033048705
0.255337065517252
-0.0031370432199813
-0.00110731270048749
0.00503874751890199
-0.000794391598433186
-0.00730923605482582
0.428350640128227
-0.00692596551839567
0.0114208952506095
-0.0
0.401193971512844
-0.655816814985983
0.23818305378086
0.00188906232326308
0.00358301191636924
0.00264179784042198
0.00622058978692165
0.40970488821827
-0.0
-0.407860457655058
0.412933412508162
0.00512534961893062
-0.0
-0.0100424021969932
0.419541945241484
-0.417978297211938
0.00135111661429823
-0.170635474140212
-0.00455243287672113
0.161535132470583
0.248367161127853
0.00112663042914402
-0.244800671845286
-0.244800671845286
0.479705790378369
-0.40753931025188
-0.00687456373273152
0.00174921411380088
0.662513511788352
-0.430487261314712
0.413252931589028
0.00705235113929143
0.411366462880252
-0.426648303101109
0.414295145419008
-0.399127393603084
0.00145188027988838
0.00169068095256668
-0.00244036177511104
-0.0
-0.00163433728872123
-0.00436773452729622
0.413200411781438
-0.242685751842225
-0.177954095507719
0.419612858243945
0.00105787520528551
0.836599291937706
-0.424635284192543
0.00946706117113096
-0.0
-0.00202290784737255
0.405850855892487
-0.412056196139412
0.00665683511049847
-0.0
0.00665683511049847
0.416361723328768
-0.0135853382324781
-0.40277638509629
-0.0
-0.0
0.174186260936166
-0.169888781613159
-0.0042974793230075
-0.00169691638612675
0.408940707978252
0.00687164696288039
-0.416584824651231
0.193036901749045
-0.170882100957118
-0.00105787520528551
0.414115438555005
-0.412926066015765
0.416361723328768
-0.417551095868008
0.00632019110159407
0.150073108565964
-0.165860360838689
-0.234012903243663
0.243877902175511
-0.491125911880434
0.478415386062293
0.00696765905641955
-0.23813503541379
0.243479964414794
-0.00600207181601745
0.0064000095767344
0.413717500794288
-0.414115438555005
-0.0147515868476056
0.00331169813111547
-0.25059511285448
0.411535706072521
-0.424899599737023
0.00461702356081909
-0.24210845935128
0.247166258260652
-0.00236558641536584
-0.0
-0.710678379242951
0.710678379242951
0.653184852633063
-0.411280212671482
-0.677509651872672
0.00327150676790846
-0.00170426998866563
-0.0015672367792428
-0.255550175263684
0.255550175263684
-0.0
-0.0
-0.0
-0.00498007808781975
0.416876794341324
-0.411896716253504
0.410235141591521
-0.410235141591521
-0.013497314080441
-0.00222691975821679
-0.00328978629305478
0.423453753833252
0.000117571348795847
-0.0106539650207612
0.00762162902812074
-0.00330582514307706
-0.416361723328768
-0.0
0.0109912768831602
-0.0195122219337621
0.175558478240668
-0.176181650364346
-0.0
-0.0
-0.0042974793230075
-0.00524738881219429
-0.501998781032155
0.908440141357193
-0.655423439346035
0.660863425459338
-0.425300966258408
0.00391542178465563
-0.246046304318158
-0.0
-0.416361723328768
-0.0
-0.0149597890570409
0.0149597890570409
0.416361723328768
-0.42258231311569
0.00622058978692165
-0.0121542927012745
0.0121542927012744
0.414115438555005
-0.414115438555005
0.000132811486289203
-0.0032698547062705
-0.24413301472153
0.245023773167749
-0.0104099877955018
0.00380224421142903
-0.00246938609622537
0.00290590226476998
-0.403284441025852
-0.00172539210460455
-0.001126630429144
-0.00509395935777767
-0.235343003368434
0.223737917462378
0.00643834586751418
0.0113873298254635
0.401193971512844
-0.413977021559125
0.416223306332888
-0.65853718572137
0.242175462392602
0.832723446657536
-0.8368790031193
0.00415555646176409
-0.0
-0.0
-0.00269221249400674
-0.0116422493729692
0.430696185195744
-0.414517292765556
0.830879016094324
-0.832723446657536
0.00506051308360622
0.409054925471399
-0.417829541102223
-0.00272474145922173
-0.237041120408355
-0.663077135058102
0.250105660794244
0.00356102028338119
0.413477523295024
-0.416361723328768
-0.0
-0.0
0.420659202651776
-0.661848044302023
0.241188841650247
0.419890652936605
-0.662066115329206
0.231425958974205
0.00850321864463463
0.424104589325019
-0.41793704778198
0.000898504203574935
-0.250780686706148
-0.401373678376847
-0.25415382671476
0.256400111488523
-0.0
0.405399361028913
-0.00858405621584926
0.00752618101056375
-0.0539620643889386
0.416090397779118
-0.0
-0.0
0.00026545726887189
0.153814435457346
0.248100505961048
0.41845478844434
0.0192775559728661
-0.0
0.00118937253924005
-0.00254048915353827
0.00157532445321226
-0.0208956750384134
0.429951109057842
-0.418335560259943
0.594361618818689
-0.420869288839028
0.00409071533697444
-0.491445774253784
0.0657134393512408
0.414900501263589
-0.00184214773782293
-0.832723446657536
-0.649233791536871
0.660064789066025
-0.417474487449181
-0.0808429337674838
0.081732596565434
0.00246938609622538
-0.0
-0.00090186520577607
0.000901865205776055
-0.0
0.162738638406594
-0.163865268835738
-0.00639955058141975
0.419422897264067
-0.411896716253504
-0.00158289148679192
-0.0
-0.0150537722998683
-0.248714570784855
0.48802601923736
0.00315821594000419
0.000785409102807543
-0.00325479519903293
0.00622058978692165
-0.0
-0.0
-0.0
-0.00512534961893061
0.00110191443323258
-0.0125635157627926
0.00399274830681559
-0.0
-0.413852185674613
0.412031401133829
-0.412294654014221
0.406982252515705
0.0134213837126477
-0.420403636228353
-0.00534492900100413
-0.00326208965027508
-0.405399361028913
-0.0
0.00210532782530228
-0.250501380004826
0.662511490734529
-0.657595402969799
0.235737098418543
0.00774286599625053
0.416361723328768
0.421295443814223
-0.837657167142991
-0.00578328945548926
-0.247624401041076
0.00992772608177164
0.244142368931162
-0.00311225706471929
0.414346568801855
-0.413472040706716
-0.0059508565573515
-0.00215525315416096
0.415810615193072
0.0110809481160522
0.00851980144108186
0.242175462392602
-0.0
0.00249547718405624
-0.00249547718405626
-0.0090375512330425
-0.0104430632664038
0.233838309545431
0.0109623622998548
-0.0
-0.0127278914212013
-0.00661311103780532
0.413472040706716
-0.412573536503141
-0.248367386229937
0.249044206479574
-0.0
0.405399361028913
-0.409069976505744
-0.012022914307318
0.0151318247105405
-0.0182766622191464
-0.232777219674135
0.243039468219081
0.00714104002982269
0.010798646943341
0.239320749483091
0.428724072207791
-0.0121546250205478
0.0122342803149233
0.415532142001906
0.0137069646533958
-0.00882241307688807
0.408890426866178
-0.40753931025188
-0.0
-0.243479964414794
-0.0074754433999717
0.417847030908026
-0.640564131770696
-0.0173982305743559
-0.00492504426009748
0.0072473165883726
0.00748244091060694
-0.0014105317856012
-0.00108494539845505
0.00197495922411212
0.403424401804801
-0.00288468208557662
-0.402514678943337
0.00249547718405624
-0.00117913262742174
-0.00199316480627181
-0.00179256584658805
0.00246938609622538
-0.246151788459585
0.589273891426548
-0.342499314653584
-0.00771481881786359
-0.0109914359675081
0.000438640318215788
-0.0
-0.175078233440491
-0.0
0.590547984264934
-0.831434757170652
0.240886772905718
0.15771400709805
0.0116007596116688
-0.167209438884417
-0.00233121617312583
0.000225888347823548
-0.00132070743049241
-0.249918808421233
0.00236558641536585
0.170635474140211
0.239069414078058
-0.414610391489247
-0.244580557881506
0.668731984514995
-0.421268831209884
0.409732381398033
-0.422877225366584
0.410762763423555
-0.00230900992939702
0.413411334584468
-0.411896716253504
-0.015997219320477
0.015997219320477
-0.0
-0.0
0.411896716253504
-0.411896716253504
-0.0
-0.260590880726534
0.260590880726534
-0.240886772905718
0.240886772905718
0.401193971512844
-0.645994643358131
0.244800671845286
-0.00202290784737255
-0.00208820382517156
0.413815999890814
-0.240886772905718
-0.168818115312552
-0.0113873298254635
-0.000846950489459774
-0.0139163724346657
0.420505278075555
-0.405481633421858
1.07936854906603
-0.834567877220748
-0.493182126026288
-0.661692648547306
0.236193653194007
0.00860701865127923
-0.493403587902002
0.172881758913974
-0.00765055300221513
0.0120450244131963
-0.00651403134406023
0.425790519316673
-0.419942505664483
0.417696220890721
-0.414115438555005
-0.0101094192140327
0.0101094192140327
-0.0
-0.00202980797763861
0.00202980797763858
0.000990551267276828
0.00520434155116523
-0.00977567515415747
0.00358078233571541
0.343122102966964
0.0654198192944049
-0.00678931920559948
-0.675037588563768
0.0732396203618045
-0.00246938609622537
0.412174274314495
0.428620058137315
-0.415963785568051
0.832325508896819
-0.00512534961893061
0.00512534961893062
0.414115438555005
0.243479964414794
0.00774286599625053
-0.00090186520577607
-0.242578099209018
0.241010578318569
0.00246938609622538
-0.251021261632208
0.665136700187213
-0.414341326902829
-0.490502085771893
0.889855367722801
0.00639258418161284
-0.840201443308025
-0.416228911842479
-0.0001328114862892
-0.00157532445321225
-0.42212702042523
-0.706964276695734
0.00385369067205912
-0.904199324392549
0.497830472725321
0.000644729574092647
0.419720772222944
-0.00157532445321225
0.00157532445321226
-0.416616978034512
0.409114634705092
-0.415065491262444
-0.419504284561223
-0.00380224421142904
-0.0135883273521028
-0.229226436071243
-0.409585338857803
0.00839136734495879
0.00132070743049241
-0.00132070743049241
-0.0186670086322612
0.0179901883826239
0.00138490385600391
-0.000708083606366606
-0.000254617022719843
0.000254617022719856
0.690788554819197
-0.706031219007307
-0.232027393753402
0.406288567061754
-0.260176147519686
-0.158261798394823
0.00170780494505735
-0.000397937760716969
-0.00817545854448015
-0.0
-0.0083913673449588
0.00839136734495879
0.403284441025852
-0.403284441025852
-0.0031370432199813
0.00313704321998128
-0.659841687743562
0.243479964414794
0.416870222162606
-0.0
0.411896716253504
-0.411896716253504
-0.00202290784737255
-0.00288259542360474
0.00661924472006968
-0.00171374144909238
-0.0079592916341965
0.00954218312098842
0.412532547068213
-0.421207469059489
-0.240178027437028
-0.0113112169042718
-0.242175462392602
0.656290900947607
-0.409690406030197
0.409690406030197
-0.414115438555005
-0.00090186520577607
0.000901865205776055
-0.0029147646438446
0.441600980077107
-0.438686215433262
-0.0
-0.417712839943066
-0.00246940712227713
0.00382052373657537
-0.0
-0.002834062646458
0.410988207282972
-0.650329607029116
0.242175462392602
0.397084167355902
-0.396289775757469
-0.000794391598433186
-0.0170287315239804
0.0170287315239804
0.00171374144909238
-0.00793433123601406
0.175535356496641
-0.169314766709719
0.410102825978987
-0.428769834611248
0.0100305291894674
-0.00542093705111898
0.411231238521262
-0.677481451717388
0.398273539895142
-0.645097119587801
0.0153754756743993
-0.263874941007627
0.263874941007627
-0.422376098175007
0.00982649988589321
-0.662586290097103
-0.00546346821502667
0.832325508896819
-0.832723446657536
-0.238355329957082
0.403259546330065
-0.0
-0.243479964414794
0.243479964414794
0.000530253373251458
-0.244800671845286
0.650200032874199
-0.405399361028913
0.240469262669685
0.00433140917560087
-0.0
-0.00161914646778432
0.00241353806621752
-0.0
-0.00555122178645163
0.00778675854529703
-0.000914829328353008
0.415041015898276
-0.412704315661854
-0.0103142427774129
0.00665683511049847
-0.638337150673123
0.638337150673123
-0.242175462392602
0.225352563103616
0.0168228992889863
-0.0
0.00210532782530228
-0.262488960851307
0.0002731024373599
0.00313704321998128
-0.00107033408063278
0.00107033408063279
-0.0
0.0028894049774672
-0.244175204572119
0.240621413303129
0.420385158514466
-0.418384631176141
0.00202290784737254
0.414115438555005
-0.416361723328768
-0.00915429862935254
-0.415303848123483
0.399838950963503
0.171561051483482
-0.171561051483482
-0.0
-0.0
-0.249263253870283
0.251107684433495
-0.00157897329433992
-0.0144466258079172
-0.0041380203696729
-0.245413287673209
0.000203974752500387
0.247888230050648
-0.0125352072316872
0.014334461866976
-0.240886772905718
0.83013025514846
-0.589243482242742
0.171320745474979
-0.171320745474979
-0.00179925463528882
0.834522701292825
-0.838506736113025
0.415488177673759
-0.0
-0.242175462392602
0.240824345778304
0.00135111661429823
0.402886503265135
-0.661792077524534
-0.502647162907439
0.909424233826221
0.00227160940195849
-0.408823073804989
0.416587611676592
-0.425184136405656
0.425184136405656
-0.411896716253504
0.00163662540866154
0.427608096205771
-0.416220766380308
-0.0
-0.243479964414794
0.237041120408355
0.0107363233294466
-0.0118236603335712
-0.256446284142021
0.251949550845267
0.000225888347823548
-0.0
0.399127393603084
0.00626237524806972
0.00650694740234957
0.00221872230150176
-0.256401431456955
-0.15771400709805
0.401193971512844
-0.643369433905446
0.242175462392602
0.171561051483482
-0.242438541177331
0.242305729691042
-0.254409742707525
-0.0
-0.0174051586744753
-0.223481614231243
0.2288638585984
0.012022914307318
0.00105787520528551
-0.000792417936413599
-0.0110149606872691
-0.00643884400643906
0.00395730722550241
-0.240145420475239
0.657771831587748
-0.428003832951443
0.00681805237414821
-0.238759765599564
0.233413342019823
0.171939976162404
-0.171939976162404
-0.0
-0.252517515647836
-0.416361723328768
-0.000225888347823553
0.000225888347823548
-0.00097284915256033
0.000296028902923022
-0.0105043937565544
0.0183908158594714
-0.000794391598433186
0.416361723328768
-0.00446500707526441
-0.673021506822074
0.26112479056857
-0.00446500707526439
0.414169895293534
-0.40970488821827
-0.429859037409209
0.0156026419057432
-0.00210532782530228
0.411896716253504
-0.0107027447406594
0.410784718513826
-0.413178486242146
0.40750037281003
-0.40753931025188
-0.0145431446355702
0.0145431446355702
0.832723446657536
0.515594930477579
-0.658916110400292
0.65669738809879
-0.660278170434505
0.00267891712993934
0.00184443056321182
0.399349540949632
-0.642080744418562
0.240886772905718
-0.0111218725565916
0.0111218725565916
-0.00622058978692168
0.00576391405176032
0.000456675735161331
0.40970488821827
-0.404264902104967
-0.00464559451486939
-0.000301077649519577
0.413622124606092
-0.0108309975291536
-0.0183414049594745
0.168243094192464
-0.167115934112122
0.173898190987574
-0.159526087146458
-0.00714713355157252
0.0033118819373041
0.00225236012747646
0.412294654014221
-0.412294654014221
-0.411896716253504
-0.0
-0.424631344920221
0.0101094192140327
-0.0
-0.42807097574306
0.41816648864849
-0.418691516549122
-0.00281949198494503
0.000265202717582856
-0.00408218397172043
0.42373808606665
0.00576186681287783
-0.00352892960783651
0.0179375399177842
0.161417930976101
0.245066129114158
0.1724347287755
-0.18621843532093
0.00710893069599267
-0.24161404453536
-0.43393399591604
0.0170420192140207
-0.001126630429144
0.00590764843304345
-0.0
0.00449765613063653
-0.256706595800625
0.255123704313833
-0.489601343690573
0.244800671845286
0.244800671845286
-0.414928001899027
-0.480974568026235
0.491429423922642
-0.000715305373499782
-0.000210909652793991
-0.244800671845286
0.244800671845286
-0.491847628464335
0.491847628464335
-0.00380224421142904
0.00340029610037333
-0.257238519178702
0.249373216003064
0.00446500707526441
-0.0
-0.0130772823029162
0.183712756443128
-0.170635474140212
-0.0
-0.0
-0.00888704256629154
0.00888704256629153
-0.0083913673449588
0.425132015352649
-0.0109623622998548
0.0114926156731063
-0.000530253373251449
-0.0
0.417156114927201
-0.417156114927201
-0.0
0.169721253860902
0.244394184694104
-0.0
-0.414115438555005
-0.244800671845286
0.244800671845286
0.408799657129287
-0.419684743046291
0.0108850859170048
-0.0
-0.0
-0.242175462392602
-0.00344012662045039
0.245615589013052
-0.262554233577134
0.417719980259449
-0.419498766548749
0.415033759473485
0.242175462392602
-0.246394729058639
0.652339982097166
-0.423567817942433
-0.711472770841384
0.474339879952419
0.250915113805756
0.405530725799614
-0.403284441025852
-0.0
0.00457464519875202
-0.000451494863574153
-0.00268554835640713
-0.24457839326915
-0.00221058497508599
0.660293314198855
-0.413343167016795
-0.0199897236938874
-0.00091312486025526
0.0135622143083655
0.00171374144909238
-0.016465328296698
0.014525698499782
0.414341326902829
-0.413982627068716
-0.0001328114862892
-0.0
-0.0184831643744329
0.000132811486289203
0.407406498765591
-0.40753931025188
-0.00817545854448015
-0.00214757392406703
-0.00266072773728045
-0.00363307228146415
0.00459391817997381
0.0145848785583932
-0.00458487209844776
-0.0108439921177716
0.0128668999651441
0.409253051700972
-0.409253051700972
-0.0055642420647806
0.00602050312242852
-0.00470061697811671
0.420606079249237
-0.412575992675908
0.416361723328768
-0.421487072947699
-0.239675322226356
0.244574783497463
0.00207031891103537
0.403675547221485
-0.24492128860107
-0.17324633683242
-0.00231214140824802
-0.00279377267480723
0.416880955334933
-0.399127393603084
-0.245312505612583
0.232025085460431
0.254278812849635
-0.00391389893956835
-0.412832793720932
-0.00201866172687232
0.644799603845033
0.010455142895978
-0.652339982097166
0.654505560063556
-0.409061001037415
-0.000643887180855096
-0.489601343690573
0.489866800959445
-0.0088724759201511
0.0108425554101246
-0.00448182153260802
0.41874081958882
-0.0001328114862892
-0.661162395174054
0.244800671845286
-0.0164105305836619
-0.411896716253504
0.164904216372983
-0.162279006920299
0.402906963062518
-0.645790453217086
0.00158289148679193
-0.00939660047716859
0.0097886682144888
-0.00220084757193569
0.412122604601327
-0.40582726956283
-0.00767526980227715
0.00160582311160327
-0.0134852694302847
0.00969107376399937
0.406061765545281
-0.406061765545281
0.000825954817395651
0.592283974643106
-0.601716948111781
0.00756194757131842
-0.0141198811274426
0.00564658087413596
-0.0220673047326346
0.244800671845286
0.397084167355902
-0.397084167355902
-0.0
0.40342950827169
0.416884159667278
-0.413279896505819
0.69792121246405
0.00248320574139792
-0.00593003200352439
0.0162039930410275
-0.0
-0.00709203050448381
0.418988746757987
-0.407471683728695
-0.0044250325248088
-0.0
-0.0
-0.00402343518569805
0.00402343518569803
0.6589076902422
-0.405532172515202
0.000397937760716979
-0.0196834452542159
0.00534898338723999
-0.000435352188230878
0.00404191289958483
-0.0189812570147763
0.0149393441151915
-0.0
-0.244800671845286
-0.00226007490522301
1.23366063594185
-0.572484450636331
-0.414115438555005
0.408283561062657
-0.00022146187571362
0.417917682766435
-0.903716782245578
0.485356987770104
0.00424435592046881
-0.0029147646438446
-0.0141139668801358
0.00842171287270122
0.402509354378163
0.0105394986516885
-0.249458148512121
-0.421497493559481
0.000118407167916073
0.430068687982164
0.0056922540074346
-0.0163627913290215
0.438394062909235
-0.000451494863574153
0.000451494863574151
0.414115438555005
-0.422290897099486
-0.0
0.416361723328768
0.000109536246129684
-0.000451494863574153
0.41456693341858
-0.414115438555005
0.414115438555005
-0.41794461481556
0.00712271939201485
0.411677404557283
-0.921904060471936
0.236880716210435
-0.0074412796720186
0.00236558641536585
-0.00236558641536584
-0.00665683511049845
-0.0012594419154332
0.83385007708668
0.00155019389401446
-0.00758797486428892
-0.00758508561403447
0.0141421134330641
-0.263047534241195
-0.0
0.40753931025188
0.406456738459545
-0.418646818175052
0.000843985657826134
-0.00418704793380886
0.433892393000387
-0.41768243075926
0.416361723328768
-0.420826730404032
-0.0182588287774063
0.245059662426346
-0.00800954965267449
0.242401350740425
0.414115438555005
-0.412010110729703
-0.00568611016101769
-0.00092621502629376
-0.0176686422813277
0.0204234258889283
0.404784526644279
0.00882241307688809
-0.417488353757912
-0.242579222333474
0.243705852762617
0.000926215026293752
-0.013160495341217
0.0122342803149233
-0.0
0.832723446657536
-0.832723446657536
0.00378573065285987
0.399498710372992
-0.403284441025852
-0.242175462392602
0.240152554545229
0.416155160859722
0.237477892598776
0.00109656854504017
-0.0156558854982784
0.00811432918607407
0.000451494863574151
-0.0164105305836619
0.0132734873636806
-0.415172350789528
-0.00137444927475656
-0.00124706424567775
0.00577429549700396
0.414481391664997
0.0165185149708733
-0.0010144698010676
-0.00534492900100413
-0.00693617842172785
0.0130754990211652
-0.00169625680420926
0.417263588534544
-0.416361723328768
-0.0
-0.0
-0.00157532445321225
-0.00486351955322681
0.407632815519283
-0.417902654259819
0.415836076350059
-0.00224628477376262
-0.414115438555005
-0.0
-0.0
0.416361723328768
-0.000530253373251449
-0.242175462392602
0.242175462392602
0.00026545726887189
-0.00026545726887189
-0.649053415067301
0.249926021464217
-0.0
-0.0
0.405399361028913
-0.405399361028913
-0.244156784664431
1.07688023132197
-0.835860489877517
0.408536404248895
-0.0
0.414115438555005
-0.415959869118217
-0.0
-0.00217900462248623
-0.0121554572444897
0.014334461866976
-0.411782497103964
0.170676826743933
-0.167096044408217
-0.0
0.419245923362512
-0.419245923362512
0.832061042141168
-0.00090186520577607
0.423230698627868
-0.0105405729675201
0.41951112415439
0.420163967540197
-0.415594548987881
-0.0132125738845997
0.424342115797217
-0.411896716253504
-0.0
-0.0
-0.0
-0.012022914307318
0.012022914307318
-0.0160619346669842
0.0164598724277012
-0.0143143101953827
-0.0
-0.0029147646438446
0.0029147646438446
0.172881758913974
-0.172881758913974
0.416361723328768
-0.419942505664483
0.00262520945268447
-0.0097172399571683
0.00709203050448383
-0.0
-0.0
-0.256718607028172
0.660797439652457
-0.242159436010166
-0.161919396614119
-0.489601343690573
0.489601343690573
0.40970488821827
-0.413285670553985
0.00914695906436561
1.44639493255654
-1.03559938595642
-0.416361723328768
0.000901865205776055
0.000119301641603224
-0.00872632029288242
0.00379234302352651
0.411534744087158
-0.651520740304692
0.226915775222186
0.434379431438158
0.0153754756743993
-0.428100709294531
-0.228596678804259
0.249861184928893
-0.00506051308360623
-0.00380224421142904
0.415017303760781
-0.414115438555005
-0.00202290784737255
0.00202290784737254
0.00404191289958483
-0.00404191289958483
-0.00878615189982611
0.238581218304905
0.00173469545492282
0.831665571452251
-0.832723446657536
-0.0
-0.00224628477376262
-0.0128637336317648
0.414237412008612
-0.416991405679248
0.663906997527595
0.00213994922296674
-0.411400414869962
0.415757820871586
-0.411896716253504
-0.0
-0.240886772905718
-0.00750927927380555
0.248396052179523
-0.0
-0.0
-0.00424435592046879
0.00379286105689464
0.408476065345172
0.243479964414794
0.244800671845286
-0.0
-0.0
0.589243482242742
-0.00778786575760053
0.41509574196915
0.165310193312403
-0.406218602821388
0.245850482683615
0.396756875334263
-0.411539190139936
0.413605768049696
-0.416097062551044
-0.00431381665943718
-0.00402343518569805
0.00402343518569803
-0.000309166398280161
-0.00216021969794523
-0.00462264440825844
0.426138352862323
-0.0
-0.235882763145046
0.654505560063556
-0.40970488821827
-0.244800671845286
-0.00277213698594495
0.247572808831231
-0.0101094192140327
-0.480168744726177
0.907960594699471
-0.415968689310168
0.403676027402062
-0.405389768851154
0.403284441025852
-0.650391803718491
-0.403284441025852
-0.010942531120172
0.0144714607280085
-0.00733117381926555
-0.00631485148954727
0.00325331920678069
0.00686377649419561
0.416361723328768
-0.417263588534544
0.4190649243713
-0.406826491916882
-0.42236003903283
0.00237831438112408
9.10717151012957e-05
-0.0170287315239804
0.416090397779118
0.000381054955648181
-0.0200645002098641
0.248667119063045
-0.00518715464825155
-0.0
-0.0055642420647806
0.00375008769929224
-0.244537839620079
0.243479964414794
0.00262520945268447
-0.00262520945268448
-0.0
-0.0
-0.245131128826187
0.23438162540779
0.0112935764368212
-0.000544073018423995
-0.00419255923267644
0.00643884400643908
-0.00578328945548926
0.00918358555586259
-0.244800671845286
0.236193653194007
0.0056922540074346
0.419276487972613
-0.244800671845286
0.244800671845286
0.416759661089485
-0.000397937760716969
-0.425614157057589
0.00925243372882042
-0.491400598325862
0.491400598325861
-0.250571994919278
-0.182637622449744
0.00691163455620854
0.00196430705382167
0.421706652329772
-0.25099787546949
-0.171365919675296
0.00600207181601743
0.40753931025188
0.00657612830312544
0.418608008102531
-0.838506736113025
0.00578328945548926
-0.0
-0.00468136438552504
0.00468136438552502
-0.0
-0.0113605097909498
0.00623516017201923
0.00149985219394956
-0.000839509650283312
-0.00670430127531095
0.00374663151243232
-0.00177279458125766
-0.247596736736715
0.250935113382836
-0.00377887284183328
0.00490550327097729
0.416361723328768
-0.415831469955517
-0.000530253373251449
-0.0
-0.0
-0.0
-0.00335904889417566
0.40215695769917
-0.400597163440283
0.00179925463528882
0.00136884675491224
-0.0077518677834443
-0.242231285370509
0.248614306399041
0.401193971512844
-0.418778239681902
-0.633736227756743
0.646635106618604
0.00266248145982402
-0.00197495922411213
0.401193971512844
0.0145043585289531
-0.422298296026067
0.234000003848122
0.240886772905718
0.419375182443417
-0.433956266519384
-0.000964255478537912
-0.000451879765972939
0.247044935565225
-0.248355058501965
0.414246803325707
-0.403284441025852
-0.244800671845286
0.24572082457613
0.408784735487426
-0.423202202298711
0.000297991120790929
-0.00540432589421712
0.42364702422756
-0.40579729878963
-0.0
7.56703357968208e-06
-0.0184706009133405
0.00620469907121343
-0.00611539050883911
-0.234227530685974
0.240120915520618
0.00111276412041305
0.00224628477376263
-0.244800671845286
0.661162395174054
-0.419498766548749
0.00133778858469249
0.000584058714939249
-0.24584555083016
-0.0022355367588454
0.000225888347823548
-0.00490550327097729
-0.00456155790015368
-0.011227139084414
0.0220149076860373
-0.000131334891252363
-0.00653430154024418
0.00534492900100414
-0.0
0.00112663042914402
0.40753931025188
-0.40753931025188
-0.244800671845286
0.229010462964038
-0.0
0.0022355367588454
-0.00588650551013115
0.419285020403129
-0.420554282561444
-0.238361827838847
0.646473190562927
-0.396387195019723
-0.00480677649312088
-0.00212228128619835
-0.000794391598433186
-0.0039788986515969
0.40937825968051
-0.405399361028913
0.000794391598433175
-0.00149470869255499
0.000700317094121815
-0.0
0.590547984264934
-0.590282526996062
0.236032734861319
0.00416007660961714
8.31102424664029e-05
-0.0111529980291743
0.477333767127538
0.173443558237606
-0.158483769180565
-0.0
-0.00534492900100413
0.00534492900100414
0.246972917069267
-0.0105849831589567
0.00709203050448383
-0.489601343690573
0.905963067019341
-0.661162395174054
0.245198609606003
0.0171312651399874
0.00275478360760063
0.00128712929198419
0.242170799410412
-0.242904638851903
0.245534511286777
-0.832723446657536
-0.0754859051355673
0.076412120161861
-0.000528277265576781
0.402886503265135
-0.403284441025852
-0.000451494863574153
-0.241723967529028
1.07713444580898
-0.832463506232325
-0.0203452026219863
-0.224325736954672
-0.00198132227182939
0.658272223219437
0.00258805419161912
-0.324294082882356
-0.0924094098642683
0.00145188027988838
0.00433140917560087
0.403284441025852
-0.662001485305804
0.242910988999642
-0.0020436701576195
0.01784972543793
-0.00752618101056375
0.00752618101056375
0.41820615389198
-0.401193971512844
-0.244800671845286
0.244800671845286
-0.0
0.422681914430362
-0.422681914430362
0.403297166507195
-0.403297166507195
0.416361723328768
-0.00415704742276744
0.252327898587901
0.0103224986953156
-0.00753869227972803
0.423900415608496
-0.414386764104656
-0.0033731849571257
-0.00961124568555662
0.0109623622998548
-0.0
-0.0
0.00789377139248938
-0.00789377139248939
0.40970488821827
-0.40970488821827
0.015790208881248
-0.00238451127059315
-0.00579094727388699
0.010019889107692
-0.00144649280249485
0.00209753942333927
-0.00249547718405626
0.40970488821827
-0.40970488821827
0.145992588525426
-0.165683076252971
-0.0
0.402776862999636
0.661162395174054
-0.417355039730707
0.00599438478330247
0.409141932645903
0.00219374703948747
-0.00696909737969051
0.416143732224709
0.00441055033673584
-0.413752813720211
0.00469788824881205
0.400338847945307
-0.408758409923089
0.00456251151370189
-0.0
-0.0
-0.0
-0.244800671845286
0.417682430759261
-0.172881758913974
-0.00565437961450444
-0.000440496195712893
-0.0113036044605606
0.0162091077315379
-0.413736513876084
-0.00262520945268448
-0.0
-0.00335904889417566
0.403016695870511
0.00362679404951599
-0.403284441025852
0.832723446657536
-0.414115438555005
0.415436145985498
-0.413070559570132
-0.00236558641536584
-0.0147515868476056
0.431113310176374
-0.659841687743562
0.243479964414794
-0.000225888347823553
0.000225888347823548
-0.243479964414794
0.24302846955122
0.171086969003786
-0.170635474140212
0.000793730520736277
-0.493513545304685
-0.00118937253924005
0.397084167355902
0.0126207208623676
-0.40970488821827
-0.0
-0.00476870950703329
-0.238711254907761
0.243479964414794
-0.0
-0.0
0.411896716253504
-0.411896716253504
0.414115438555005
-0.415242068984149
-0.0
-0.0129228850243056
0.00295283224537551
-0.000225888347823553
-0.24325407606697
0.241457056567421
0.001797019499549
-0.00686614215666027
0.00709203050448383
-0.0141452068748532
-0.00123026879954606
0.0169583671611912
-0.245062855901586
-0.00231231176190135
0.174205258817871
0.071587017358824
-0.258717044279952
0.428031810989671
0.242581949543785
-0.412573536503141
-0.244635685362946
0.245312505612583
-0.0
-0.0029147646438446
-0.000444284250331055
0.00210532782530228
-0.24602848755735
0.00992939441929568
-0.00407486834106376
-0.00327641003883531
-0.00954209961376812
0.0137233285689205
0.399884144925478
0.185311986030196
-0.170635474140212
0.411896716253504
-0.903967446040302
0.477945191800854
0.000980448658207892
-0.000980448658207889
-0.244382098512738
-0.0001328114862892
-0.417024127845136
0.00026545726887189
0.413849981286134
-0.414115438555005
-0.23638793391031
-0.65853718572137
0.246217375292187
-0.00154643571552858
0.413866246144712
0.839162290663975
-0.832723446657536
-0.240886772905718
0.00730923605482582
-0.000225888347823553
-0.00224349774840183
-0.247456635367992
0.663928065543023
-0.413207652480373
0.00451925394034763
-0.00531364553878081
-0.00446500707526439
0.00400078116248854
-6.83174118943759e-05
-0.245169993726392
0.245702537051062
-0.243479964414794
-0.0166961831048917
0.260176147519686
-0.000451494863574153
-0.247933972822197
0.244804685350056
-0.0
-0.244800671845286
0.244800671845286
-0.00424435592046879
0.00424435592046881
-0.244800671845286
0.00132070743049241
0.410576008823011
-0.411896716253504
0.416361723328768
-0.417234762937763
0.00100585109528427
0.00262197212131142
-0.00275478360760063
0.832723446657536
-0.832723446657536
-0.0
-0.00869712706103394
0.243449555230988
-0.00289323930617057
0.00424435592046881
0.414115438555005
-0.432986192109011
0.245595063443719
-0.00236971605164543
0.00157532445321226
0.414115438555005
-0.0137069646533958
0.0081427225886152
0.40781608878291
0.000394005074602882
-0.66336014593321
0.261903666679718
0.0170312711991034
-0.415242068984149
0.00112663042914402
0.403284441025852
-0.28949009027601
-0.0134752200636332
0.00271685657033526
-0.00090186520577607
0.417263588534544
-0.00090186520577607
0.000901865205776055
-0.0
-0.0
0.000132811486289203
0.000925063718996307
-0.243233337597887
0.407079678765585
-0.246151788459585
-0.0172608392949036
0.0161025164976867
-0.0
0.401193971512844
-0.401193971512844
-0.0
0.244800671845286
0.419694971609514
0.00365745868188066
-0.00327150676790845
-0.0
-0.0198860487475881
0.0232863448479614
-0.00340029610037333
-0.00687456373273152
0.415682446906364
-0.905283790596936
0.905963067019341
-0.416361723328768
-0.243479964414794
0.237011658609516
0.00646830580527824
-0.000451494863574153
0.000451494863574151
-0.0
0.00358078233571541
0.415144874331572
-0.415144874331572
-0.0029147646438446
0.419276487972613
-0.416361723328768
-0.0090375512330425
0.179673025373254
0.249911791637247
-0.0181317748695179
-0.410707343714264
0.415172350789528
-0.415435508302474
-0.490527558716866
0.240886772905718
0.416361723328768
-1.07752411850282
0.658802715924092
-0.414002044078806
-0.00202290784737255
-0.247683267268891
0.243922885660774
0.422145012784257
-0.420163967540197
0.170898288619646
0.249265678920551
-0.418300856051742
-0.258157664179112
-0.488099487052873
0.49027816394021
-0.0
-0.243479964414794
-0.418831109424993
0.00246938609622538
0.416361723328768
-0.423453753833252
-0.00258940366024089
0.842404880822261
-0.416361723328768
-0.0151677518159238
-0.000662404516368142
0.163583508942491
-0.163583508942491
-0.0142101898219279
-0.00378645489917893
0.177274626474241
-0.160598689183627
-0.0
-0.0
0.00171374144909238
-0.0126761037489472
0.168676369397905
0.241413386505034
-0.415803330893699
-0.413453034038637
0.416361723328768
-0.0
-0.416361723328768
-0.0184630338797609
0.0184630338797609
-0.0
0.415567318834894
-0.415567318834894
-0.0145431446355702
-0.00105787520528551
-0.164523459614045
0.414660259139338
0.268241552306429
-0.686626183482569
-0.0143876227362894
0.403549898294724
-0.00360428483300303
-0.0124755393219171
-0.00206808377529554
-0.244800671845286
-0.0
0.244800671845286
-0.0107534257380131
0.173492064144607
0.25598867133754
-0.0174945883157473
0.00249547718405624
-0.00665103364582032
0.00415555646176409
0.400663718139593
0.01784972543793
-0.00578328945548926
0.00398403482020045
-0.00659211270966998
0.00780448267625435
-0.0014360231786681
-0.00111413537260875
0.416878190036697
0.170627907106632
-0.171312294389849
0.406196798034335
-0.00196041985648715
-0.418064905227766
0.0145053472995557
-0.489601343690573
0.489601343690573
-0.243479964414794
0.243479964414794
-0.00157532445321225
-0.00111688804079449
0.835415659151543
-0.832723446657536
-0.0
-0.00882241307688807
0.428969867058516
-0.421498570595926
0.17291216809778
-0.00261560665486845
-0.000224765223367931
-0.013207831437832
0.417460805463982
-0.4126387579566
-0.423108690119155
0.0145115046619895
-0.0194806144994463
0.0190291196358722
0.000451494863574151
0.00132070743049241
0.831402739227044
0.235119237680562
0.00968143416472471
-0.00512534961893061
-0.0105082697057913
0.0156336193247219
0.414115438555005
-0.416138346402378
-0.00830012462117466
0.00942116726277113
0.00209123774501611
-0.00118937253924005
-0.0
-0.0
-0.077704627437069
0.0834225914582269
-0.0117200358371752
-0.239947278695002
0.245497855647445
0.411543073632875
-0.00493372048545504
-0.0
-0.0
0.40970488821827
-0.426321720705561
0.0112719034862876
0.00536927882152181
-2.43498205177047e-05
-0.0
-0.249486061152483
0.249486061152483
-0.0
-0.0055642420647806
-0.411896716253504
-0.0
-0.0
-0.489601343690573
0.478426372784311
0.00981671397558134
0.00215264852911362
0.161125005015686
-0.161919396614119
-0.242175462392602
0.243363483963291
-0.245569851191259
0.245266249765117
-0.00856129592116323
0.0150517530122376
-0.00092621502629376
-0.0080921031204857
0.409153263147041
-0.227007710576678
-0.182361719480646
0.660095586186403
-0.406974685482126
0.00157532445321226
-0.00490550327097729
-0.254646755421915
0.258425628263748
0.399400170324286
0.00221082819368752
-0.0
-0.0732396203618045
0.00145188027988838
-0.248290893588858
0.24683901330897
-0.0130772823029162
0.018720653154873
-0.0155152809430974
0.00846112704477695
0.00774286599625053
-0.259062925595513
0.242858932554485
0.420929267179628
-0.666955866425144
0.668013741630429
-0.663197756320331
0.240801047284855
0.00330280595673307
-0.0115124050077872
0.0103230324685472
0.000926215026293752
-0.00205284545543776
0.257877954148203
-0.00224628477376262
-0.428847772230968
0.0181279477931939
-0.00741904930292947
-0.00686198539811689
0.00340430645071206
0.416361723328768
-0.416298981218672
-0.242238204502698
0.242175462392602
0.000132811486289203
-0.248965108989389
0.2488322975031
0.0055661767286502
-0.00424546929815779
-0.00644605704942302
0.00512534961893062
0.0022355367588454
-0.0053725799788267
0.412841931438251
-0.00158716560777403
-0.0197501539790784
0.434006549482544
0.00774286599625053
0.414115438555005
0.00224628477376263
0.00202290784737254
0.00126031782332939
0.0113873298254635
0.413233817826106
0.419276487972613
-0.416361723328768
0.416361723328768
-0.424537181873248
-0.00826447958277039
0.00804857078229171
0.00839136734495879
0.178006393371686
-0.000397937760716969
-0.0
0.00132070743049241
-0.00154659577831596
-0.241457947760247
0.644087330762127
0.420990002287737
-0.416361723328768
-0.242554387071524
0.661162395174054
-0.425828784499899
0.00946706117113096
0.00105787520528551
-0.00486011941671455
0.00380224421142903
0.417287938355062
-0.418414568784206
0.417488353757912
-0.433390454852749
-0.229123056935604
0.243682402363359
-0.00375120369069629
0.405347983390006
-0.399127393603084
-0.0029147646438446
0.406199205669696
-0.840596639447438
0.407414561299766
0.00471567896569208
-0.00183979762257992
0.169314766709719
-0.402047496918732
0.242128847800496
0.417712839943066
-0.437458648915409
0.0174846435156459
0.428033041492909
-0.0
0.420003052153334
-0.420313172549832
0.261592282764196
0.415567331730335
-0.0106969050309829
-0.420810936133527
0.000811655968766024
-0.247608536427579
0.262737389892988
-0.00331729872886308
0.00410579861722183
-0.00158289148679192
0.832723446657536
-0.832366704533473
-0.000356742124063851
-0.0
0.414115438555005
-0.412010110729703
0.407599560392967
-0.40970488821827
0.433390454852748
-0.416361723328768
-0.0112015018825196
0.0112015018825196
-0.0
-0.0
-0.0
-0.00402343518569805
0.00555651860514372
-0.0160762280550159
-0.259804947044726
0.416361723328768
-0.416361723328768
-0.491836880449418
0.903716782245578
-0.430112657875482
0.015997219320477
-0.00157532445321225
0.00157532445321226
-0.244800671845286
0.645641806897463
-0.407279979058616
0.00643884400643908
-0.0
-0.0
-0.255042362357746
0.248225711387789
-0.00959387961370512
0.238143836734788
-0.484519833033286
0.491176668143785
-0.246383563332078
-0.173772517360193
-0.000222005674194371
-0.00173385206323802
0.417263588534544
-0.245726249188557
-0.168660514916099
-0.00280095795222691
0.403077845446245
-0.420052476081523
0.00662565845713091
0.00803792768628053
0.00201041279083731
0.00112663042914402
-0.00534492900100413
0.00416754230850886
-0.243623285152791
0.236409304500327
0.424753090673727
-0.414647981879676
0.168007512411809
-0.173302036196617
-0.240350676942653
0.00319131165218931
0.654855586181184
-0.414115438555005
-0.077704627437069
-0.16911895225559
0.246956391178948
-0.0001328114862892
0.416361723328768
-0.416361723328768
0.000397937760716979
-0.000397937760716969
0.416361723328768
-0.00224628477376262
-0.0
-0.00221872230150177
-0.00248496191720624
-0.415813898181458
-0.415674353806726
-0.00586891599653172
0.00475063847970695
-0.251338943107836
-0.00416484105065466
0.000672624206144831
0.00112663042914402
0.414115438555005
-0.414115438555005
-0.0
0.00153379736641693
0.403515887865823
0.422561996998718
-0.17228998393025
-0.245433005590031
0.261329689852724
0.832723446657536
-0.832723446657536
-0.0
0.414115438555005
0.000495968947539458
0.243818608136077
0.00216500182726393
-0.00142934199549052
-0.243806032931404
0.259760460902327
-0.0
-0.00335904889417566
0.00335904889417569
0.00145188027988838
0.000261861169204001
-0.00171374144909238
-0.000451494863574153
0.41456693341858
-0.414115438555005
0.00249547718405624
-0.00348708151546519
-0.244800671845286
0.227815534529896
0.431895312683543
-0.413458295088265
0.00499346160831607
0.152038427292361
0.251595272592981
-0.425767848162519
-0.000397937760716969
-0.65669738809879
0.239455742844282
0.00534492900100414
0.415567318834894
-0.416727395538209
0.00108549368695682
7.45830163586608e-05
-0.0029147646438446
-0.0163377303795849
-0.24278250654754
1.09475844822851
-0.852204061156983
-0.001126630429144
0.00112663042914402
0.41689197670202
-0.416361723328768
0.407009056878629
-0.409338564887169
-0.240376207757313
1.07489890905014
-0.838506736113025
0.00578328945548926
-0.00534492900100413
-0.000657142815013292
-0.00530671670539338
-0.223703746258645
1.07752411850282
-0.244800671845286
0.243449555230988
-0.401193971512844
-0.0
0.399657646976336
-0.658792780688598
0.0169596713196605
0.237490073085405
0.00468538930719656
-0.0
0.0044250325248088
-0.0886270151864682
-0.00155871650920808
-0.00246938609622537
0.00313179061259351
-0.000662404516368142
-0.0196834452542159
