0.244800671845286
0.00132070743049241
0.914515717443492
-0.661217793055685
0.418115774450149
0.535131148461115
-0.70986467282149
-0.245851636186
0.00171973395753606
0.246480201248551
-0.243863582569171
-0.250581537325545
0.493258751357487
0.405142249462372
0.22718035905082
0.0166930127441607
-0.246404814743617
0.00236828478916451
-0.491969628479737
0.500576647131016
-0.249330633397526
-0.00455679970701268
0.252970484607262
-0.240816483630501
0.249987826493538
0.00250165850217471
0.242551844808163
0.0055661767286502
-0.250845395778733
0.24408770853629
-0.491768882070956
-0.0083913673449588
0.0173092760451992
-0.239925182696117
0.244173439459899
-0.244505292650889
0.245257528673192
-0.0156044469081467
0.174668245101189
0.254699505561012
-0.667900723836708
0.243479964414794
-0.00243740780255565
0.251662122213592
-0.254131508309817
0.664676660255153
-0.41584310971039
-0.00288420003374387
-9.87267778563984e-05
0.246953153847575
0.165661968231109
0.00576950909745648
-0.671530470622989
0.906446760215492
0.417868904273345
-0.655906977994498
0.242551844808163
-0.00543998611330257
0.422297596353803
-0.42610592658518
-0.0
-0.00163399650306883
0.0102357300545087
-0.253402405396726
0.661162395174054
-0.938794438454317
0.521917098722462
-0.00916581776163832
0.00743514939096211
-0.242174809975923
0.658536533304691
-0.423643834056453
-0.237642112068111
-0.361672420112029
1.01289971736189
-0.906408994739585
0.908655279513348
-0.660112510174582
-0.245850556844759
0.494661856774179
-0.0827651405206752
-0.0751537119135963
-0.178631711397948
0.251871331759753
-0.243479964414794
0.245071738728808
0.412523664240991
-0.403020342898002
-0.254575060071797
0.243479964414794
-0.0
0.24508833811173
-0.000390003663757752
0.416216527247674
0.411969706554033
-0.401285308782688
-0.00855066971350672
-0.238355329957082
-0.251246013733491
-0.236141307093404
0.65853718572137
-1.01024049886468
0.252489484995713
0.2280959220068
-0.230597580508975
-0.24336285280319
0.00951721298826125
0.245876300630293
-0.0277565682329464
-0.223293824601512
0.664164243301404
-0.664164243301404
0.245693549398839
0.409308662061885
-0.414115438555005
0.247615448505904
-0.000506265627847506
0.00083214333167015
0.000429029001316855
-0.253275858482021
0.671007807444761
-0.913528185471755
0.249150339526011
-0.253612921551008
-0.0
0.659841687743562
-0.491847628464335
0.0754859051355672
-0.0115994396432365
-0.478001904047336
0.243150328720074
0.909714906901169
-0.922295241125421
0.515593960461959
-0.235593929735366
-0.00436119983085589
0.242623600413592
-0.488250227076274
0.666604923550718
-0.237814262561746
0.244800671845286
0.497987333688799
-0.0943512245467099
0.264421325286186
-0.183833754175858
0.411104242093252
-0.398350720540397
-0.245820493391173
0.665135168596937
-0.665135168596937
0.658402507561097
-0.407503659375222
-0.0100120752801567
-0.233466395927789
0.238257217595525
0.00832177305058073
-0.0
0.0100120752801567
0.00466993592186383
-0.262137993850156
0.253921770682854
-0.248196784546304
0.00483194961446215
0.254105345363378
-0.249041741665636
0.23711185869486
0.00976989845345985
0.406591824875308
-0.239358143468623
-0.000951682573914522
0.243479964414794
-0.0
0.934078935737363
0.637664716492035
0.256188900740969
0.418674711427696
-0.41777284622192
-0.240026623338705
0.00414386019365877
0.194037025790826
-0.186088809744203
-0.253128567269302
0.254814240332291
-0.253509738310099
0.231318973996809
0.0108564883957929
-0.0
-0.240886772905718
0.239675322226356
-0.00548184135084292
0.00371276941778045
-0.00468744031954892
0.00831808124592456
-0.247904996939603
-0.257932680219077
0.501412644633871
-0.0
-0.0176448261537762
-0.221968691043259
0.240533669927879
-0.244778025848348
-0.245743470573069
0.493914699374731
-0.0112400062412827
0.00743514939096211
-0.00219718549855603
0.254206267551828
-0.00940559570654122
0.00390491128734482
-0.00337465791409338
0.00984405592325163
0.423413061693514
-0.401948243921079
0.0254152104409436
0.000123407536721868
-0.25011123403026
0.233568443741323
0.0165427902889371
-0.00378764849956373
-0.00793980947559246
-0.241211389004618
0.246359388354494
-0.23991404646629
0.412665358554503
0.232309670052906
0.00764699941997184
-0.493675250018404
0.897106032544788
-0.650984653269009
0.245715501173639
-0.115503850982675
-0.156108579774718
0.419377114930992
-0.428172751529258
0.410458030888091
0.232532530783968
0.665307532327632
-0.420506860482345
0.00765902035747561
-0.168902739797561
0.0184995697642017
-0.498885227213301
1.09027136819671
-0.834136420433929
0.132095787043441
0.00175305440840707
-0.245727771436298
0.00428970967141571
-0.249916336334098
0.244800671845286
0.252241951517305
-0.250068236928195
0.414188008739658
0.00839412819255961
-0.00649075972340508
0.00709448412227653
-0.24918593011742
0.243878304543022
0.160176693211027
-0.164174475320038
0.421599289726645
-0.429227506272324
0.00576202375680176
0.172237871733119
-0.171561051483482
-0.242852282642239
0.00938588671444964
-0.00120131878128291
-0.0101329571362139
0.00518715464825155
0.00373075405198889
0.907977642320552
-0.672094879175506
-0.0
0.00275478360760063
-0.00275478360760063
-0.157020000859669
0.179249864633908
-0.412886343005191
-0.0116206364554461
0.247636211086781
-0.498885227213301
0.649908542297699
-0.423359973659725
-0.887426585374684
0.704021544132453
0.00665683511049847
-0.243479964414794
-0.253194646328849
0.662034349759038
-0.419214012726691
-0.00915118079147326
-0.50309263873447
0.659326391380707
-0.410601893814486
0.248714570784855
0.651360108736155
-0.416047504676583
0.00647893537992187
-0.256118936793624
0.672226011902567
-0.497906480775435
0.0142992363916672
0.416086796800536
-0.414005946433703
0.00373498240448407
-0.0122856521179908
0.00197495922411212
0.242928444717688
-0.409865247623244
0.169165512784574
-0.167193918796024
0.00325287091835791
-0.245424225427201
0.238355329957082
0.420403636228353
-0.418870552808907
-0.00195237087923402
0.012230315660278
0.243181305385534
-0.00474873926018145
0.0125085585682642
-0.938308946212803
0.256193615104486
-0.00412079083415888
-0.00455243287672113
0.00158289148679193
-0.00202856036108949
0.00825803297523357
-0.252867652968942
0.236705093161991
0.228790732640562
0.0122791851527354
-0.00810191929209615
-0.241885907201442
0.0101329571362139
-0.0109890323686625
0.0111344600841125
-0.0084122430787726
-0.0746603694442633
0.0825548006056864
-0.00706889547011919
0.422431170019442
-0.422431170019442
-0.238352149241271
-0.00522683615845343
-0.00177297738329109
-0.247776433722177
-0.251694691741885
-0.488966972347349
0.494061055875338
-0.00534620679419875
-0.232579901318356
0.235049287414581
-0.00118495372607496
-0.0147674670699707
-0.225920808137418
0.0044075743016262
0.227375465285255
0.00347659403328352
0.0107229215668955
0.423642717195541
-0.663066605737303
0.00387737933152807
-0.00450179214566385
0.490584321886146
0.414115438555005
-0.246586012729338
-0.0047907874190741
-0.158441159083586
-0.0042974793230075
-0.238178807792875
0.238940057949599
-0.262299616554415
0.268216042133717
-0.022382719310466
0.0180416181843763
0.489827232038396
-0.00790605926612671
0.429041592121526
-0.173228665649287
-0.263830629696792
-0.143523469216166
0.156292791866585
-0.907190277684464
0.491836880449418
0.00495763175984645
-0.00703815870606294
-2.21983263397136e-05
0.00533351790627521
-0.00713825958511159
0.250114317384067
-0.494788498338824
-0.170268531284932
0.00687456373273153
0.778215692478045
-0.531701279183666
-0.00162631564763564
0.00214811095738867
-0.491836880449418
0.487885312290061
0.00728220812916137
-0.00320059031328435
0.00615695413893234
-0.00621925181027173
-0.00230328874402648
-0.000180486235342076
-0.0027016293531304
-0.00196522381080479
0.410723488156963
0.00655445546227747
-0.00674849459132334
0.174086440311976
0.011598121272487
-0.248484558283061
0.251181326800894
-0.256849276861843
0.238361827838847
0.00736505903273284
0.00362621785042738
-0.0163637338200197
0.253817275970517
-0.254723488298242
0.258377304283226
0.412304226420731
0.16841675183871
0.00705819858434035
-0.166312918582369
-0.00589052507277243
0.417909093008324
-0.412140559435969
-0.253118564612563
0.242951893843155
-0.00111965434461864
0.0123792419099765
0.408334094017857
0.00533595184671632
0.245949350511019
-0.63945542015505
1.05634739685707
-0.411199758961632
-0.247139222950214
0.0045848530429396
0.248286740907915
-0.421707807299954
-0.501132460053823
0.498881342755262
-0.254080670909975
-0.23684138021109
-0.243900232020367
0.00303779469105102
-0.00669520235796546
-0.00568494997950498
-0.250907523214801
-0.0253967472652886
0.0245206869031206
-0.256343131215994
0.00559860700172619
-0.48033377237392
0.90424703561883
-0.000865256871676595
0.243040719264278
-0.491176668143785
1.13485790456058
-0.190101569225214
0.0220265868043605
0.614419668452542
-0.698578797298989
0.0754859051355672
-0.0172343297256837
-0.218874321767186
0.236108651492869
-0.0820620334386927
-0.00374635562834024
0.891921945632561
0.418029337494574
-0.173228665649287
-0.241412771832324
-0.00262520945268448
-0.259890494998456
0.017715032605854
0.253629126959308
0.402927231257171
-0.414115438555005
0.0107098461715718
-0.00230207972956371
0.00271056320133469
-0.00875857745953025
-0.000129732268628231
-0.244209856035314
0.245114674951631
-0.245575758492975
1.1727093062902
-0.75128397926369
-0.668851208324481
0.246299250868827
0.243302092821746
0.0777046274370689
0.0108553760944515
-0.0158093949316503
0.00476316586366524
-0.00476316586366526
0.00236558641536585
0.420441478801607
-0.667607737062259
-0.167863100829276
-0.00388106087899818
0.00769138816671644
-0.495269824009917
0.486307970578074
0.176175132026473
-0.409594625716708
-0.00991185314203433
0.00690279680826177
0.415466698118961
0.000118722045780722
-0.251662122213592
0.239573542646579
-0.912233373257898
0.491207716003109
-0.236866692028163
0.655871064612461
-0.662316406500665
-0.247000434349959
0.00424435592046881
-0.237788678944497
-0.835367309602847
0.169761228411358
-0.413544404404789
0.239198162432379
0.418627032190314
-0.239921102544949
0.2503576201914
0.23954017081196
-0.000451494863574153
0.242335754428493
-0.0919363017855649
0.514571415749291
-0.00212037304541143
-0.24866210799847
0.426796434152339
-0.417802591219952
-0.248939336008223
0.490727974119717
0.0113342759174968
-0.00742037697792848
-0.250660596241609
0.662232097019427
-0.428765701091637
0.42230557569775
-0.418648168030835
0.000767624857894344
0.00071923892449228
0.416024228372588
0.00151341460847318
-0.920458716665415
0.427099079622661
0.00386644721775914
0.41661709705718
-0.176473326486894
-0.492823809557831
0.493219771210873
-0.493886607611042
0.645243888095364
-0.141668380718301
-0.504018702694316
0.501708724986864
0.397474781125045
-0.645393435406943
-0.00518715464825155
-0.00233385037297148
-0.244931844694682
0.00251533060346092
0.251939937251777
0.000597615856600222
-0.00784741257482727
0.00616554910156173
-0.0156743452792677
0.00788861728079154
0.00130450202219207
0.662007950283763
-0.176897179163488
0.257961450432793
-0.00928388352272879
0.00157375358234822
-0.00157375358234819
0.243970160147914
-0.00102094805356088
-0.241904006398771
0.234252336883614
0.00674242870552488
-0.663787604626739
-0.832595740238639
0.0093416421042643
-0.00115948430546644
-0.000617039346383846
0.409194542637071
0.234800526195362
0.00817232559857365
-0.00830513708486286
0.00581810950281701
-0.00542017174210004
0.414115438555005
-0.409745272249635
-0.244422702354526
-0.00629269924755595
0.238370435962074
0.0147803298709714
-0.666349549822306
0.898014163834135
0.00669160856073139
-0.416098247647149
0.000993818942854817
-0.23711185869486
-0.000225888347823553
0.242903923771334
-0.495167520419223
-0.228971982368969
0.238956289258072
0.417154219453051
0.173228665649287
-0.0
0.489052165462094
-0.000858846849506517
0.415540278090334
-0.652487582969431
-0.00879563659826544
-0.249701643403166
-0.00664638768201621
0.00279126149375755
-0.0120715638446414
0.252736443482944
0.233466395927789
0.491966930105939
-0.243252359321084
-0.00092621502629376
0.00805903609314569
-0.0140573129742523
-0.0066110201739827
-0.0
-0.239613517197035
0.665711896129303
-0.913396768008333
0.253473895556166
-0.00896646511989274
-0.235589521736033
0.24431073742549
-0.116717688378726
-0.38775047359873
5.31234025387096e-05
-0.492569231736956
0.00907815235701492
0.238238489124004
-0.489601343690573
0.227408555980056
0.0134079276504451
0.231065086628246
-0.893548189232793
-0.0029147646438446
0.00143407617710822
0.402096595572158
-0.649652051025045
0.00588955851513744
-0.247362617040853
0.00419883808339044
0.00227613881014836
0.419317389762353
-0.171081904644745
0.247555455452887
0.0193795900078822
-0.00743768799008896
-0.243270924863949
-0.00573630711914207
0.00414056239213683
-0.00183145734023839
0.664842428706349
-0.666602381287357
0.0113342759174968
-0.0100135684870044
-0.234508048560545
0.00595392572059277
-0.265476076047364
0.266489651496516
0.409855551171634
0.0843214879971119
-0.233124543639141
-0.2549336289815
0.908014261568586
-0.010312981324962
0.00391389893956834
0.00573522028445683
-0.00183533304211439
0.00453025971035475
-0.239728227792679
0.654171999270296
-0.245682159487999
0.243191999199872
-0.0145431446355702
-0.239231757400268
0.00715312567045231
0.145260102108792
0.249299403645064
-0.0111230476045657
0.00752618101056375
-0.00968296081245414
0.0138364683719223
-0.00759828631490982
0.409492259306797
-0.248970444749396
0.644736456118178
-0.000461083541344269
0.237050112773671
0.0134304867037935
-0.00542093705111898
0.165933915278808
-0.408431632509586
0.246044810141476
-0.255696971864992
0.251820853440957
-0.00667043648202605
-0.00663424145677787
0.069650337521136
0.420114083790087
-0.416524800949419
0.169588442374613
-0.0152930552625144
-0.00023935009980455
0.656567655830162
-0.411912723524955
-0.00124347126222182
0.421858304551256
-0.406144794736834
-0.254087847131892
-0.236702869097921
0.256647069975755
-0.245949495538294
0.82856170816557
0.422053941069156
-0.411078637628712
6.52607643390384e-05
-0.00212265550454233
-0.00772452471769494
-0.655058714783658
-0.00891790870024043
0.245099030618025
-0.245099030618025
0.657146758590287
-0.411815833371749
0.00389477915155734
-0.900755165843372
-0.00250165850217472
0.40753931025188
-0.253592104735807
-0.241953091323747
0.494661856774179
-0.497576621418023
0.501311744932683
-0.252753901739348
0.243479964414794
0.0708949562127015
0.415192113599828
-0.412292436261323
-0.0737946335512062
0.0732396203618045
0.843097755954039
0.250808420463503
-0.245332169939289
0.672199756741662
-0.432212572556754
-0.156519941232203
-0.00698283504319727
0.248260062017689
-0.00857505466121426
0.00733923010459046
-0.24080562603238
-0.0100135684870044
-0.246121379275779
0.49778350148937
-0.913404346691359
0.2549336289815
0.238898090884402
-0.238898090884402
0.243910996520042
-0.000261217775019729
-0.491315085139665
0.489601343690573
-0.00196015891643262
0.00523166568434105
0.00568259407505862
-0.00526268512577797
0.00510422088107637
-0.000676820249637328
0.00762129723750691
-0.00406405087852538
0.42112606826944
-0.428293945925263
0.419052852848355
-0.404241592725006
-0.00815822216150373
0.0023140943292672
-0.40814414664149
0.0110498864568024
0.396861570462129
0.429615730647485
-0.660293494754777
0.238956289258072
0.00283525018142124
-0.2550445946547
0.0107513967130321
1.17725285528979
-0.928538284504934
0.242338653185606
0.407554455333892
-0.409442230701147
-0.00988713738117995
0.0015445672832152
0.00736651298857527
-0.499825918349872
0.482333223043616
0.016559074011595
-0.0028521093581992
0.00619489281844206
0.660672460754258
-0.660672460754258
-0.253718580545527
-0.0
-0.00415495643402155
-0.244544180572632
0.251501887698033
0.405399361028913
0.247879886862055
0.0113873298254635
-0.233944521456329
0.00985576394378344
-0.0144980576249692
-0.842404880822261
-0.248793609953575
-0.00135111661429822
0.247066617787938
0.417783594236837
-0.678095682072478
0.408409919943199
-0.414638099685498
-0.649338234190811
0.247560060357328
-0.0108653054257775
-0.485555950995945
0.497367134196967
0.00188281234811445
0.233498836211443
0.491194955668853
0.0053508650095894
0.404081118660892
-0.409836223109522
0.416326362116139
-0.246121379275779
0.489601343690573
0.0056178440654796
0.164473526955755
-0.168377629572142
-0.904774657450863
0.903716782245578
-0.508809747821522
0.507655736494911
0.411896716253504
-0.650252046210586
-0.251246013733491
-0.652440560930992
-0.490952460304871
0.89708015230317
-0.406127691998299
-0.00271971954831966
-0.0153555132426026
0.00546445741882417
-0.499282777855297
0.485218783070227
-0.231026232251376
0.666765595903995
-0.414110250415135
-0.497166462142987
0.663787604626739
-0.177545309830342
0.167818727788188
0.0102558613795807
-0.503813901708923
-0.00386232641672854
0.25182406524711
-0.248339752749279
-0.250910193795802
-0.00387098896887367
-0.494281024435206
0.489601343690573
-0.241636425044407
0.659581039859967
-0.656299944772642
0.0745841490272969
0.410725945968143
-0.656759491750782
-0.00301345911464937
0.00493372048545505
0.721068753810067
-0.311356782367265
-0.656821154320859
-0.00518734543185445
-0.479729971656577
0.411896716253504
0.0663172976116055
-0.00180498315635351
0.15792197161606
-0.159498843138469
0.413258543799187
-0.497660379783718
0.0108553760944515
-0.00851680160809542
0.00157376196560373
-0.00944924255024431
0.00839136734495879
-0.0170993099382284
0.0284335858557253
-0.49389882301358
0.493130273298409
0.414153501151424
-0.0120080609395868
-0.247847172008682
0.250800729500795
0.406168641059596
-0.399723299171391
-0.161547482996477
-0.651520740304692
0.247425881297971
0.166689557257035
-0.431860704534295
0.0104324481630327
0.0017074841483187
0.416271931363453
-0.00536422188980847
-0.237274490834723
0.657095325859507
-0.901895997704793
0.49704208833278
-0.244552603337067
0.248708968847843
-0.503667839939781
0.650311350484164
0.420554282561444
0.000117571348795847
-0.159099384709785
0.491966930105939
0.417109200256364
-0.253249862868254
0.24597544159885
0.00732880257860878
-0.00789712926092133
-0.250086075848369
-0.0145150034253652
0.00781980106739976
-0.256509924259578
0.254480116281939
0.713401855093687
-0.248863252322588
-0.00674355672829117
0.407855392483931
-0.247425881297971
0.243589221165924
-0.243589221165924
0.490131597063824
0.484915954383376
-0.236201383598521
0.230884299410621
0.245188921507251
0.00779631827120185
0.498274567401453
-0.25257203035039
-0.661929569514941
0.413417398162066
0.662028460290712
-0.408450799109815
0.409023010787504
-0.415404128041889
0.248495653494196
-0.2513754799696
0.250708612854038
-0.0295069603029758
0.0188098024066894
0.00144649280249484
-0.24577588984158
-0.43176946880239
0.0106009689805011
0.253629126959308
-0.00728389166259615
-0.263871715589407
0.511331748690593
-0.751400820096767
-0.178430320325714
0.0100120752801567
0.0133719924453285
-0.00956429655541043
-0.413710311243962
-0.00172519705851184
0.00476600271409422
-0.00485550062655819
-0.00480677649312088
0.000926215026293752
0.00476600271409422
0.00456148396411245
0.00985479880546184
-0.495768373954916
0.239086817918972
0.00283181726900877
-0.244063971655979
0.244055923580534
-0.0026209154241383
0.00771324283024012
-0.00989105582377841
0.411896716253504
-0.250218563212417
-0.419709015055776
0.00186414327470362
0.242175462392602
-0.246603059319885
0.250786955648383
-0.50128697928306
0.00249547718405624
-0.492096820874629
0.492485543724316
-0.00288420003374387
-0.0
0.248072178613195
0.00651858759537949
0.636723898197223
-0.890442478742749
0.00576950909745648
0.245092135277233
0.422890806078982
0.247466417212424
0.41746082937791
-0.427815387895474
-0.489601343690573
0.912032513710015
-0.245184252228726
0.00377491421085791
-0.252489484995713
0.416236866495923
-0.422932068853888
-0.0
0.409970345487142
-0.414433290589704
0.00747640421721186
-0.00045296739529111
0.00752618101056375
-0.243153299160014
-0.00621093068105996
0.253247139285192
0.414213612371379
-0.414866257643433
-0.00736618094228118
-0.234122908875255
0.2420590886943
0.16819499014551
-0.422820855348433
0.247030182140409
-0.496718588709388
0.256410793039533
0.237857722369158
-0.240330289181194
-0.251246013733491
0.49691864016376
-0.49691864016376
-0.914391041299785
0.495670790381247
-0.00300205115220282
-0.421521332162047
-0.176867848664535
0.000913872631057493
0.0160255565897449
-0.00803463274169367
0.00136359932689882
0.00595429644663044
-0.00505725591507043
-0.00124272664441858
0.00224158074995262
0.246419818313071
0.00171374144909238
-0.245959563248986
0.253407853640574
0.238581218304905
0.00404191289958483
0.412452621915472
-0.415568319788764
0.240606545567512
0.00134275566708138
-0.00824952837694875
6.78095555045814e-05
0.416683110965498
0.238581218304905
0.00834910063506086
-0.252477328501671
-0.246522742749621
0.0782348808103204
0.0066629151454404
-0.00379287241831851
-0.256561694679892
-0.231222149852076
-0.411784431102229
-0.247992423211867
0.249012244757754
0.413663539602158
0.0040688481808987
-0.410736225297736
-0.501531226661349
0.481335963710589
0.16992946905445
-0.260503163600887
0.0892011026984647
-0.41188755673233
0.238884868169115
0.17909701760365
-0.17174713775037
0.00741442634021904
0.000634971262120457
-0.00608426532979053
0.17933093858643
-0.172776099919455
0.171561051483482
-0.670080303874295
0.494788498338824
0.00409672887447724
-0.519377727951093
0.0204925007377912
0.484475994071642
0.000439960311734078
-0.437676596413937
0.254781269012959
0.00301345911464937
0.00583765170216859
-0.0103649237101321
0.0017785114119207
-0.242175462392602
-0.000510565148404958
0.00557416884614673
0.246071143222192
-0.494007297633672
0.498597941124323
-0.831440801823462
-0.242169417739792
0.24607392755397
0.00200601387044032
-0.00087507463091537
-0.00252522146945797
-0.00270479082862138
-0.00197773365601463
-0.00192026137080567
-0.242108994381091
0.00373075405198889
0.493168335894828
-0.497578886231564
0.0817758949497817
-0.230047562152593
0.491576302914685
0.00434523187748195
-0.0122181910453325
-0.234771786581351
-0.249640148128125
0.245726249188557
0.254910091059319
-0.248608766752219
0.240203912397691
4.97188500884958e-05
-0.00267115189486259
-0.00832905760071254
-0.000516723160307823
0.173993422524133
-0.157714489149883
0.00468091841867016
0.406550320102591
-0.410201539615437
-0.247393863354362
0.00565976459623065
-0.40829895417918
-0.256134947762783
0.247030867127987
0.00993699935122571
-1.09771082485551
0.159169512458043
-0.157723019655548
-0.250229862199236
-0.417893306804538
-0.253638156707087
0.239218011409662
-0.0
0.658916110400292
0.246121379275779
0.00759720126974801
-0.246682412667154
0.244531193117247
0.0832789877060327
0.00224628477376263
-0.00574143805829383
-0.503726881676516
0.503726881676516
-0.0
0.00606944669067386
0.570217880809268
-0.572855808180851
-0.00119598256024551
-0.0780797512134787
0.0783670319534371
-0.236545167661414
-0.00891790870024043
-0.0
-0.000523078944223744
-0.24362734267249
1.07687386827425
-0.907938026243453
-0.00600207181601745
0.482615092527504
-0.467572980371223
-0.00692821463319611
-0.00211182570706764
0.00507722771907639
-0.0
0.00130450202219207
-0.00275478360760063
-0.00424435592046879
0.658223600151965
-0.652512683151565
0.249082298804981
-0.241055219992405
0.00467742440405264
0.249804681605958
0.000851989753219432
-0.0120161832272225
-0.00815825486003714
0.425778199240732
-0.171047459984634
-0.490493859868343
-0.00349186038046486
-0.256652501854041
-0.164771404886694
0.00987926379386754
0.401884640973347
-0.65703191312737
-0.000794391598433186
0.519451541288985
0.242632696979235
0.231530671489091
-0.247964918646165
0.235319292848272
0.18089970642194
0.00158289148679193
-0.0194806144994463
-0.167800387154959
-0.00881378129599762
0.00956618156959795
-0.712793023547231
0.00793577163765788
0.41258235513556
-0.660167799758479
0.248762758999972
0.00816251701157248
-0.00787936714225829
0.000875876704517849
0.398485776803873
-0.402527689703458
-0.240850807141138
0.239605216785579
0.152486426540042
-0.234128800444158
0.238803522292314
0.40753931025188
0.501055008257279
0.416807651049012
-0.242554387071524
-0.40921693812224
0.00170357993038559
-0.00419905711444182
0.00719131786260688
-0.0111726684405955
0.00398135057798866
-0.011583085827866
0.00218191460789981
0.40970488821827
-0.903335546760895
-0.00179925463528882
0.00384526614026462
0.0919530892624711
0.157204988584439
-0.174838910404468
0.00125818723995291
-0.00936010653204905
-0.242140524224162
0.653726156664828
-0.667921872792317
0.0245832902864229
0.244558770532851
0.499068404861704
-0.253320481850431
0.498152013404079
-0.416807651049012
0.00583477372646179
-0.00314256123245507
-0.0
0.245444559026141
-0.00811491772731638
0.0176039876826752
0.230598166702676
0.00406954800639688
0.00948848436317059
-0.232384373263891
0.492020409276959
-0.491346950029523
0.00150613649854351
0.173964480472101
-0.409870963605363
0.410895700029799
-0.659142085810659
-0.235065652469789
-0.420828775161928
0.65562930135729
-0.654849864772139
0.000835724760045953
0.154841509145672
-0.656253881036735
0.499128512401726
-0.00535739580704356
0.716761682319906
-0.923786172600503
0.50712717777689
-0.244963889255729
0.65531039427321
-0.00176986029363326
0.241069437049223
0.413636868221709
-0.00983903685512937
-0.414793665398231
-0.24438182962057
0.254030432475079
0.414115438555005
-0.67674017179928
0.0120893574840485
0.00130450202219207
0.00975824433748921
-0.00817731437468602
-0.24260051435481
-0.0
-0.00391389893956835
0.249987826493538
-0.249987826493538
0.239455742844282
0.00822912903474801
-0.00288420003374387
0.834958983416382
-0.660174125857738
0.247861362113257
-0.489601343690573
-0.234197094051015
0.800258980693173
-0.801502451955395
0.246167694058018
-0.0220746178511622
-0.488205989905491
0.258988279240923
0.00636810571993385
0.248206954351863
-0.00692532275289325
-0.00819399447462188
0.00402422157051173
-0.415789764974619
0.00408712572246415
0.00242003348137823
-0.427710433583689
0.420966691626864
-0.413493606166732
0.0108903475022467
-0.242175462392602
0.245318023625057
-0.000258695785371268
0.403623751604541
0.24345193376267
0.00523446478763345
0.491847628464335
-0.489601343690573
0.494697076046761
0.175383227827533
0.00453578272473808
0.253033906127412
-0.00138811632532117
-0.00480677649312088
0.00493372048545505
-0.416797526758706
-0.905963067019341
0.473190813106911
0.0101714905990873
0.242765359388342
0.170853427769496
-0.412298079727346
-0.00574918335351031
-0.00952012833063027
0.426663587394362
0.00483914916256731
-0.496545820678442
0.248714570784855
0.245566453650351
-0.242175462392602
0.233648238299417
-0.0116163013934965
0.661632800352768
0.414803958009952
-0.657688981974895
-0.491098271321792
-0.500816096738878
0.0124039777628689
-0.0152737922038657
0.0152616408589077
-0.00492156914049706
0.423926841781182
-0.423926841781182
-0.0861723908395972
-0.416891976702019
-0.0
-0.250149910869
0.00926313796328217
-0.0715928564144513
-0.229810640279877
-1.3499473730619
0.424343579744828
-0.912533412544461
-0.0
0.247425881297971
0.246011500426555
-0.00820646128066129
0.493771116594683
-0.247649737318904
0.245595063443719
-0.168493865982659
-0.238024371302598
0.491445774253784
0.174903775568522
-0.258073609018264
-0.23684138021109
0.2549336289815
0.0120454338005526
0.417917682766435
0.182725244957485
-0.00794890318520545
0.00794890318520545
0.250414256159943
-0.488699478484797
0.495921534792167
-0.00699701135123139
-0.00470332331649071
0.00538014356612805
-0.0
0.832723446657536
0.833641662194454
0.160598689183627
-0.247846609338527
1.09152215347904
-0.845127424420405
0.832723446657536
-0.824787675019878
-0.241080039057537
-0.0170744333613205
-0.240162973545157
0.247555455452887
-0.842202893864776
0.250842552202087
0.843458759971358
-0.429979152231062
-0.418354265411899
0.415334531784123
-0.410459874112519
0.408218161511307
-0.408218161511307
-0.0139163724346657
-0.00034972013665937
-0.487891120222909
0.244896827924482
-0.00980471323888207
0.0804569259747734
0.00218291097779855
-0.401193971512844
-0.0
-0.0
0.243479964414794
0.00493483278679647
0.489601343690573
0.0153754756743993
0.0104947802226499
-0.258280525829296
0.506417693450562
0.00563310223284437
-0.0954789345054017
-0.00211292723332494
0.421477171900834
-0.00375258281992025
0.250403228053428
-0.00783622816852679
0.0204925007377912
0.00193010459758928
-0.00161414013442
-0.243009282067763
0.424666860413631
-0.00817232559857365
-0.262890331873949
-0.145176228660664
0.415311838329296
-0.407355396621698
0.235794345138216
-0.00380224421142904
-0.407338530646563
-0.0120094244889641
0.00298623180675925
0.250366848573937
0.491930851699113
-0.0
-0.00506051308360623
-0.0
-0.0
0.240788266416023
-0.493403587902002
0.00358078233571541
0.00245628693731999
0.182131785533549
0.716018667623778
0.672203530552444
-0.24438182962057
0.239256480001639
0.00955342485136332
0.188065896813853
-0.171561051483482
0.00490676043683695
0.165487623212919
-0.83185750730319
-0.0117365083000907
0.0082075786922542
0.000530253373251458
-0.00917249749983947
-0.24770462025335
0.672306733498155
-0.418482776248647
0.835908758304334
0.00122960170375169
0.832723446657536
-0.424828608444567
0.00846688511579857
-0.420163967540197
-0.425645606851497
0.589243482242742
-1.07884482593331
0.411453209191448
-0.665185697774424
0.594345206328434
-0.41414907638098
0.173262303475262
-0.010034787401419
0.0139163724346658
0.00285254036034477
-0.0117847788958354
0.489734155176862
-0.0159230203675372
0.0140228941791786
0.00027719780485286
0.000725539000883603
0.003585713432472
0.0150886954825198
-0.00288420003374387
-0.0
-0.00786447457797812
0.0146056783157023
0.411397670002979
-0.413189223528712
0.00145188027988838
-0.00789072428632744
-0.667894171690744
0.00237114252613811
0.00308883307987164
-0.166584910822977
-0.00154083249106493
0.167207170987491
-0.420658200758796
-0.00224628477376262
0.845223433135799
-0.0100791150768878
0.424714856003942
0.426125022507991
0.413940360292607
-0.166224923803476
0.153469739393181
-0.407406928818724
0.0112138959182365
-0.411111129568632
-0.0587081343700331
0.00971035077434754
-0.0099614489206808
-1.13582917039834
0.71267400022199
0.230402682111878
0.0123216376557832
0.161527708293136
0.00721261262299908
-0.000780932854779072
-0.00346342306568973
0.400443216250078
-0.400443216250078
0.00335904889417569
-0.0149597890570409
0.0162453950716709
-0.000794391598433186
-0.475742189451274
0.416361723328768
-0.00719316851869186
0.00839931235449037
0.411044836411888
-0.0150773626118835
0.244800671845286
-0.417103102758771
0.000741379430003312
0.404139014151507
-0.407273852983008
0.424945076943137
-0.42570503978987
-0.429577216857562
0.189371284356168
-0.174186260936166
-0.00873166006625265
0.00617584877208061
-0.00687456373273152
0.0165596820493091
0.263353404476816
-0.0210891804969041
0.011014752159389
-0.24210845935128
-0.00470492285507077
-0.0172140591579906
0.00446500707526441
-0.0162039930410275
-0.247520391393606
0.243939609057891
-0.0022355367588454
0.657653627635947
0.00403902091135874
0.594361618818689
0.644144550937618
0.0154483797123115
0.16174270062278
-0.188867425549014
0.00391389893956834
0.00534492900100414
-0.0135080924336904
0.424270855857245
-0.404818911054574
-0.00930290126315702
-0.00824039074906088
-0.23423466734072
-0.00264302292184177
0.0128219845471668
-0.00681991273114937
-0.00600207181601745
-0.233625700939025
0.244800671845286
0.163639078231513
0.431470603047784
-0.670468008219086
-0.020395332373932
-0.40753931025188
0.00480677649312089
0.414568405950297
0.413348264214119
-0.826653999966862
-0.00606944669067385
0.00378573065285987
-0.0131652014659228
0.0093794708130629
0.414115438555005
-0.00026545726887189
-0.246098195953332
0.230100976632855
0.0196841831742895
-0.000530253373251449
0.00607906193833663
0.607953454932932
0.00512534961893062
0.833385851173904
-0.830243289941449
-0.00516546907982761
0.661151647159137
-0.418367247162981
0.410730877510229
0.666606125704844
-0.404867332512644
0.241723967529028
0.00214026102930268
-0.000108027745525128
-0.247607216081916
0.00903979033910235
-0.412822931279797
0.00717854694070639
-0.243889203841694
-0.0126562725692644
0.415219578690633
-0.41744766813493
-0.252851286242932
0.671499074932019
-0.432302682715614
0.0102000795624094
0.00320039067089796
-0.00682434193018194
0.414910175368153
-0.00089962175072405
0.433578651960527
-0.00519064821442558
-1.07451208476903
0.406066589100791
0.406119365548573
-0.00358078233571541
0.00358078233571541
-0.239613517197035
-0.0
0.244831081029092
-0.00512534961893061
0.169637937742126
-0.00500400976067207
0.240886772905718
0.404788804031724
-0.414517386666061
0.0044250325248088
-0.00644794037218135
0.00325817101210747
-0.231999111493654
0.235787196151051
0.00336976938566392
-0.0013281547094083
-0.00026545726887189
-0.23711185869486
0.219095464737805
-0.00817545854448015
-0.00612528640835271
-0.244800671845286
0.411896716253504
0.254326192004157
-0.667178481140692
-0.661094014784773
0.242471578867758
-0.00674225013283176
-0.00130986718434036
-0.000447583394160288
0.834480897236037
0.41309021656086
-0.410444835973615
-0.00145188027988838
-0.254016358086759
-0.020782248251913
0.161953332628646
0.00179925463528882
-0.247492884339293
0.253687777157735
-0.00448115136934966
-0.236381456158165
0.00806534808528286
0.412319810429183
-0.653699470371452
0.233752951202199
0.00881415199244022
-0.393949328524401
-0.246880260515167
0.241672982834937
0.422742332866012
-0.240572410384192
-0.0025195556921305
0.241986007895234
0.161416938285747
-0.156421677837231
0.00628965935789791
-0.024152526482262
0.0231507232539296
0.410543613825951
-0.4156993188124
-0.658157093736485
-0.253538468263078
0.398657299598379
-0.88892104780532
-0.247282208626223
0.648476180139067
-0.895039671123886
0.248819139417932
0.240886772905718
-3.95689210483415e-05
-0.0060641141112007
0.254229467833191
0.00941597689585282
0.41833668255288
0.500746499064887
-0.24459677888907
0.420136637539626
-0.177003579860145
0.666417816046687
-0.414115438555005
-0.00666563643149654
0.248794484231992
-0.413493136264598
0.243479964414794
-0.247724320335263
-0.244800671845286
0.00132070743049241
0.242803144165157
0.000887729902431294
0.673607794717767
-0.251902044434756
-0.0177175434734979
-0.243479964414794
0.244800671845286
0.405230479146896
-0.00381938148209239
0.0108553760944515
-0.255656047939738
0.00153983861722715
0.248321346311665
-0.00506051308360623
0.414115438555005
-0.414115438555005
-0.00449272180320105
-0.22624563468911
0.243479964414794
0.424248395691219
0.506524848419274
-0.506524848419274
-0.013497314080441
0.00488528435790748
0.242175462392602
-0.489601343690573
0.491445774253784
-0.00184443056321181
0.400841135052177
0.835638211301381
-0.247543608016216
0.648413506024978
0.416361723328768
-0.409791377803648
-0.0101511278608354
0.00413563238110811
0.00277371408494215
-0.405094996003485
-0.00781236410093601
-0.00291837781934728
0.414727464124506
-0.413384410758371
0.0168683066402427
-0.00219669652225108
-0.0
-0.0149784687257744
-0.0
0.416610915739062
0.00594376946140713
0.00644370682987306
0.589142718577152
0.247510027660021
-0.411969706554033
-0.0
-0.246670062361207
0.243755297717363
-0.241885907201442
-0.257456944414551
0.00171374144909238
0.58752974079365
0.488039624923804
-0.00395498728450252
0.00959046139908107
0.413863292434171
-0.416361723328768
0.173228665649287
-0.192099419203293
0.0185225726673106
-0.416361723328768
0.659974499229851
-0.0129349768868472
-0.00817545854448015
0.0102890880293514
-0.00194838920304717
0.00210532782530228
0.161118570811009
-0.408024570481598
0.778215692478045
0.396215545555733
-0.885162340892291
0.00531271385769473
0.00598425834686017
-0.0
0.242175462392602
0.00171374144909238
-0.00171374144909238
0.407651246955346
-0.423919630560822
-0.0133645025941518
0.0129130077305776
0.000451494863574151
0.00416977290411015
-0.405638186511516
-0.245329836700946
0.238936696947397
0.000676820249637311
0.00989555331220393
0.241885907201442
0.000389197192234774
0.163470140195875
-0.183253655327456
-0.001126630429144
0.000544379926264946
0.419049301656949
-0.00678720371168863
0.0098654716656305
-0.259147650987878
-0.48999928145129
-0.00586595521880634
-0.0
-0.243801537549563
0.0175333382312897
-0.662207274158928
0.25387295152767
0.406076181278551
0.829603939316401
-0.407872231404472
0.411631258984632
0.838163432770839
-0.659841687743562
-0.39576345992541
-0.0055650633509612
-0.00284767458401503
0.406797526536939
0.586638679475751
-0.923197396745024
-0.151314688024006
0.00334661493606073
0.00252125081284913
-0.0118113009432986
-0.0449302847095698
0.0635255517940364
0.229793327106006
0.423935628646034
-0.658916110400292
0.244800671845286
0.418274623565702
-0.418274623565702
0.417419598534054
-0.421676405159009
-0.0060278003605603
0.00983311212194185
-0.00981475183637204
0.0141834880126696
-0.00093281568029893
-0.00236558641536584
0.000662404516368134
0.00145188027988838
-0.00347478812726093
-0.00650279392077798
-0.00132070743049241
-0.413217423683996
-0.0259476419278326
0.36138093174437
-0.165916111130318
0.00427510398079866
-0.00158289148679192
-0.410156383081844
0.835670418705167
-0.835218923841592
0.415039277485959
0.00198485035917747
0.00308694843667795
0.905919892682625
-0.417573589544232
0.0021971923960058
-0.0136297945722861
0.00055958217970151
0.0130702123925845
0.398862267328657
0.399127393603084
0.00835766849643503
0.246151788459585
0.239455742844282
0.00534492900100414
0.411896716253504
-0.419238390196927
0.416229213838184
-0.414543940925823
0.414146003165106
-0.414115438555005
-0.00135111661429822
0.011363191894455
0.240376207757313
0.0039045824605911
-0.00739970258593021
0.00484287989705376
0.000451494863574151
-0.402965918146763
0.660107145012434
-0.41662718059764
0.00867322371088002
-0.273966396293958
0.432389216991295
0.00837890601483275
-0.17547495042305
0.00480677649312089
0.828049481650705
-0.8349821399324
0.41888554287806
-0.245198609606003
0.403513676212351
-0.240255156178375
-0.168056060353285
0.0054061304135725
0.00934020432056022
-0.0110334272049249
0.424755294867504
0.0044169240994612
-0.598055731948464
-0.0145431446355702
0.0145431446355702
-0.0
-0.0
-0.243479964414794
-0.0188707535540059
0.418744017636358
-0.51293676481791
0.505743327317433
0.414590287415437
-0.420990002287737
0.509487392438161
0.000926215026293752
-0.00327657895783441
0.409889674183421
-0.406265217413494
-0.00127409283838625
0.416361723328768
0.00518359577924414
-0.00255838632655966
-0.418986932781453
0.401459428781716
-0.404596472001697
0.178174216729178
0.232597724278562
-0.00815552378770506
0.511041199268279
-0.00683059349063023
0.00446500707526441
-0.000571027567484164
0.00743094637080506
-0.00322780046474466
-0.0
0.410911961841158
-0.252301644710282
0.0137069646533958
0.00256194519556706
-0.399127393603084
-0.504349436643287
0.0753795695847713
0.428713066013493
0.240177391245896
-0.193721166387079
-0.420385158514466
-0.00821084512922524
-0.000815609087291174
-0.242633946143697
-0.664007032667704
0.415744226090376
0.0044250325248088
-0.00456605183585324
0.244800671845286
0.416361723328768
-0.00882241307688809
-0.652339982097166
0.665480863504
0.245318023625057
-0.419928715533023
-0.16110897863325
-0.243479964414794
0.681885418907454
-0.0
-0.0139916230346073
0.25856640653207
-0.683001746388739
0.26508555952701
0.395281107722559
-0.401193971512844
0.834567877220748
-0.245497855647445
0.245949350511019
0.00132070743049241
0.0235370260672534
-0.236784628350822
0.246311797061976
-0.25432784055644
0.164904216372983
0.2435265790069
0.849031561356926
-0.246151788459585
-0.253964055208634
0.24687202470415
0.0824045847181425
0.000855512971940165
-0.238355329957082
-0.0176346394444598
0.647010980601884
-0.66047039611671
0.663074871211664
0.000926215026293752
-0.000395961653042303
-0.000530253373251449
0.178643809258218
0.238380224652869
-0.25311709287073
0.0138828070095197
-0.247405685275472
0.00063026992984464
0.23836994602259
-0.25441022235708
0.243479964414794
0.855326645427713
-0.41662718059764
-0.258531599059494
0.254950816723779
-0.0120021788450032
-0.229217710664568
0.644590469964739
-0.42081318618938
0.00891646993587639
-0.236712508342001
0.650366675174005
0.664013801003214
-0.000890396164077315
-0.420521492660837
0.240335664770022
0.429898241313008
-0.415511199392047
-0.426261080040391
0.0291769126844885
0.397084167355902
-0.0
-0.00171374144909238
0.00118937253924005
-0.00168752133408968
-0.248896439966686
0.00593911281194835
0.244644848488827
-0.0
0.00109540590317141
0.41619253245189
-0.668321706106833
0.00954835269507975
-0.0
-0.240287813561696
-0.245730704659904
-0.177432101913544
0.00826658912896993
-0.241457947760247
-0.244606594843938
0.231950322274673
-0.498638894923615
-0.095691375475871
-0.416361723328768
0.414115438555005
0.00844913232287816
-0.00525397510074385
-0.00288420003374387
-0.00461807023270946
0.00863179433461059
-0.00197495922411213
0.00484377620414385
-0.249399166060819
0.0185995167298517
-0.257700484033589
0.247282208626223
-0.243479964414794
0.179571612630939
-0.174186260936166
0.00145188027988838
0.0121770979978187
-0.829839246623792
0.0178421407144996
-0.238640488131955
-0.425449714472502
0.166172582330992
0.657237748219569
0.244800671845286
0.237710455317337
-0.240673060708646
-0.00135111661429822
-0.252001328061079
0.253352444675378
0.417419598534054
-0.0034111769435
0.242777763997914
-0.00187014087374322
0.00142366262489037
0.00778303163500619
-0.00531364553878081
0.414115438555005
0.652733016115766
-0.403309199331991
-0.416361723328768
0.000794391598433175
-0.000794391598433186
0.24597544159885
-0.00249547718405626
-0.242175462392602
-0.256380475633473
0.434001487302594
-0.169314766709719
0.834044154088029
-0.5849444104634
-0.411008103239532
0.00687456373273153
0.650666394111024
-0.40718642969623
0.171561051483482
-0.171561051483482
0.178430320325714
-0.169314766709719
-0.0
-0.242175462392602
0.000426281397476496
0.000996739660453628
-0.00026545726887189
0.169314766709719
-0.165017287386712
-0.249098151168294
-0.244800671845286
0.244800671845286
0.2475772099923
-0.00117181940917652
-0.0190418792182909
0.433798883809221
0.233397756147643
-0.0060641141112007
0.00828011732217186
0.415474385809559
-0.40165883655172
0.240886772905718
0.416361723328768
-0.409666520970803
-0.00960996700181006
0.0106035777942708
0.248117450349951
-0.00210532782530228
-0.249926021464217
-0.158012446135342
-0.246470194211947
0.230049084997681
-0.0584880335141991
0.0733220403397342
0.233866030698689
