-0.222504033627935
-0.0966420699044664
-0.661613579642087
-0.415653062733414
-0.491576302914685
-0.49541945319339
0.915646665216354
-0.42085816687753
0.0036084819500139
0.50164994870713
-0.00485543649786513
-0.00646010722177384
0.180955530697979
-0.167141052120609
-0.000291973767242683
0.251685949535585
-0.00275317824143231
0.00964860285450855
0.500696439347576
-0.500696439347576
0.491078904100676
-0.491078904100676
0.660611287038358
-0.165066090978804
-0.501547267875571
0.501421525009407
0.415737116148414
-0.410428551252483
-0.247425881297971
0.487802089055284
0.00481271374993819
-0.000229558052416637
0.248367405237239
0.163216590369131
-0.66283000933986
-0.421578150418228
0.503324690754882
-0.00572288202840551
-0.234201794016225
0.0122125896200135
-0.409180331186754
0.406475164043875
-0.652689181783085
0.0205585619788856
0.407788557712723
-0.42364200934682
-0.235927260196865
0.240011454957752
0.00516823896793322
0.00411646420243322
0.410721219327036
0.489601343690573
0.343122102966964
-0.0
0.488370446884753
-0.0808311366328731
0.0887572357966581
0.249938849494682
-0.00280153899233977
0.424321014962965
0.0675990372570344
-0.232714746852312
-0.499899826881379
-0.493911937855532
0.239353104016269
0.010075699938512
0.00968143416472471
0.494221990606523
-0.494221990606523
0.263664455901974
0.240102233464608
-0.00360863280371783
0.00130290332771223
0.00530425248554506
-0.248307938007987
-0.0
0.245851228372905
0.669049067536506
-0.428582496848111
-0.40970488821827
-0.499128512401726
0.497115657011861
0.169233892810445
-0.436247772076356
0.017324103552021
-0.263836411881633
0.504013983425311
-0.172018308973999
0.249722936411068
0.495619015282797
0.253432091136308
-0.00488100068667321
-0.499940002364812
0.419020941825983
-0.35300052526808
-0.479722921389456
0.500216458482887
-0.254673336481841
0.226618527263838
-0.242147955338289
-0.0
-0.001126630429144
0.917497014999258
-0.415290416852692
-0.39625715129476
-0.263550745819514
0.15727992648766
-0.164924551645507
0.173640629171599
0.905963067019341
-0.413736513876084
-0.00262520945268448
0.505060452659346
-0.501942727168021
0.499645882819957
-0.908594318509159
0.41946036755601
-0.40796831728576
0.647075152870343
-0.414054425816851
0.00560657401288482
-0.244669336954034
0.0135530852266049
-0.505078443442977
-0.395008719378978
0.239999346499483
0.421687410872354
-0.410096184656573
-0.00618634008550044
0.410535816389835
-0.510894467314095
0.517488712464809
-0.517891437795906
0.269342054661885
-0.421487072947699
-0.509682726705506
0.0196834452542159
0.499006939397114
-0.00346174333755986
-0.0140011803361198
0.419954044220642
0.00965216172351594
0.248073902614298
0.0168074973882351
0.227128684532542
0.0260103610858929
0.511151426709044
-0.499128512401726
0.494661856774179
-0.257296350182041
-0.919855131670193
0.00288005641144957
-0.501886995808563
0.248714570784855
0.00510526235335458
-0.245881510967646
0.664348562121716
-0.258159852546944
0.265261904514586
1.13761055901099
-2.06522640536699
0.671563341118153
0.00791255476321392
-0.00335904889417566
0.492733343598715
0.00865502326647738
0.424099719380047
-0.427476323663722
0.418225494426005
-0.403996722204223
-0.0171311255937589
-0.234470666903514
0.404924585748651
-0.656193429302626
-0.496296546048538
-0.0
-0.00257477323265757
0.00499707070146978
0.41873700114378
-1.24124510801441
-0.00600207181601745
-0.247425881297971
0.247743580417824
-0.26742702567204
0.0132446012477769
-0.00687456373273152
-0.256096450541616
0.423367872283826
-0.00944467996884855
-0.00644375228185182
-0.22544525528619
0.243470120636654
0.00613712255021311
-0.674264056042269
0.664257318411333
0.00529452378480779
-0.249206625788385
0.67036490403324
0.263964881206077
-0.00329824480780168
-0.253692674252398
0.511628370782072
-0.421962026058184
0.486523315136106
0.00902188092344795
-0.0124453995437129
0.0124453995437129
0.494913149892087
0.00685538843241263
-0.0164343545758161
0.180281113050347
-0.41068166781753
0.246121379275779
-0.512017370557134
0.659466267649169
-0.246550601120306
0.00359346864540606
-0.00765852631735217
0.670975508369179
0.0048025624822619
-0.0104947802226499
-0.504352930538178
0.512411966631324
-0.00805903609314569
-0.490503208896349
0.235531046451975
-0.00252331543305051
0.00464788651869619
0.245597142561812
-0.00782654507314884
0.176466554754459
-0.165295735922414
-0.0114028644900967
-0.0149508765592332
0.0200884254882622
-0.0820620334386927
0.460203175258897
0.845739123446307
-0.000676820249637328
-0.497060995568916
0.502339731394859
0.4103664497104
0.901492803367704
-0.499412746916749
0.495962944629917
0.499554406050172
-0.494897747023827
-0.245961193045462
0.666785681170257
0.422625065964309
-0.0121683243723398
0.40645463588726
0.48989342601434
-0.244672503558578
0.00109370857771494
0.162088436890934
0.659947346738081
-0.914880975719581
-0.00882241307688807
-1.09273911266381
0.00707468614698958
0.441123674094018
0.00398956892341131
-0.25283687143258
-0.248813077274549
-0.00269221249400674
0.251406783278861
0.651471081677889
0.620037778450116
0.294695580593105
-0.906341991698263
0.500576647131016
-0.50080253547884
0.497516045188822
-0.253522920134383
-0.243767236706616
0.00223942899256521
0.65741365693887
0.248825711707957
0.672909377868719
-0.223703746258645
-0.262756131778569
0.503570616520498
-0.019606915991276
-0.66107509688701
0.248895744575042
-0.0031370432199813
0.255626528215694
-0.252489484995713
-0.0031370432199813
0.900373284698312
0.182312448196514
-0.17527064572163
-0.242364333315821
0.655382153281629
-0.396593299633791
-0.506860585769436
-0.488924523440935
0.668851208324481
-0.176107303401453
-0.00230280123083717
0.235882284088156
-0.488569628295894
-0.00730923605482582
0.507164281449899
-0.669558589509787
0.01546009147422
-0.242666046932661
-0.0970442956126082
0.243348439944012
-0.345306111095418
0.360338903687952
0.64889204178913
-0.905026989551913
0.499403550531499
0.241855045486989
0.020883272160019
-0.0113962629943824
-0.0066702513738762
-0.00392851036201071
0.509036250095431
0.166314352963078
-0.667607737062259
0.408666388327732
-0.474828941766493
0.892509056652509
-0.391096684761447
-0.0938730616391822
0.237604698035411
-0.00247256681203599
0.244280164585635
-0.239391230556343
-0.248276793871002
0.230369263623339
0.0135319055522747
0.00506393981377541
0.0109622841707142
-0.233830939639141
-0.00124347126222182
-0.251246013733491
0.900412160710361
-0.64916614697687
-0.251246013733491
0.416361723328768
-0.421267226599745
-0.405399361028913
-0.0
-0.0
0.489149848826998
-0.422911075153271
0.0207261928450987
-0.506166191904212
0.686670827984668
-0.00402343518569805
-0.492377881837587
0.405530725799614
-0.149565860480325
-0.25933370188968
-0.0083913673449588
0.496340564118692
-0.236703183040243
1.08324597124854
-0.842947095440274
0.168147825170046
0.917323367079912
0.00290299485319959
-0.0174945708124284
-0.404306072654303
0.49370228170372
0.167460113470335
-0.00451702041165038
0.00745789028613929
0.239815348371183
-0.407372792741284
-0.429752573377025
0.165906515090715
0.00780522385293961
-0.251472295771764
-0.496171689215693
0.649405820301631
-0.243845098962255
-0.0
-0.086377851147949
0.0813483357521914
-0.489149848826999
0.2549336289815
0.247387360635396
-0.246332992639798
0.502682133203176
0.342064227761678
-0.606488116129346
-0.500216458482887
0.216541697417955
-0.471475326399455
-0.0959139362007908
0.00279924211542039
-0.259964775501985
-0.00444306379522808
0.665076294113623
-0.243833135614427
0.249191909990581
-0.0903671705235554
-0.155049825256167
0.225275582394013
-0.653655609366966
0.225251399938747
0.0131268403903549
-0.260737329911935
0.502803481032928
-0.492053977614531
-0.494465738873055
-0.594874328276256
0.0080845899173485
0.00672127917508786
0.928144272449536
-0.664530138591805
0.396189961752172
-0.24764127572358
-0.0927339167066259
-0.00158956676136286
0.242024028610791
0.669342804766834
-0.916591587344607
0.160986522457701
0.0754583426633063
0.906186168341803
-0.498193113619053
0.503825992786494
0.00227022245837329
-0.171433037523465
-0.422123170155086
-0.00270288866286566
-0.244743743261514
-0.256134947762783
-0.26124476155609
-0.405399361028913
-0.00956301627904091
0.749280003920381
0.406566803609899
-0.402815237596277
0.26071691843699
0.00120131878128291
-0.00989555331220393
0.229758575867351
-0.0705986092890169
-0.00831519367301126
0.237355116419208
-0.494104236564006
0.489219084078192
0.587989777853572
-0.414934982863199
0.497227842325032
0.914688579796157
0.918944665106925
-0.918944665106925
-0.00994218964109765
-0.0823289122578628
0.247887680000534
0.251391446185691
-0.0887544155383805
0.0807077419330758
-0.16424821965347
0.413004989952262
-0.831418944635344
0.413074625929086
-0.492918951433697
-0.411896716253504
0.665839835981053
-0.176477952979888
0.512017370557134
-0.660611287038358
0.240011615892131
-0.25469622515749
-0.00494608819068717
-0.489601343690573
0.497413707791509
0.416238172378258
0.4167917439807
0.672610017703627
-0.854829270609667
-0.231693824395902
0.00166496653018134
0.234686192422959
-0.242193940106489
0.663363024530287
-0.412336323860572
-0.427577245520916
-1.09039161895678
0.512233052101215
-0.245423970758808
-0.251838773012945
0.912130020710785
0.248906177402383
-0.24412721259785
-0.24745568244209
0.224960929408259
0.00777753409201465
0.246121379275779
-0.246121379275779
1.14689264846788
-0.00607138659670097
0.0105363936719654
0.497660379783718
0.589996695855318
-0.688529682035952
0.0948989826122971
-0.00495757584947904
-0.239080973872365
-0.171711257762671
-0.237993630455598
0.411770109666835
-0.919704604890994
0.506327471948559
0.413129887293913
-0.244451555462988
-0.283153227789216
0.426780854099643
-0.437659574250949
-0.216367085989561
0.239169497114803
-0.241585864332059
0.0128646658584442
-0.498885227213301
-0.021098317037145
-0.23303143746888
0.251675235578018
0.420696319838087
-0.0113137024716468
-0.432800063459255
0.0159710869066409
0.416585133370149
-0.00904004034026377
-0.161428094347268
-0.439647404308804
-0.230602982008985
0.164687070460109
-0.00468538930719656
0.00423389444362238
-0.00642306886915735
0.244800671845286
0.176189330442451
-0.161625953559293
-0.413294143511407
-0.497163419435363
0.0748090848859299
0.248805173972513
-0.242188938405406
0.500981675824217
-0.420451018326899
0.422242943229123
-0.255626528215694
0.764406349784933
-0.100986061736947
-0.663643114445767
0.666115681257803
0.65637585193085
0.286798721293338
0.00943143703934301
-0.00546170557472295
-0.491704756568264
-0.00687456373273152
0.496475907423304
-0.492447989606
0.252489484995713
-0.00223047861191266
0.503650527611528
0.276289376615275
-0.275364312896278
-0.493128604992083
0.492070729786798
0.0169347409090384
0.417021685687753
-0.484262112900077
-0.497660379783718
0.00812346616992639
0.00219982760458839
-0.00895330454364582
0.404425873155496
-0.77100304251432
0.412224699559076
0.077366920214448
-0.0110411353783898
0.91365152726628
0.434436092794045
-0.435455822667247
0.160784148281724
-0.398520510633475
-0.250947793114532
0.582735620163998
-0.583862250593142
-0.248861196064394
0.492349117309868
0.409301573988
-0.901650691297868
0.496456477500188
0.414690185298397
-0.0133911744714983
0.0100002804076807
-0.0049370013601985
-0.65669738809879
1.07908761110607
-0.825344902420662
-0.00054065803435227
-0.498072612091647
1.14039677267754
0.248650037908845
0.00313704321998128
0.52116455178143
-0.01954482491809
-0.247712989644274
0.0105504152780092
0.499168629044466
0.485908721458534
-0.225105664944384
-0.0106574556678595
-0.411583995606369
-0.406518237285257
0.403695630015019
-0.164082112817984
0.414019754339674
-0.912658649263289
0.0100451439844098
-0.264990923176385
-0.251501887698033
-0.171181789820431
-0.249272601816236
0.491918462928088
0.41697430644225
0.00698107545971828
-0.412726520175635
0.245694908325929
-0.181158891342316
-0.486675127758216
0.160650702520013
-0.169161069922778
-0.414221774105801
0.248072835830379
0.40970488821827
0.356642290260309
0.151206145019306
0.253771220037007
-0.164138991155814
-0.00832081680284745
-0.255617146791971
0.267589901550765
0.648158333580202
-0.00679810681563109
-0.896293855746071
-0.239360216138032
0.245910843538151
0.672804601820784
-0.473115591043358
0.50164994870713
-0.0223195414196505
-0.39474862962464
0.235663117463075
0.254845210974671
-0.492096285844817
-0.33689640676073
0.000644124156701507
-0.241059140361039
0.242501489454552
0.00973262181274858
-0.253346875387713
-0.00154645437680163
0.490428275571715
-0.0
0.24863670987924
-0.253981638880244
0.00534492900100414
-0.413247832867802
-0.0
-0.42297985673711
-0.413438398271403
0.157973479730942
-0.157223704900327
-0.248175656128587
0.00750779677062232
0.000451494863574151
-0.0
-0.0075979512247562
-0.478586110621378
0.500948374639793
-0.0111212309271739
-0.420363745309141
0.247036208604132
0.000503872007033256
0.00919047420489761
0.00518176221397973
-0.0739020248781726
0.911023580102947
-0.837783959741142
0.409569133933023
0.169761291483711
-0.663787604626739
-0.248714570784855
-0.254735769769475
0.510896217936161
0.00302569028626193
0.158637706454529
0.237933199460363
-0.239407844164818
0.492418674085101
-0.0711514474853555
-1.09888742674678
-0.00772906991990078
0.239047509342323
0.00151493454735569
-0.50055049207049
0.492096391749545
0.484917088236847
0.18649289303684
-0.500073648254658
-0.00542281157999374
0.409694339619693
0.000115421781474397
-0.268811361317528
0.838944036444458
-0.843145386326386
0.00684115733313432
-0.0
0.250088316669041
-0.496794512209264
0.909408999985966
-0.426434880571529
-0.241918635187981
-0.171842340074073
-0.494762583476645
0.254837456801871
-0.169758037607008
0.0103916902206448
-0.424308798327447
-0.000539002685407665
-0.250960855558617
0.498066647115328
-0.244564219273474
-0.661257890797407
0.486670799643707
0.180936937418551
0.508473846708755
-0.520819242405146
-0.670430093181791
0.487534765780813
-0.346823056063629
0.176929618745953
-0.411583995606369
0.255835494187276
0.245162494931722
0.263568682006656
-0.277747522628145
-0.333838219444235
-0.00196658704954111
-0.172607445256679
0.167741991318324
-0.160038762434628
0.0797436011539612
0.397084167355902
-0.0879583291415694
-0.158178135707977
0.642051404204642
-0.246488080929766
-0.0
-0.0
-0.0
-0.00534492900100413
0.00534492900100414
0.253718580545527
0.242702675876195
0.158543935128129
-0.675659391805396
0.520065442399577
0.0073098884715044
0.220288959405874
-0.476359226737302
0.488527163370921
0.00759720126974801
0.513383620680471
0.00364600832150133
-0.495324000321771
0.499341736977405
0.00482077343396375
0.0013590788103252
-0.500935619608069
0.00466810875136683
-0.657888846024626
-0.0137069646533958
-0.0604368753943046
0.498539637504845
-0.496012973388477
0.253840601610011
0.236675963607493
0.00574954062614802
-0.501789552962085
0.491911344009788
-0.431321512385809
-0.000676820249637328
0.000225325386063161
-0.903722183915729
0.099024619800995
-1.07825481265709
0.644811053781796
-0.493130273298409
0.239906198330744
-0.238355329957082
0.666721568829235
-0.843492987509353
0.492152793176398
-0.000278059937076397
0.34420776231239
0.0560052906361208
-0.154930467737427
0.000359376953853427
0.272030920209354
-0.246669752430191
0.417488353757912
-0.247472495890077
0.415466555169304
0.0834216767732252
-0.00236959490900768
0.162721325605403
-0.41708075502907
-0.243945134215538
0.412841931438251
0.498862067195926
0.413757834933913
-0.487814237770443
0.488462134150601
0.00849694654264036
0.253718580545527
-0.253718580545527
-0.0
0.490070057100763
-0.498245515645243
0.243973805351712
0.669335315048468
-0.00706323073244752
-0.0
-0.40888278466327
-0.250364913910067
0.00556424206478059
0.919573349855119
0.100122552941997
-0.237557642816118
0.844215496927786
-0.612379031565979
0.0174526103592336
-0.497955408399272
0.50284505079764
0.645465621536904
-0.143243455170352
0.0735050776306765
0.00195247538745599
-0.146724635704551
0.394150517002522
-0.520097750787044
0.511074500020417
0.165445967729177
0.00406410538063303
-0.23711185869486
-0.0145431446355702
0.922045657534008
-0.656256499164947
0.00488893402929237
-0.0219176655532728
0.487856483107884
0.421410452573324
-0.654871534886044
-0.0157536683593069
0.660758633243025
-0.00282430159817071
0.00781753841450423
-0.243479964414794
0.401629835457543
-0.908468263749523
-0.0
-0.260283564966533
1.07903562474781
-0.666640405394046
0.2549336289815
-0.0059985630684665
0.243072435637103
0.773944439988686
-0.279155078939538
0.283561049133536
0.25949563395077
0.242012737623996
0.252619025739988
-0.499751761459165
-0.268791220332048
0.0126562725692644
0.483320205626221
0.473519117339006
0.0259567175538985
0.410498851127119
-0.416046494552733
-0.0111054838790723
0.417038543578405
1.16960209423298
0.0889171672483079
0.177148918855863
-1.07884482593331
0.908442536931946
0.416507462868847
-0.00649392080767929
0.241311558175533
-0.247155304746038
-0.417428766999796
0.498171079038005
0.16580422077041
-0.914880975719581
0.497290156840999
-0.510577576993151
0.0132874201521525
-0.001126630429144
0.489601343690573
-0.489601343690573
0.00543471451915581
-0.0
0.493387074343432
0.00390308249756637
-0.0960961853281546
0.678955356442663
0.0181139877744311
0.168098647407488
0.17118212680456
-0.15844920955067
0.00269145773143656
0.250866488214252
0.157380748600694
-0.237793222921048
0.00902744494637011
0.151680780483387
0.493906870879929
0.00402343518569803
-0.0
0.48972931936618
0.176110516614873
0.242989186592682
0.397084167355902
0.0925171763346706
-0.834667112875358
-0.170021212866255
0.170021212866255
-0.176290680501539
-0.240071042827229
-0.00358078233571541
0.676077453427267
-0.425614157057589
-0.259959796336879
0.507612346478944
0.586902953266363
0.652881563817196
-0.411599860349281
-0.246920553900273
-0.0214765683410331
0.0190742691623406
-0.00537828905539143
-0.397084167355902
-0.832723446657536
-0.165200657066274
0.169704439403558
0.416174884664448
-0.430351772023113
-0.224071462201747
-0.421521323071622
0.839958838750168
-0.850516227131265
-0.00195781364821722
0.00495781889459846
0.243661862936041
-0.404495426054345
-0.656769632124236
-0.0
0.664584331846492
-0.424970814649457
0.246081496804402
-0.00368014606397687
-0.414129920743078
0.00467968074463305
0.410212362121888
-0.413965827840227
0.0055191268619107
0.25637359114233
0.405399361028913
0.0232480144178456
0.402907712961937
-0.412642322351057
-0.255298321449137
0.244863792524644
-0.488578433484178
0.910373617356076
-0.406550320102591
-0.0126904680713446
0.666581520848087
0.243200059618234
0.00744780679738819
-0.239613517197035
-0.000908131289347087
-0.250011005277666
1.08089458137877
0.434143998359772
-0.592635448894051
-0.24389880663951
1.07129842229659
-0.00257325784214179
0.00257325784214178
-0.000451494863574153
-0.0102108148704593
0.410846677288725
0.00543998611330257
0.243511982358402
0.58792277481225
-0.180843096046665
-0.0114421803048442
-0.00135723629649188
0.00069468481387702
-0.014334461866976
0.239866642302461
-0.00320627847117478
-0.241723967529028
0.242175462392602
-0.4198560078877
-0.252883179390667
0.261632732987017
-0.000790261962153575
-0.00793577163765787
-0.250566829737561
-0.41575104174637
0.172006979203726
-0.0113902102342556
0.00805694511032976
0.260025187830532
0.40970488821827
-0.42816792209803
0.433114533740865
-0.170541229937595
0.000884389017361954
-0.422145012784257
-0.00677713184626849
0.423001710404767
0.00817545854448013
0.656088451550348
-0.411287779705062
0.00352892960783652
-0.505153187605727
0.678372464129624
0.249371791242376
1.95980533457551
-0.0
0.183296175908509
-0.00884346477944603
0.250354528147525
1.40904193510917
-0.167674262370182
0.407120059724195
-0.415797636256569
-0.255252744695518
0.00986475549691984
0.00731002836815247
-0.00964860285450855
0.58792277481225
-0.00163372636275647
0.17821788659398
0.661162395174054
-0.416361723328768
-0.431565880995611
0.244800671845286
-0.246252552125175
0.661162395174054
-0.912183656806262
0.504372603191001
-0.0031370432199813
-0.657461104840893
0.255590673419816
0.000794391598433175
-0.500077169453731
0.499282777855297
0.000676820249637311
-0.00404191289958483
0.00665683511049847
0.00118802157068908
-0.00118802157068907
-0.00687456373273152
0.601242680433186
0.23936481396567
0.243254639028731
0.00307911942832986
-0.256205296062034
0.253802996883341
-0.0
-0.00433219558897519
-0.00665719647577134
0.490151358764685
-0.0
-0.23875455016459
-0.84225061536869
0.233466395927789
0.250364913910067
-0.489601343690573
0.167830669361893
-0.397084167355902
0.00506051308360622
-0.00506051308360623
-0.0055642420647806
-0.433797066163995
0.00845612654576705
-0.419470592576032
0.418154425044195
-0.00135111661429822
0.164904216372983
0.0109753034404437
-0.00402343518569805
-0.252376676302825
0.241440322431482
0.0039974267571861
0.237305990570003
-0.648286106523175
0.0982423044781671
0.00556424206478059
-0.23711185869486
-0.01525061367978
0.00511765654356604
-0.00129261265676948
-0.251424818140333
0.401797688894124
-0.405018316832723
0.00672651905422639
0.00923977196238431
0.40957207673198
0.00275478360760063
-0.00752618101056375
-0.00253144294863609
0.00263827586093014
-0.40366335760907
-0.247908858168174
0.00211347328747343
-0.0137065718766999
-0.00472260125666544
-0.00133723134032203
0.00824459652349327
0.236663921523047
0.00839136734495879
0.411825263894763
0.412330097670954
0.416361723328768
0.000937265614134757
0.00375918082384763
-0.0113873298254635
-0.00680006319145594
0.171561051483482
-0.00168734945715111
0.415408869996108
-0.0079658849628728
0.829738886027639
-0.410722462179403
-0.243312643698053
-0.427938850526223
-0.420182203625763
-0.251691658502563
1.09730178296201
-0.432004049136806
0.40809157352292
0.419787440539831
0.265582712738844
-0.023131912166076
-0.00888550666049026
0.236556075321793
0.0145431446355702
-0.243487368502096
-0.492356127298173
0.252489484995713
-0.0119323477847144
0.0167359025455757
-0.422216913210148
-0.00428214317004886
-0.00484278511609684
-0.0
0.242175462392602
-0.245834106983956
-0.180228524490389
-0.418926640077343
0.010814413083254
-0.251534633593051
0.254041190640042
-0.00113968641769126
-0.416088700768935
0.177335433051136
-0.432636662728232
-0.242594682640849
-0.0
-0.00578328945548926
-1.46118722031475
-0.495165585755353
-1.6099787630655
-0.0128392101053519
-0.411650948881088
0.726234125235063
-0.316558135578087
-0.417798381124831
0.170751424505782
-0.165657359042805
-0.00989865808772122
0.420356688975812
-0.656290900947607
0.0233145157936647
-0.00547286590997587
0.0023135652020574
0.411929284826666
0.00796136810993856
-0.00221220964480716
0.000901865205776055
-0.249050026125333
0.175760108597924
-0.0
-0.0876282101673428
-0.160790249203547
0.834897142191138
-0.426842361446071
-0.432165165446358
0.010197933842473
0.00556424206478059
-0.399636009532836
-0.239129322327217
-0.0
-0.236193653194007
0.229840882788245
-0.40970488821827
-0.0149597890570409
1.23598787590093
0.40583104163993
-0.423782100306696
-0.0732396203618045
0.238874141638525
-0.00108603088575207
0.0063917493819523
-0.233316598094774
-0.494570418177868
0.00601826196157584
0.00185115961039585
-0.0264404627520416
0.0232110028824264
-0.0234292225441258
0.0118894007246796
-0.00366589552133149
0.424238947924642
0.00817545854448013
0.164138434567919
-0.423085848328969
0.414390277525466
0.00525346669438559
0.24584555083016
-0.247166258260652
0.229840882788245
0.010689808856874
-0.0882471961345037
0.0925171763346706
-0.251258238819445
0.671828178783829
-0.00246938609622537
0.245949350511019
-0.237413199344036
0.0109226193935992
-0.0113460940576806
-0.0
-0.0
0.00712157884987055
0.000131501518680931
0.0056714814278243
-0.011705640911749
0.00590265796524377
-0.235088597069835
0.420098939259308
-0.00727336712128976
-0.436060936773778
-0.238355329957082
-0.0
-0.00644534188820445
-0.00836972689845597
-0.400846928152192
-0.243133651181627
-0.0132679169006674
0.235232302718281
0.00647512359168833
0.00234728948519973
-0.00741727125894525
-0.426854733835138
0.0108006697026335
0.0107758931148469
0.15951387640605
0.00404191289958483
-0.0143812957284464
-0.227794166664155
0.243101677418896
-0.00474842639934323
-0.176584112193932
0.835843408723317
0.00195079933741605
-0.471438229434943
-0.411674376202584
0.0248315899979378
-0.00226720247924482
0.259305670459923
-0.00092621502629376
-0.000385951913972196
0.411017055158536
-0.403189823572545
-0.51262558454331
-0.0
-0.492070729786798
0.480348909961752
0.425402663835295
0.0147515868476056
0.405399361028913
0.427324085628623
-0.663408679947817
0.659827617998774
-0.00132070743049241
-0.162738638406594
0.00793577163765788
-0.00365406973849308
-0.0
-0.248165353721991
-0.671911514350362
0.14767378229962
0.0927560731896247
0.0162344946376258
0.420902763137459
0.415658573782413
-0.398293686441675
0.389721797896543
-0.399127393603084
0.40970488821827
-0.410156383081844
0.674338805738264
-0.0
-0.00953278634462094
0.0134625837578513
-0.250889096510753
0.4156993188124
-0.00362592994192596
-0.0192775559728661
0.173541386296422
0.0688290700250687
0.416862972632533
0.263366013162382
0.406061765545281
0.830364919067766
0.410655360257327
-0.0029147646438446
0.411303390726877
-0.476679876648411
0.252489484995713
0.910769843512462
-0.847234688014407
-1.07489890905014
-0.00107495674680832
-0.000342700644441224
-0.00724364137569367
-0.242274296568209
-0.0
-0.239911737815994
0.225507104293593
0.00848954500744794
0.25880397923004
1.06776516703854
-1.32232479034811
-0.25557398497986
0.00021553210788269
-0.254659793486401
0.00889237186934387
0.0145431446355702
-0.0055642420647806
0.239014957339529
-0.41224230603303
0.00219002034273814
-0.0860464132248712
-0.162217174155352
0.643503324172913
0.481205665925632
0.412175047478808
-0.409693458927197
0.0122342803149233
0.00683059349063025
-0.261635759711408
0.259270173296042
0.179384141101053
-0.00236266569776704
-0.00880491719184067
0.23941798164149
-0.670228592678966
0.00637686334276002
0.0046400460021054
0.177003579860145
-0.179708370688767
-0.411081768384019
0.397084167355902
-0.397084167355902
0.401525691112762
-0.408086061680321
0.001161152364739
0.668445097663637
-0.832723446657536
-0.404396749019425
0.0028012911365263
-0.00966896497184679
-0.235736618386163
0.00776938804371377
0.408629370026856
0.250106807620684
0.00110325905954826
0.000413784159779516
0.0820807085331252
0.00105656105295084
-0.24365146989817
-0.247139246331642
0.489601343690573
-0.0132538133391818
-0.00253470143104583
-0.507041038116261
0.924723468875521
-0.435866197572795
0.0126660737873671
0.0100588989311676
-0.00145188027988838
0.669727068756261
-0.496794512209264
0.0649488494892865
0.0164729286713158
0.0084138032305512
0.243334883638204
0.0139462603817333
-0.0102529707446188
0.0183851693519281
-0.0
0.40970488821827
0.241006452896672
-0.00341584354701019
-0.667426651046371
-0.902963639575757
0.492485543724316
-0.24768487187903
0.244800671845286
0.0866144663154137
