0.588312968532535
0.98789460270765
0.925821307928796
0.314801812029078
1.25515816010883
1.26497100382045
-1.57540243111341
0.312042465354944
-0.00921365724570217
-1.28087953569887
0.0123975478578823
0.0073827065189017
0.32147746668954
-0.33661327987382
0.00157688523511767
-0.62362937844013
0.0103429142817574
-0.0246360992885118
-1.27844490846748
1.27844490846748
-1.25884555280887
1.25884555280887
-0.928297635605746
-0.336994431666316
1.26956519223862
-1.26924412878701
-0.295980572207759
0.299736066678881
0.631760750247485
-1.24883446655979
-0.00897532993620866
0.00794031110461979
-0.634164774705749
0.345802359996503
0.929877236442093
0.300139047836496
-1.26732839812828
-0.00869272949038641
0.621300402324343
0.000552339105278604
0.286717372933953
-0.287464932009603
0.918124018185162
-0.0370410676213971
-0.282756933394289
0.306198725465095
0.619438292137582
-0.61282924832546
-0.0131962368314562
-0.0113420841463042
-0.289413617166745
-1.25011543088993
0.657264918729915
0.0
-1.2547880627003
0.964643850023252
-0.977066301566889
-0.640584197055992
0.00549257581255055
-0.302091807371081
-0.967217657860207
0.622128092207368
1.27765718247644
1.25991904247855
-0.602520622060587
-0.0209980146074372
-0.00689261630141294
-1.27537264909857
1.27537264909857
-0.652645745682785
-0.610160246780557
0.00921404242549286
-0.00332674649675857
-0.0135435246797584
0.628236409779983
0.0
-0.629814704337682
-0.945756565037528
0.309626360240619
0.291685977847282
1.27444146833241
-1.27589560035062
0.341168093957112
0.310582962617716
-0.00761620647169397
0.64344409061744
-1.2632911127393
-0.337858502090942
-0.619010497263903
-1.26464917347265
-0.63725449827273
0.0120468728303102
1.26911389997325
-0.298318464508744
-0.663019560475436
1.25587007263545
-1.27721935732631
0.635211697853211
-0.595691726433732
0.62316913605393
0.0
0.000802095136883744
-1.56845449546431
0.313875856213634
0.268331272472337
0.651945536481455
0.34945803618321
-0.329116618616664
0.322911279922153
-1.54654068696994
0.289722221277486
0.00670303480252105
-1.28177216746897
1.27955252881015
-1.27368791957476
1.56950466709396
-0.298631309992018
0.279130382730624
-0.901759064162855
0.297341698303619
0.00429994805945645
0.6247223736893
-0.0263837174246799
1.28222490553819
0.26755934263481
-0.6075033306315
-0.312085233796196
0.284321643422372
0.00716815149069118
-0.289979770028063
1.27621985291454
-1.28321505110405
1.28350176804442
-0.65668786476345
0.300074205991023
1.26514496330946
-0.0140134646705038
-1.2741310519273
0.00883898465523617
0.0108958386855871
-0.288965633838538
-0.0164233594134595
-0.629820004455821
-0.0232071982740796
-0.604437740642836
-0.0316646734912285
-1.28300108189122
1.27444146833241
-1.26303660763007
0.636385849077887
1.56221771261468
-0.00735374403723458
1.28148479596453
-0.635051204070662
0.0114319082983778
0.613958810952206
-0.915759670746151
0.631238384925399
-0.653508581029874
-2.13387765977486
3.71692454496215
-0.945309201068774
-0.0117222661153858
0.00239144684261731
-1.27211314865742
-0.00191315673786342
-0.297402374308698
0.313489031717662
-0.313662062894728
0.292783058453133
0.0177308259742598
0.605683671494712
-0.274966200700698
0.918898004978538
1.26721051424393
0.0
0.00367346498831083
-0.00288984970022813
-0.302089208428775
3.16931250913013
0.0042731249665539
0.631760750247485
-0.648023735964869
0.662037200635373
-0.0094293833860654
0.00489428830926465
0.64952101370298
-0.301413225390764
-0.00610279819986904
0.0202759031430986
0.596255718633886
-0.606671443865158
-0.0101205399540602
0.950799588861381
-0.933470878964311
-0.00692506128354102
0.6313501668412
-0.948244453327533
-0.654738316930964
0.0160119782675374
0.638595323312368
-1.28776497627916
0.305018878034237
-1.2537107402235
-0.0115813270485599
0.00886039839894236
-0.00886039839894237
-1.27432754377765
-0.00685479074423517
0.0217763826810417
0.318331411312852
0.290144007861898
-0.628429921750822
1.28716501682001
-0.911042533646858
0.616867103772204
-0.00024152452091371
0.00545242393240843
-0.932848098364436
-0.0122625428713754
0.0267966721684993
1.26061770010413
-1.2811951055953
0.0205774054911653
1.25075750630079
-0.63032668185421
-0.0168622895305262
0.00119160234683914
-0.624254141715704
0.0183595455917403
0.325140027227643
-0.355279199484075
0.012984989601695
0.0279635374876443
-0.0143017869702213
0.959971218212884
-0.23562584757722
-0.617862046706759
0.0004818565314191
1.26216098785152
-1.27605530891676
-0.284837665265208
-1.54335812004931
1.27103092371367
-1.26232270472622
-1.26487961572825
1.26156434617531
0.628020912909412
-0.939977385182373
-0.295981163380294
0.0153978570689903
-0.295209558233934
-1.26986996046401
0.624730459086235
-0.0122303786844187
0.354035151219998
-0.918380547851786
1.56931108051788
0.00628104340296224
1.24289853231086
-0.00503676379288867
-0.328294205915759
-0.0101866993177769
0.636543858843273
0.644335676855598
0.00191669822955266
-0.636967902300215
-0.912983335718122
-0.034341312039045
-1.52327735001427
1.55164449806388
-1.27813903900786
1.27829985833298
-1.2699083531258
0.63587398050048
0.633873553300204
-0.004471717521695
-0.923875369046426
-0.648794150310898
-0.93129093133614
0.610037935241531
0.654262318211696
-1.27715600398805
0.0310542461236605
0.919260261667703
-0.634315358092421
0.00223339175460838
-0.646923210110328
0.644689818355719
0.00223339175460838
-1.54667758684571
0.311426508769354
-0.324118046415363
0.623794348738208
-0.917367776522252
0.276900304982611
1.27972238995536
1.24963357435851
-0.941115074435727
-0.317024362801071
-0.0123417703385818
-0.603926333891738
1.25325764284926
0.00520374964340835
-1.28150029888549
0.939414254595359
-0.0157817644281154
0.629804974925792
0.982736294348594
-0.638181927575976
-1.35804131726778
1.34062612118087
-0.898374496069382
1.55237239602369
-1.27597511123985
-0.627794640157808
-0.0372722423264702
0.0200655052977415
0.0110101067587895
-0.00322725513991782
-1.28548157626324
0.342029029587055
0.937940077812854
-0.28903434146011
1.2429946616385
-1.54011788574442
0.259844962849246
0.990128710218134
-0.614499517304978
0.00631328726006522
-0.629914011575833
0.617430933354373
0.646191254433372
-0.609949355903342
-0.0242467911117044
0.0107630761448865
-0.0279903655825569
0.606486108661261
0.00317499662287305
0.641514821732846
-1.5486128908477
0.907098069114854
0.641514821732846
-0.296425256080007
0.299917688217321
0.28862069367692
0.0
0.0
-1.24979399288769
0.317284224485668
-0.0242265440859444
1.26409873710075
-0.95830223040673
0.00286445112126725
1.25306856821154
-0.288714217729716
-0.360713114971772
0.634235613580517
0.00597416398943739
-1.27556411555443
0.628075129832146
-1.23251802494906
0.609517119269286
0.334527499251835
-1.55536131712205
-0.00741231352516961
0.0328130370623978
0.281888679344564
-1.26141787149959
0.339934899974617
-0.00865254388479486
-0.00299276727516408
-0.628378235429866
0.293659522649174
0.316531260469002
0.330137990139764
-0.00782011033157775
0.646228885284335
1.26689171313074
-0.915544915771962
0.629211442130627
0.0
0.979014630563293
-0.962136587357295
1.24979399288769
-0.650930532666097
-0.62933122662034
0.628580578120283
-1.2613761524729
0.659966026754077
-0.0214217030530988
1.27721935732631
-0.586524789366358
1.23745532203246
0.979850109983754
-0.0100231341360424
0.65272456171139
0.00316320220972938
-0.93147646015067
0.625075207820032
-0.63627001017595
0.981177001569567
-0.354545605678674
-0.610701184781289
0.906451935177969
-0.598834910312994
-0.00982419666064655
0.645955269611375
-1.27548538438295
1.26783236508508
1.27156880613712
-0.0291137434550965
-0.00598647957405481
-0.00478515864698598
-1.58495510868705
0.930081943051628
-0.272849796765564
0.631914098512208
0.975951788488896
0.0040586937973465
-0.620868809051962
-0.96739926659726
1.5941998940587
0.354819650009747
-0.955269775646269
-1.54669952209559
1.27399912679172
-1.26507658999634
-0.0176530684223825
-0.328959321676199
0.311136150309873
-0.00130019827930652
0.626986925686597
0.653997899954306
0.653186310788035
0.28862069367692
0.00680830967541563
-1.94489676127842
-0.288494538984632
0.289766334420845
-0.655047897355921
-0.00306736728820903
0.007045056642508
-0.599026737894708
0.957358887529586
0.0059199327790536
-0.604068310809221
1.26861423819454
-1.25491591994673
0.0369935398579183
0.288696775317768
-1.27464821974545
-1.5625372456676
-1.57555074400647
1.57555074400647
0.00914020623024401
0.973177825627089
-0.629687424819221
-0.635700834593619
0.973118615824903
-0.975877930822274
-0.343168266557156
-0.275596556109248
0.589519683663351
-0.311696650551068
1.27444496122803
0.293246431535083
-0.945683877801588
-0.305480817209276
-1.28716501682001
0.928297635605746
-0.638069549836757
0.632102772087472
0.0188143365140658
1.25011543088993
-1.27006300056099
-0.296109789319706
-0.296731405696378
-0.934467049730455
0.613422607968978
0.602788034367944
-0.011578413942787
-0.606640798039504
0.625810580458116
-0.925481630906492
0.284122947280127
0.31684039589004
1.23650559645033
-1.28643771930114
0.627052557379009
0.648727175773261
-1.56187615847772
-0.637194937793839
0.624578251751029
0.631836842502136
-0.598867584596365
-0.00361311906158541
-0.628429921750822
0.628429921750822
-0.842661912134619
0.00432247304651182
-0.00750129759143568
-1.27069283638109
0.0269117915549824
0.959625626043971
-0.977258595154466
0.00852205358857259
0.614589710034535
-0.323399811968894
0.615085789816176
-0.284701335863205
1.57070948245223
-1.27776859041157
-0.292309591484774
0.620080768175343
0.711530032712489
-0.323832068488411
0.327940409089204
0.587580493321534
-0.617273072080132
0.623442863041526
-0.026254157378226
1.2738202801513
0.0210807597584227
0.615969827874742
-0.629952003754229
-0.311629215914232
0.00894354497012325
0.316138749223389
-0.0143841498313978
-0.301131986466098
0.0230822363354735
-0.35450527658609
0.329040104908423
0.619783827417314
0.341612322179606
0.00333572383675525
-0.00301428583452059
0.00457285030702998
-0.625057715444964
0.325337394764269
-0.349863785984289
0.291817590147845
1.26364740569122
-0.954807541987079
-0.644330050165634
0.639619676439189
-1.27709864437897
0.300756930377328
-0.308209255503521
0.646923210110328
-1.95586474298035
1.02090588456599
0.935117497809681
-0.941430785069747
-0.920819696918911
1.13967477256075
-0.0110223966492124
-0.00150623906389813
1.27093793906899
0.00489428830926465
-1.25500971919919
1.27323275927868
-0.644689818355719
0.00569515538908366
-1.2603621881643
-0.706290253840426
0.703928257811255
1.25457459774832
-1.25187348972416
-0.0711698103655432
-0.298521684382426
1.26784383592634
1.27069283638109
-0.00578343398241797
-0.00156614891447907
0.0102329834009535
-0.284225036822718
1.96000013169228
-0.2934799365138
-0.977058988282452
0.00786064423930945
-1.55396238470926
-0.346295487272116
0.347240578579156
0.345966212682896
0.274951091752604
0.640753365085771
0.0454517381534856
-0.0446496430166019
0.637500155176616
-1.26208883053634
-0.301370695669233
1.56345952620558
-1.27298609589809
-0.295011865815432
0.0222279563352682
-0.0215935646250946
0.0206295012724809
0.918304146980048
-1.22190034538528
0.570285663540575
-0.00803408994786759
1.2745826318328
-2.90440437285044
-0.637349822889029
-0.00223339175460837
-1.29520929114667
0.0258240542029445
0.625976135318235
-0.000476920095556348
-1.27289758182781
-1.24748649929173
0.590165178248258
0.0284583279779228
0.288362414709246
0.275427845129341
-0.292014269730033
-0.319798910846396
-0.314525827349098
1.57107546745781
-0.014637051396767
0.640121728106291
0.642168153255643
-0.347561214448861
0.646900211594017
-1.27285576717708
-0.281557383034507
-0.00989685075401965
0.291992491392208
-0.62812629931524
-0.321348796430143
1.26400293779449
0.348268390197763
-0.318514894296596
0.294901737079882
-0.632221344130631
-0.291685977847282
-1.66505381786802
0.352675548625687
-0.636278261236717
-0.349953335787266
0.0212458189032705
0.637592453393168
-0.659941060356704
-0.900537108338083
-0.00211947778305393
1.55358711878723
0.627015311023802
-0.630793143166487
-0.937124106428732
1.24463981372851
-1.28087953569887
0.0375876015071916
0.269169595399931
-0.60668391092753
-0.648630204129796
1.26144326752891
-0.678118614048309
0.00185823668754413
0.631945546695011
-0.63757894823936
-0.00232252578271682
0.640693697156117
0.00110098529469651
-1.25625311666978
0.0
-0.637340334109519
0.641145611730107
-0.00380527762058727
0.294208347739064
0.0
0.302532012697477
0.298385258173206
0.343140056570565
-0.359710654986313
0.648331348663233
-0.00534511328883868
-0.000321438002234651
0.0
0.00563601328419632
1.25711306954811
-1.27950413216993
0.00901811245994623
0.310780042283656
-0.630765785969216
-0.00788017597162646
-0.0168727213561704
-0.0132307661863616
0.955381514341715
-1.55946186371008
0.605771688900156
-0.299267513825415
0.34306995432635
0.928186006327493
0.635051204070662
0.646289042064296
-1.28079534066094
-0.00772559586425547
0.349372226256137
-0.615450931208588
0.607393632682133
-1.25932822668639
0.959410538469066
1.24953901955187
0.00796517776624308
-0.620736648557133
0.00650054182548618
1.26652771091431
-1.26536576834834
-1.25445869939989
0.313811645534963
1.26758824591272
0.00562441871366615
-0.287424894142275
0.0118145176242301
0.700921115029917
-0.59727920917331
0.588863101119753
0.00653671915711987
0.0
-0.627909534175093
1.26848198784099
-1.55947559255848
0.309244319885367
0.617698915179978
-0.331593467404445
1.27110931813159
-0.634635260445332
-0.336101285550232
-0.014424221123785
0.291777118488258
0.00959808037732547
0.636650427779239
-1.27524539981949
0.612344745305341
0.937972321669957
-1.25166572797151
0.313725650158661
-1.3105610626791
1.31034782175551
0.948951873128641
-1.24864414798426
-0.662072800803526
0.325046076521447
0.288362414709246
-0.651572608076955
-0.625981570392331
-0.67793611906214
0.702282991703671
-0.680969767991282
0.00502135226649498
-0.314949117687301
0.311700312248183
-0.330122932158564
-0.971108131793225
-0.282700760897866
0.983050117707003
-0.354581677457828
-0.896766640004316
0.616707468885694
0.0
0.0
0.0
0.00380527762058726
-0.00380527762058727
-0.647828108992912
-0.619700832403885
0.345623978472266
0.936638026187594
-1.28979430153749
-0.0145282918168107
-0.593448689704038
1.24068781617662
-1.26213817927859
-0.0193981872420899
-1.3108395114708
0.00651141431049046
1.27016043047647
-1.2670671677837
-0.00206309248971572
-0.00347018122903033
1.27905561539927
-0.00332342108916818
0.933310512032639
0.00975855915615507
0.178724000216215
-1.276246891174
1.26399852383405
-0.6456517345597
-0.615364792148142
-0.00362832866175401
1.26857722747488
-1.26975022602024
0.307075753120617
0.0004818565314191
-0.000160418529184438
1.55262349404456
-0.987792722109608
1.21977393334554
-0.899918549172613
1.2591259644886
-0.605151773018284
0.608600609157082
-0.927455568070615
0.610102790789981
-1.25866663409714
0.00644387167539226
0.65698080341912
-0.941420337512056
-0.350909880527342
-0.00091760915550575
-0.703213253128837
0.642809754609979
-0.297227351216891
0.629391837954803
-0.295787948575411
-0.975552068766652
0.00605036566766628
0.331017223437776
0.292436538315514
0.643107365471734
-0.293919369601891
-1.26972513101143
-0.281554834191227
1.26140124625856
-1.25745259820954
-0.0172261130942805
-0.647828108992912
0.647828108992912
0.0
-1.25953403931787
1.26535448883768
-0.626900974408346
-0.943528416899453
0.00907913805725484
0.0
0.305258804598568
0.629019131172033
-0.00396141572706804
-1.57797914330532
-0.990596111396299
0.625416075207053
-0.612351439421408
0.00461227995576711
-0.0271586663006891
1.27225924958051
-1.28129290669284
-0.910307784459689
-0.365439190882571
-0.954367975703108
-0.0184444869058845
-0.362735901252428
-0.269024848995058
1.29070817450292
-1.28069607571455
0.345847112853385
-0.00337559490410903
0.605425612534209
0.0103538705199456
-1.56496156604827
0.913092873795482
-0.0124830782214599
0.0246065415945034
-1.25465987804115
-0.311328236488849
0.917678149005667
0.0180854722382223
-0.91455865640856
-0.000623497353890838
-1.66727442193595e-05
0.621685509139107
-0.294307366784056
1.56519513003708
0.0
0.647949030951631
-1.20870840095928
0.931333867539586
-0.650930532666097
0.0227067790059776
-0.640248674924107
-1.96222106931916
0.700029260746841
-0.703057344454931
-0.649677787666476
-0.617939190066604
-0.640063161384293
1.26097860962865
0.663008427644913
-0.00901052769060666
-1.2519049039648
-1.24037134861765
-0.0345410008859078
-0.281455389058464
0.291073264940401
0.0111538779501554
-0.296907112611426
-2.24377940187666
-0.982841883221047
0.334550774010018
1.22128043391084
-1.56109342700071
-0.288575550851758
0.0112139211146624
-0.62053792944955
0.638687759243957
0.285458752067946
-1.27598449904765
0.353601828282088
1.56931108051788
-1.26974753380068
1.27920740174857
-0.00945986794788611
0.000802095136883744
-1.25011543088993
1.25011543088993
0.00577200084497303
0.0
-1.2597816631569
-0.00996587064378614
0.98412083211287
-0.938984560719686
-0.00823472453901501
0.33830450998842
0.333736270458902
-0.352125442384229
0.00503493471629513
-0.642158201054391
0.344558890366605
0.628832601641
-0.0156413560435166
0.359207415315992
-1.25318071506029
-0.00286445112126724
0.0
-1.26068814445998
0.315004266658396
-0.620820689600226
-0.282700760897866
-0.967414669992062
0.597813339902853
-0.341597133515526
0.341597133515526
-0.337133638325774
0.633558894405781
0.00254930811685846
-0.952972464151172
0.303012449099341
0.65672096899384
-1.27202312592166
0.034811147632114
-0.899166139877827
0.289398413977837
0.622996600343286
0.0217882052947803
-0.0135797668329881
0.000673358796856057
0.282700760897866
0.592850512160014
-0.32862714845687
0.329236718795265
-0.300084484770875
0.314533572607458
0.593878364707668
0.303563611963581
-0.597067230989437
0.602036479424341
-0.00200246998599269
-0.0106149610815786
-0.635609123113273
0.297861794974361
0.910266783204435
0.0
-0.934356606575692
0.322543425999263
-0.629986707476442
0.0114712075088849
0.302984560893961
-0.0119487848346297
-0.292981727881188
0.302565577015348
-0.014092170587412
-0.654607236050083
-0.28862069367692
-0.0391739274776903
-0.290002454854496
0.299186226332999
0.6376040651197
-0.634654237068554
1.25893876188291
-1.54968074149408
0.275509763256267
0.02296521902618
-0.927504284091441
-0.62097081889189
-0.00409021042255521
0.611813180576429
0.0023187618921329
0.616222539169767
-1.20437524850903
-0.321643328989962
1.51319584617614
0.624415640034107
-1.19705453228658
-0.0088814089410887
0.0088814089410887
0.000321438002234652
-0.000643838166370648
-0.290565332045015
-0.0138900978759659
-0.621767261621788
0.03220720328495
-0.317190146329711
0.0234391751112915
-0.00858531032173102
0.00193736460772371
0.0102053005634533
-0.612459493345616
0.00735531881364159
0.618033242640209
-0.618354680642443
0.298912982826157
0.6259779504469
-0.636563093280413
0.00491859154244033
0.0202626702481531
0.624328844631881
0.313988963522384
0.328314984843981
0.0122053966240114
-0.0136108289366071
-0.631062643784671
-0.291685977847282
0.304830580819108
-0.313424915318316
-0.331236403712121
-0.00225813995766419
0.300542620769831
0.00749840274978313
-0.306463481424144
-0.00582044951981676
-0.920785342888522
0.295727627443558
-0.00901053359867593
1.26768557804742
-0.943287119952318
-0.630952781705122
-2.39767802207261
0.0
0.330403926268102
0.00629603098700761
-0.626579797448372
-2.06438371933985
-0.333300307652608
-0.301324318577134
0.314236966837543
0.627664942701311
-0.0142301513160274
-0.0157641497676078
0.0246360992885118
0.03220720328495
0.0144173969912432
0.323893181132232
-0.921482971524972
0.296425256080007
0.303133230538857
-0.625057715444964
0.628764849759613
-0.921482971524972
1.55096938398323
-1.27637683790505
0.00223339175460838
0.911640847823252
-0.632030687745008
-0.00202834654799937
1.25903639373934
-1.25700804719134
-0.000481856531419088
0.0103203509369399
-0.00473927823272498
-0.00758052207529003
0.00758052207528999
0.00489428830926465
0.0108558086878034
-0.630972204422777
-0.621525090609923
-0.00869029499321129
0.637243344463192
-0.6290349060014
0.0
0.00283971254993211
0.00425133418935717
-1.25318048979372
0.0
0.620269252473445
0.617176549602493
-0.596117530935623
-0.629019131172032
1.25011543088993
0.345901137624004
0.282700760897866
-0.0129211767401412
0.0129211767401412
0.00396141572706805
0.329488955876642
-0.010136767537548
0.308499525638452
-0.317248139113422
0.000961916203980771
0.333371737597682
-0.028023608117933
0.00286445112126725
0.630451388627588
-0.622665342708245
-0.00284593463752264
-0.612514918702408
0.900447406329479
1.26680365235617
-0.00396141572706804
0.605425612534209
0.0246822512819406
0.00119056593919228
-0.00247605428345913
0.620222137765778
-0.27149626223963
0.271091962048567
-0.00854740845750476
-0.0182249943963426
-0.29134686585229
-0.00703388081140693
0.00535820179512332
0.00646361766218415
-0.0133300204785765
0.287384760522045
0.615402163881661
-0.00126011171358492
0.0120805917558359
0.0124471283988558
0.0109326898179689
-0.0177380706180193
-0.616832884254463
-0.00597416398943739
-0.272985729246513
-0.298389012649803
-0.296425256080007
0.00230763811189295
0.0082288705622932
0.00810711448831996
0.0129894663198338
0.328632459364957
0.00266408044741481
-0.309220888901345
0.0199236106822065
-1.35563528599523
1.04462581665792
0.625343820349182
0.321088858056692
0.292883938231838
0.631390934018263
-1.23971286254555
0.320119809989838
-0.290537391906473
-0.30153764713417
-0.647902978806185
0.0269501742802254
0.00803148699154342
-0.607319644826945
-0.0103538705199456
0.619288681254581
1.25714931170134
-0.644689818355719
0.0202213123319658
-0.015666356111017
0.314524155811417
-0.0104253726909822
0.0131966235458586
0.0
-0.618354680642443
0.616241877589725
-0.316306459952923
0.298251327165365
-0.0160820431891984
0.625710931960766
-0.630036439728552
0.0189597119086166
0.296963639225255
0.312653037680858
0.316863221651805
0.616280158909638
0.0
0.00411736468982417
1.96673282874882
1.254076846617
2.56238819875792
0.0118142488029683
0.282322510764734
-1.85761045522228
1.58033067367644
0.293092101484848
0.333564837668693
-0.339570263983056
0.00469707526372484
-0.290184526725634
0.913180713013874
-0.0300725838584026
0.0139740509568051
-0.01896650907383
-0.313037535015772
0.00760174533708872
0.0179963270371966
-0.000642075410857885
0.623248968951708
0.313774576785652
0.0
0.974183522793371
-0.341134681039021
-0.598400681422479
0.306940300752829
0.314174526479155
-0.013929496504853
-0.00396141572706804
0.285491498921684
0.614301835343448
0.0
0.618930020306725
-0.614407218404355
0.291685977847282
0.0106504970406098
-1.59497219047644
-0.879726195209597
0.315371951963651
0.953690174809922
-0.618406432030387
0.000773190630603798
-0.00455055265934799
0.598222982019851
1.26529106929868
-0.0153666288752237
-0.00472662753854407
0.0350202789201623
-0.0267743913864113
0.0280874636276214
-0.0084645596772787
-0.0106355368824562
-0.302946056325931
-0.00582044951981676
0.335327033806614
0.308419461709674
-0.295021701684038
-0.00665488499931154
-0.627725639786341
0.631097846092198
-0.614407218404355
-0.0159933322495422
0.972757505200995
-0.967414669992062
0.613233763557642
-0.928625826301173
0.00175805883423156
-0.623443567973339
0.6236276032787
-0.00777626777247127
0.0080777570273916
0.0
0.0
-0.0112931472615337
-0.012192200956368
-0.00881007350088656
0.0230145218706002
-0.00201224741334569
0.61571134514967
-0.290309858072651
0.0185713307163598
0.307210202919738
0.608600609157082
0.0
0.016457106287882
0.0213707026807242
0.276996815065025
0.620385307094091
0.0141073607401572
-0.61103857393286
-0.0212561652501158
0.0149751218471535
0.0095009898318536
0.314609085786992
-0.0089091928685966
-0.0217450713423931
0.327657761794288
-0.0103203509369399
0.00612214476524205
0.612232535877201
-0.620719616342913
-0.0088442189263738
-0.310898216668989
-0.597503682796009
-0.00498104097486899
1.29952760245219
0.301329766581727
-0.0385494846887625
0.0127903444981124
-0.632255914032104
0.00236493570047007
-0.00191532544539916
-0.292135588102353
0.275050846118531
1.28020965755538
0.0
1.25187348972416
-1.2435282378706
-0.314730277154498
-0.0105022692142023
-0.28862069367692
-0.304229818483094
0.923082195233548
-1.65760396084486
0.00337220630585728
-0.334913502767919
-0.0202626702481531
0.00192133801273724
0.0
0.625021232975863
0.939491279705824
-1.19180837728757
0.572294367757263
-0.0263978550109821
-0.28346199949342
-0.315471238625316
0.285789066296874
-0.260139797744773
0.284155418782141
-0.291685977847282
0.292007415849517
-0.953486504645606
0.0
0.0147001303714551
-0.0177327922654626
0.615723012887034
-0.294733916548214
0.00113665711606709
0.0137244951821408
0.315354177621999
-0.950550120285773
-0.305633274555414
-0.635843215676816
-0.290312033208713
-0.586828405047467
-0.301799117711741
0.00207514237633786
-0.292824018375288
1.24091610020631
-0.644689818355719
-1.5588139896157
0.600064650548991
1.21120519280246
0.012990671905189
-0.00977427207438515
0.00918389092555229
0.613456938248613
0.0
0.612574637223505
-0.590450979644549
-0.00702046490410873
-0.655898094645215
-1.19008958220043
1.84296594304994
0.639614132864682
0.0100960651991448
0.629644895196468
-0.0104473487569769
-0.0103538705199456
0.00396141572706805
-0.618506684594183
0.287943512771629
0.000593472725386543
0.966204183251076
-0.351706117724556
-0.892489380386319
-1.24729386736914
-0.302617407772664
0.292368383464071
-0.00871009382493628
-0.00921895519215801
0.638967347294322
-0.632927216647088
0.309073452797753
0.00603267308163185
0.00386648819081078
-0.616391515221643
0.940495705740416
-0.00356597939722237
-0.0028146312441276
0.310599580162779
-0.316352112002009
0.289751512991786
-0.282700760897866
0.282700760897866
-0.27127032571612
0.288414484233662
0.00428264425739302
-0.921297573526131
0.592850512160014
0.282120206330176
-0.00715263003526381
0.0132335483188049
0.613770599358005
0.00191139374759061
-0.290920271641727
-0.621628353630925
-0.000785456085239007
-0.000294590181210393
-0.0458785452883903
-0.00269775255520116
0.619222630474253
0.633929664965869
-1.25011543088993
0.0187871820956218
0.0096697252056902
1.26253147587303
-1.56232893825889
0.321203298576556
-0.0181024174111421
-0.00983482945288815
0.00370713431464834
-0.938394020399727
1.26848198784099
-0.953098571569016
-0.0214833794871697
-0.009626810503338
-0.61680713883574
-0.0270241895775776
-0.00248498565277442
-0.0133218104527441
0.0
-0.291685977847282
-0.616201188612262
0.00582820040483734
0.926425539781944
1.55113998964673
-1.25747975497609
0.632422039531124
-0.625057715444964
-0.971595096824778
