-0.02707921726628
0.167096759569436
-0.412954591458789
0.00193060569959593
-0.245662127814451
0.240601614730844
-0.0
-0.416090397779118
-0.261654623415839
0.00112663042914402
-0.0
-0.426252779152546
0.00268016768217682
0.0124706217233913
-0.428188063932563
0.414438609587412
-0.0
-0.0057306200842047
0.419369870061361
-0.662518260857716
-0.244198370239974
0.665239774313375
-0.649714772644482
0.243349404322329
0.408530946288543
-0.409930776566093
0.175010745906467
-0.0105363936719654
-0.235882763145046
0.650501480088394
-0.507248051033584
-0.508097060663209
1.36758855031704
-0.456391623870204
-0.651355689134389
-0.00285112854703347
-0.656743866323476
-0.0255319657537986
0.0175513564717616
0.253139045618435
-0.501293384099181
0.493702083398285
0.236292936445863
-0.0103837091248208
0.185364713497204
0.508503287582062
-0.409117775697998
0.25495001476502
0.168042293605402
-0.680327659315445
0.499790076411175
-0.16533322160273
0.501583829638179
0.0140076784943901
-0.0899978050763506
0.246574621561888
0.249375210665615
0.438759486013018
0.436179075084765
0.159512807008693
0.425049134624197
0.25239289504338
0.00369560034077208
-0.513751420483175
0.00699638196297663
0.156992262271233
-0.401193971512844
0.50910440598244
0.00625262059668583
-0.673368887882804
-0.67175960955782
-0.14936545545737
0.24458847272287
0.416292336895389
-0.420481440522632
-0.246778522090792
-0.15546032168426
-0.494716468620604
-0.247219658816662
0.252812120450381
0.00592965157769636
-0.24666902967
0.918492282978392
-0.917586383029991
0.413252931589028
-0.175548585657793
0.00314256123245506
-0.247614261567668
0.244800671845286
0.412426969626755
-0.412426969626755
0.00968143416472471
-0.0
-0.414115438555005
0.0090375512330425
0.00891790870024042
-0.401847092511492
0.419175951638612
-0.00446500707526441
0.00210532782530228
-0.167529425825668
-0.00490550327097729
0.000661147350508491
0.00424435592046881
-0.0
0.416361723328768
-0.0
0.00105787520528551
0.41305756334972
-0.424010991867209
0.00989555331220393
0.401193971512844
0.0147515868476056
-0.0
-0.0
-0.0
-0.00246938609622537
-0.00358078233571541
-0.405399361028913
-0.0
-0.0
0.414115438555005
-0.0
0.012022914307318
-0.0029147646438446
-0.00269221249400674
-0.411896716253504
-0.0
-0.0
-0.417644368162842
-0.0
-0.0
-0.00512534961893061
0.00788013322653124
-0.0034713745043923
0.244800671845286
0.00145188027988838
-0.00145188027988838
0.00112663042914402
0.40970488821827
-0.40970488821827
-0.0
-0.0
-0.0
-0.0
-0.0
-0.00335904889417566
-0.0
0.24389880663951
0.000901865205776055
-0.417588933993892
-0.00183980310070318
0.162397668120134
-0.00907645757820131
-0.0
-0.00261287167218899
0.00556424206478059
-0.228596678804259
0.244800671845286
0.0095635812469503
0.406798142081818
0.0122342803149233
0.416361723328768
-0.414115438555005
-0.0
0.414115438555005
-0.0
-0.0
0.420990002287737
-0.414115438555005
-0.0
0.00179925463528882
-0.0
0.00774286599625053
-0.0
-0.40970488821827
-0.655975240525803
0.239613517197035
0.00307294055271888
-0.00221872230150177
-0.0
-0.0
-0.0
-0.0049172737423963
-0.239236429780506
0.661162395174054
-0.0
-0.840682738291733
0.000397937760716979
-0.00661852754763865
0.00622058978692165
-0.0
-0.0
-0.422363795144786
0.00179925463528882
0.401193971512844
-0.401193971512844
0.659622556556827
0.416361723328768
-0.00428164570465081
0.00543998611330257
-0.00346502688919045
-0.00197495922411213
0.401232721428387
-0.00157532445321225
-0.0
-0.00224628477376262
0.242175462392602
-0.0
0.243415761408464
-0.00269221249400674
-0.415242068984149
-0.247258837256627
-0.0
-0.00687456373273152
-0.0132138617555307
0.0158440695677934
-0.0
0.0044250325248088
-0.00721658216100385
0.425436650269875
-0.00135111661429822
-0.00358078233571541
-0.0
-0.00112104264159648
-0.0
0.00197495922411212
0.416361723328768
0.00916203184068088
-0.0
0.249926021464217
-0.00578328945548926
0.00578328945548926
0.00105787520528551
0.0055124703198345
-0.0
-0.0
-0.0
-0.000718405825180473
-0.0
6.76265231851196e-05
-0.652470768512087
0.238355329957082
0.414610391489247
-0.0
0.411896716253504
-0.411896716253504
-0.00534492900100413
-0.00925243372882041
-0.411132619719654
0.829580885425081
0.417386945322914
-0.413345032423329
-0.00404191289958483
-0.0
0.40753931025188
-0.0
-0.419053935822775
-0.403510329373675
0.0148367092331632
-0.00512534961893061
0.40970488821827
-0.0
-0.0
0.179907869442262
-0.0
-0.0
-0.0151677518159238
0.00357332534353789
0.411896716253504
-0.411896716253504
-0.0
0.0147419472483309
0.0141731953799294
-0.0
-0.00600207181601745
0.00953264906037726
-0.00353057724435984
0.173228665649287
0.40970488821827
-0.0
0.244800671845286
-0.000676820249637328
0.0126562725692644
-0.414126186569923
-0.000260577534733291
-0.00688046249508942
0.00490550327097729
-0.0
-0.00157532445321225
-0.0
-0.40970488821827
0.836746881843234
-0.425184136405656
-0.0
-0.239742443902044
0.662978730963543
-0.0
-0.409785595025643
0.00224628477376263
-0.0079592916341965
0.411896716253504
-0.40970488821827
-0.0
0.416361723328768
-0.424321014962965
0.00795929163419649
-0.0
-0.835860489877517
0.00313704321998128
-0.0
0.416361723328768
-0.411896716253504
-0.254867294240257
0.254867294240257
-0.00817545854448015
0.00195486875755849
0.409505030812773
-0.246409356836224
0.243723808479817
0.00313704321998128
0.00643884400643908
0.00171374144909238
-0.00090186520577607
-0.00246938609622537
-0.0
-0.0
0.0190742691623406
-0.00335904889417566
-0.240120915520618
-0.243479964414794
0.243479964414794
-0.0
0.410052285690292
0.00133710157260247
-0.413233817826106
-0.00090186520577607
0.000901865205776055
-0.0
0.656157837852638
0.00793577163765788
0.00196906046175425
-0.0
0.411896716253504
0.173534888414656
0.237344994733648
0.414115438555005
0.00314256123245506
-0.0
0.416361723328768
0.830992689675179
0.415920151439202
-0.411896716253504
-0.0
0.0190516676250425
0.000225888347823548
-0.00643884400643906
-0.0
0.163018950319167
-0.163223898636311
-0.0
0.000530253373251458
0.419053935822775
-0.413472040706716
-0.243225347392074
0.654505560063556
0.0103230324685472
-0.0158572944393565
0.0131650819453498
-0.00145188027988838
0.401193971512844
-0.416623823643957
0.414115438555005
-0.244800671845286
0.244800671845286
-0.0
-0.40753931025188
-0.0148299132418718
0.832723446657536
0.00643884400643908
-0.249751931840623
0.25189188106359
-0.410454074895725
0.416361723328768
0.00665683511049847
-0.0
-0.0
-0.0138692197316263
-0.230598335509807
0.244467555241433
0.0148352061304496
0.414115438555005
-0.411360654947405
-0.0
-0.0
0.428485796495372
0.0143187802450325
0.00743514939096211
0.00468538930719656
-0.0
-0.243479964414794
0.655376680668298
-0.411896716253504
-0.00168995247745272
-0.0198860487475881
-0.00468538930719656
0.00358078233571541
-0.0
0.00220788578102286
0.000926215026293752
-0.00213489609664309
0.0113873298254635
-0.00389674399071517
0.418012182545721
-0.414115438555005
-0.00135111661429822
-0.245645542381184
-0.0
-0.419276487972613
-0.0
-0.0152784376856163
-0.224033010766889
0.240886772905718
0.416361723328768
-0.00446500707526439
-0.0
0.000899621750724046
0.0090375512330425
0.000397937760716979
0.00313704321998128
-0.00169691638612675
0.0182588287774063
0.00724924351818637
0.00118937253924005
-0.0184630338797609
0.00269221249400673
-0.0
0.000444830725974573
0.000676820249637311
-0.0111889176591295
-0.0
0.00246938609622538
0.410159004758583
-0.40994127613635
0.423018558439267
-0.0
0.239613517197035
-0.411896716253504
-0.420531496232878
-0.0090375512330425
0.0090375512330425
-0.238846037151668
-0.0
-0.244800671845286
-0.25766757181043
-0.236749549096294
0.244800671845286
-0.240886772905718
-0.0
0.00166106714582061
0.416361723328768
-0.0
-0.251222830411044
-0.659331577319803
0.242175462392602
-0.0
0.416361723328768
-0.41901073814643
0.00687456373273153
-0.172881758913974
0.00600207181601743
0.411896716253504
-0.00797164057119396
-0.232304281142209
0.651510233450538
0.832723446657536
-0.832325508896819
-0.411896716253504
-0.0
-0.0
0.00288420003374387
-0.230539534036761
0.169445577624683
-0.161919396614119
-0.00335904889417566
-0.00572492449972468
-0.0
0.405399361028913
0.00421829857186014
0.00112663042914402
-0.001126630429144
0.404411071454996
-0.395348669388194
-0.00793577163765787
-0.0
0.670040802513512
-0.414115438555005
0.00762263060791916
0.0117674557155505
-0.416361723328768
0.249832990296069
-0.0158645953370443
0.242175462392602
0.414115438555005
0.250782326217922
-0.244800671845286
0.240335664770022
0.40753931025188
0.414115438555005
-0.00221872230150177
-0.243539106735603
0.257020183041176
0.00806327287810945
0.244800671845286
-0.00335904889417566
-0.0111840957413946
-0.0
-0.0
-0.405399361028913
-0.00335904889417566
0.244800671845286
0.401193971512844
-0.648933675970227
0.247739704457382
-0.0
-0.00792168592765903
0.016411849618722
0.59954877346694
-0.00600207181601745
0.00157532445321226
0.414413873984612
-0.0
-0.242175462392602
0.654072178646106
-0.410182974804411
0.40970488821827
0.00202290784737254
-0.0
0.00582807889855882
0.0052916722459396
0.159972308661042
0.964880727156992
-0.00424435592046879
0.00424435592046881
0.414115438555005
-0.0
0.40970488821827
-0.0
0.000825954817395651
-0.0
-0.0
-0.0031370432199813
-0.245990044384526
-0.405399361028913
-0.0
-0.0
-0.00730923605482582
-0.000530253373251449
-0.0
-0.00219182803523406
-0.00371410254721733
-0.00278354757400245
0.00649765012121979
-0.0162777190973727
0.416361723328768
0.0041259389202128
-0.0
0.0151915271118524
-0.0
-0.40970488821827
-0.00090186520577607
0.000676820249637311
-0.0
-0.00335904889417566
-0.0
-8.75421262671995e-05
8.75421262672368e-05
-0.00534492900100413
-0.0
-0.000451494863574153
-0.007723963680906
0.00817545854448013
-0.0
-0.00508332706791352
0.00468538930719656
0.416361723328768
0.40753931025188
0.416361723328768
-0.0
0.397084167355902
-0.40910708166322
0.00127409283838626
-0.0
0.00882241307688809
0.0149880449519211
-0.0
-0.0
-0.0001328114862892
0.175700838770874
0.00269221249400673
-0.0166168324872918
0.180328988467449
-0.00236558641536584
-0.00358078233571541
-0.00439447141098121
-0.0130772823029162
-0.0
0.00184443056321182
0.00224628477376263
-0.0
0.237228699527938
-0.24391427987957
0.00313704321998128
-0.00378573065285988
-0.414115438555005
-0.0172343297256837
-0.399127393603084
-0.000451494863574153
0.000451494863574151
-0.00968143416472472
0.00654439094474342
-0.0
0.243133057679481
-0.0
0.0115994396432366
0.431321512385809
-0.416361723328768
0.00622058978692165
-0.0
-0.0113873298254635
0.179313122880309
0.00424435592046881
-0.242175462392602
0.242175462392602
-0.00269221249400674
0.00578328945548926
0.434374337686589
-0.0116518804803038
-0.41946036755601
-0.00109391500543492
-0.00988919999357253
-0.0
-0.0
-0.240544504382617
0.242937158392941
0.000493480661583339
0.00179925463528882
-0.00622058978692168
-0.0
0.401193971512844
0.00774286599625053
-0.243479964414794
0.239929177618839
0.834969731431299
-1.07752411850282
0.232566391530363
0.00535971658219178
0.00687456373273153
-0.244800671845286
0.241227578753146
-0.414115438555005
-0.000676820249637328
0.000676820249637311
-0.0
-0.0
0.000132811486289203
-0.00868960159059886
-0.0
-0.0
-0.0
-0.414115438555005
0.00358078233571541
-0.0
-0.0
-0.417072543929453
-0.00468538930719656
-0.00800981383601256
-0.418608008102531
-0.0
-0.00217712827784172
-0.237734747691932
0.655975240525803
-0.0
-0.0
-0.244800671845286
0.244800671845286
0.416361723328768
0.000662404516368134
-0.000662404516368142
0.00185815303162564
-0.00185815303162562
-0.0
-0.411896716253504
-0.0150898231531695
-0.0
-0.0
0.000794391598433175
-0.0079592916341965
-0.00989555331220393
-0.0
-0.0
0.0042877863230095
0.0182248141593195
-0.411896716253504
-0.00090186520577607
-0.40753931025188
-0.00202290784737255
0.433372864033199
-0.714643001859443
-0.172881758913974
0.172881758913974
-0.172881758913974
-0.0
-0.242175462392602
-0.00210532782530228
-0.0
-0.0
-0.0173426883179054
0.0090375512330425
-0.00643884400643906
0.00643884400643908
-0.00899886490234995
-0.244800671845286
-0.0
-0.416361723328768
0.41946036755601
0.239613517197035
0.171561051483482
0.00113139662321778
-0.0
0.411896716253504
0.00490550327097729
-0.0
-0.249701643403166
-0.0
-0.416759661089485
-0.00190716861428728
0.418268891943055
-0.417038543578405
-0.00402343518569805
0.0136904840868422
-0.244574783497463
0.658916110400292
0.0180543928043386
0.000530253373251458
-0.0071870884837499
-0.0
-0.0
-0.00752618101056375
-0.0
-0.0
-0.0
-0.0130772823029163
-0.428384637636086
0.414115438555005
-0.655002211460723
-0.0
-0.00895350218517344
0.416361723328768
-0.405399361028913
0.419053935822775
0.00795929163419649
-0.0
0.403284441025852
-0.414115438555005
0.414115438555005
0.00899368810642787
-0.0
0.000132811486289203
-0.0
-0.0120251905834688
-0.0
0.00179925463528882
-0.0
-0.0
-0.411896716253504
0.00531364553878081
-0.240886772905718
0.83364966168383
-0.01784972543793
-0.243479964414794
-0.233798530250069
0.243479964414794
-0.0
0.413063937112445
0.0149597890570409
-0.0
0.00543998611330257
-0.00118937253924005
0.00132070743049241
0.410576008823011
-0.40970488821827
0.408936837509095
-0.0
-0.0
-0.411896716253504
-0.416016496378635
-0.242961185538448
0.652480326692492
0.0145431446355702
-0.0
0.00275338799834179
0.00634533873903577
0.411896716253504
-0.00132070743049241
0.00249547718405624
-0.0100061402987139
0.183712876895509
-0.0
-0.0
0.00184443056321182
-0.0058990163377699
-0.241670476508786
0.00730923605482582
0.0090375512330425
0.416361723328768
-0.0
-0.00305052896246395
-0.0
-0.0
-0.0
-0.0132874201521525
0.00303510922886576
-0.40549808780677
9.87267778564084e-05
-0.263972465152585
0.667256906178437
-0.00687456373273152
-0.0
-0.0
-0.0
-0.000225888347823553
0.23937664193845
0.000200415402850257
-0.0180543928043386
-0.0
0.00396945791021367
-0.0
-0.00145188027988838
0.411868834182677
-0.408705753922546
-0.0
-0.0
-0.0
0.00446500707526441
-0.0101094192140327
0.0101094192140327
-0.412925542039477
0.00492770159731701
0.416090397779118
0.00486947317262347
-0.00727359333870408
0.411896716253504
-0.832723446657536
-0.0
-0.237642347215565
0.233449826686105
-0.0
-0.00285459089906941
-0.00739336952427454
-0.0149597890570409
0.40970488821827
-0.0
0.00132070743049241
-0.00132070743049241
0.411896716253504
-0.0
-0.238469958920501
0.238469958920501
-0.0
-0.0
-0.0
0.00795929163419649
0.411896716253504
-0.411896716253504
0.417345385331375
-0.0159349261568106
0.424321014962965
-0.101563928359862
-0.314797794968906
0.00224628477376263
-0.416361723328768
-0.261623571134273
0.261623571134273
-0.409141932645903
-0.0
0.414115438555005
-0.412926066015765
-0.00118937253924005
-0.245071150329057
0.242824865555294
0.00224628477376263
-0.0107252418855705
0.0107252418855705
-0.0
-0.230384446695014
-0.414115438555005
-0.0001328114862892
-0.0066320594271671
-0.0
0.243302092821746
-0.0
-0.00989555331220393
-0.0
-0.246816602648597
0.244800671845286
0.415173313760291
0.412573536503141
0.00441055033673584
-0.00925243372882041
-0.415690763008218
0.408024570481598
-0.0
0.0029147646438446
0.00861227522765185
0.0124453995437129
0.00224628477376263
-0.416361723328768
-0.00730923605482582
-0.0
0.00171374144909238
-0.658916110400292
0.23686333772002
0.00402343518569803
-0.0
-0.0
-0.00128001355698532
0.00128001355698533
0.414115438555005
0.00687456373273153
-0.0
-0.00239140979647536
-0.0
0.000220382231932157
0.416019953910912
-0.418160977964057
-0.428596003643691
0.0122342803149233
-0.229532916880194
0.839543359388686
0.246751471182702
-0.244158279673626
0.231916476755619
0.00446500707526441
-0.243931459278368
-0.0
-0.0
-0.246419818313071
-0.0
0.000780778889472662
